"number","behaviour_event","value","type_event","fps","time","depth","x","y","z","behaviour","type","location","place","raw","date"
1,"1.sitting",1,"1.Resting","00:00:00.04","2016-08-09 16:21:33",0.75,0.968,-0.032,0.228,"sitting","Resting","land","land","sitting",2016-08-09 16:21:33
1,"1.sitting",1,"1.Resting","00:00:00.00","2016-08-09 16:21:33",0.75,0.968,-0.032,0.244,"sitting","Resting","land","land","",2016-08-09 16:21:33
1,"1.sitting",1,"1.Resting","25041","2016-08-09 16:21:33",0.78,0.972,-0.04,0.248,"sitting","Resting","land","land","",2016-08-09 16:21:33
1,"1.sitting",1,"1.Resting","25042","2016-08-09 16:21:33",0.78,0.964,-0.044,0.248,"sitting","Resting","land","land","",2016-08-09 16:21:33
1,"1.sitting",1,"1.Resting","25043","2016-08-09 16:21:33",0.78,0.948,-0.016,0.252,"sitting","Resting","land","land","",2016-08-09 16:21:33
1,"1.sitting",1,"1.Resting","25044","2016-08-09 16:21:33",0.75,0.94,-0.012,0.248,"sitting","Resting","land","land","",2016-08-09 16:21:33
1,"1.sitting",1,"1.Resting","25045","2016-08-09 16:21:33",0.78,0.94,-0.016,0.264,"sitting","Resting","land","land","",2016-08-09 16:21:33
1,"1.sitting",1,"1.Resting","25046","2016-08-09 16:21:33",0.75,0.948,-0.028,0.28,"sitting","Resting","land","land","",2016-08-09 16:21:33
1,"1.sitting",1,"1.Resting","25047","2016-08-09 16:21:33",0.75,0.956,-0.04,0.276,"sitting","Resting","land","land","",2016-08-09 16:21:33
1,"1.sitting",1,"1.Resting","25048","2016-08-09 16:21:33",0.78,0.952,-0.056,0.272,"sitting","Resting","land","land","",2016-08-09 16:21:33
1,"1.sitting",1,"1.Resting","25049","2016-08-09 16:21:33",0.78,0.956,-0.048,0.26,"sitting","Resting","land","land","",2016-08-09 16:21:33
1,"1.sitting",1,"1.Resting","25050","2016-08-09 16:21:33",0.78,0.952,-0.06,0.252,"sitting","Resting","land","land","",2016-08-09 16:21:33
1,"1.sitting",1,"1.Resting","25051","2016-08-09 16:21:33",0.78,0.944,-0.056,0.248,"sitting","Resting","land","land","",2016-08-09 16:21:33
1,"1.sitting",1,"1.Resting","25052","2016-08-09 16:21:33",0.78,0.944,-0.036,0.26,"sitting","Resting","land","land","",2016-08-09 16:21:33
1,"1.sitting",1,"1.Resting","25053","2016-08-09 16:21:33",0.78,0.956,-0.032,0.248,"sitting","Resting","land","land","",2016-08-09 16:21:33
1,"1.sitting",1,"1.Resting","25054","2016-08-09 16:21:33",0.78,0.964,-0.036,0.24,"sitting","Resting","land","land","",2016-08-09 16:21:33
1,"1.sitting",1,"1.Resting","25055","2016-08-09 16:21:33",0.75,0.948,-0.036,0.24,"sitting","Resting","land","land","",2016-08-09 16:21:33
1,"1.sitting",1,"1.Resting","25056","2016-08-09 16:21:34",0.75,0.952,-0.036,0.224,"sitting","Resting","land","land","",2016-08-09 16:21:34
1,"1.sitting",1,"1.Resting","25057","2016-08-09 16:21:34",0.75,0.964,-0.04,0.216,"sitting","Resting","land","land","",2016-08-09 16:21:34
1,"1.sitting",1,"1.Resting","25058","2016-08-09 16:21:34",0.75,0.976,-0.056,0.224,"sitting","Resting","land","land","",2016-08-09 16:21:34
1,"1.sitting",1,"1.Resting","25059","2016-08-09 16:21:34",0.75,0.992,-0.048,0.244,"sitting","Resting","land","land","",2016-08-09 16:21:34
1,"1.sitting",1,"1.Resting","25060","2016-08-09 16:21:34",0.78,1.004,-0.036,0.228,"sitting","Resting","land","land","",2016-08-09 16:21:34
1,"1.sitting",1,"1.Resting","25061","2016-08-09 16:21:34",0.75,1.012,-0.056,0.208,"sitting","Resting","land","land","",2016-08-09 16:21:34
1,"1.sitting",1,"1.Resting","25062","2016-08-09 16:21:34",0.78,0.988,-0.104,0.188,"sitting","Resting","land","land","",2016-08-09 16:21:34
1,"1.sitting",1,"1.Resting","25063","2016-08-09 16:21:34",0.75,0.96,-0.156,0.168,"sitting","Resting","land","land","",2016-08-09 16:21:34
1,"1.sitting",1,"1.Resting","25064","2016-08-09 16:21:34",0.78,0.932,-0.184,0.172,"sitting","Resting","land","land","",2016-08-09 16:21:34
1,"1.sitting",1,"1.Resting","25065","2016-08-09 16:21:34",0.78,0.94,-0.22,0.176,"sitting","Resting","land","land","",2016-08-09 16:21:34
1,"1.sitting",1,"1.Resting","25066","2016-08-09 16:21:34",0.75,0.96,-0.22,0.172,"sitting","Resting","land","land","",2016-08-09 16:21:34
1,"1.sitting",1,"1.Resting","25067","2016-08-09 16:21:34",0.78,0.964,-0.212,0.188,"sitting","Resting","land","land","",2016-08-09 16:21:34
1,"1.sitting",1,"1.Resting","25068","2016-08-09 16:21:34",0.75,0.968,-0.184,0.196,"sitting","Resting","land","land","",2016-08-09 16:21:34
1,"1.sitting",1,"1.Resting","25069","2016-08-09 16:21:34",0.75,0.976,-0.148,0.184,"sitting","Resting","land","land","",2016-08-09 16:21:34
1,"1.sitting",1,"1.Resting","25070","2016-08-09 16:21:34",0.78,0.992,-0.116,0.18,"sitting","Resting","land","land","",2016-08-09 16:21:34
1,"1.sitting",1,"1.Resting","25071","2016-08-09 16:21:34",0.75,1.004,-0.108,0.164,"sitting","Resting","land","land","",2016-08-09 16:21:34
1,"1.sitting",1,"1.Resting","25072","2016-08-09 16:21:34",0.75,1.008,-0.084,0.184,"sitting","Resting","land","land","",2016-08-09 16:21:34
1,"1.sitting",1,"1.Resting","25073","2016-08-09 16:21:34",0.75,0.988,-0.052,0.228,"sitting","Resting","land","land","",2016-08-09 16:21:34
1,"1.sitting",1,"1.Resting","25074","2016-08-09 16:21:34",0.75,0.98,-0.04,0.248,"sitting","Resting","land","land","",2016-08-09 16:21:34
1,"1.sitting",1,"1.Resting","25075","2016-08-09 16:21:34",0.75,0.968,-0.024,0.232,"sitting","Resting","land","land","",2016-08-09 16:21:34
1,"1.sitting",1,"1.Resting","25076","2016-08-09 16:21:34",0.75,0.928,0,0.256,"sitting","Resting","land","land","",2016-08-09 16:21:34
1,"1.sitting",1,"1.Resting","25077","2016-08-09 16:21:34",0.75,0.908,0.008,0.272,"sitting","Resting","land","land","",2016-08-09 16:21:34
1,"1.sitting",1,"1.Resting","25078","2016-08-09 16:21:34",0.78,0.924,0.008,0.288,"sitting","Resting","land","land","",2016-08-09 16:21:34
1,"1.sitting",1,"1.Resting","25079","2016-08-09 16:21:34",0.78,0.948,0.016,0.3,"sitting","Resting","land","land","",2016-08-09 16:21:34
1,"1.sitting",1,"1.Resting","25080","2016-08-09 16:21:35",0.75,0.944,0.036,0.312,"sitting","Resting","land","land","",2016-08-09 16:21:35
1,"1.sitting",1,"1.Resting","25081","2016-08-09 16:21:35",0.78,0.928,0.06,0.32,"sitting","Resting","land","land","",2016-08-09 16:21:35
1,"1.sitting",1,"1.Resting","25082","2016-08-09 16:21:35",0.75,0.928,0.084,0.328,"sitting","Resting","land","land","",2016-08-09 16:21:35
1,"1.sitting",1,"1.Resting","25083","2016-08-09 16:21:35",0.78,0.94,0.1,0.336,"sitting","Resting","land","land","",2016-08-09 16:21:35
1,"1.sitting",1,"1.Resting","25084","2016-08-09 16:21:35",0.75,0.944,0.112,0.34,"sitting","Resting","land","land","",2016-08-09 16:21:35
1,"1.sitting",1,"1.Resting","25085","2016-08-09 16:21:35",0.78,0.936,0.116,0.32,"sitting","Resting","land","land","",2016-08-09 16:21:35
1,"1.sitting",1,"1.Resting","25086","2016-08-09 16:21:35",0.75,0.92,0.124,0.304,"sitting","Resting","land","land","",2016-08-09 16:21:35
1,"1.sitting",1,"1.Resting","25087","2016-08-09 16:21:35",0.78,0.912,0.124,0.312,"sitting","Resting","land","land","",2016-08-09 16:21:35
1,"1.sitting",1,"1.Resting","25088","2016-08-09 16:21:35",0.75,0.916,0.152,0.324,"sitting","Resting","land","land","",2016-08-09 16:21:35
1,"1.sitting",1,"1.Resting","25089","2016-08-09 16:21:35",0.75,0.932,0.152,0.332,"sitting","Resting","land","land","",2016-08-09 16:21:35
1,"1.sitting",1,"1.Resting","25090","2016-08-09 16:21:35",0.75,0.936,0.16,0.328,"sitting","Resting","land","land","",2016-08-09 16:21:35
1,"1.sitting",1,"1.Resting","25091","2016-08-09 16:21:35",0.78,0.936,0.16,0.328,"sitting","Resting","land","land","",2016-08-09 16:21:35
1,"1.sitting",1,"1.Resting","25092","2016-08-09 16:21:35",0.75,0.916,0.152,0.328,"sitting","Resting","land","land","",2016-08-09 16:21:35
1,"1.sitting",1,"1.Resting","25093","2016-08-09 16:21:35",0.75,0.912,0.148,0.34,"sitting","Resting","land","land","",2016-08-09 16:21:35
1,"1.sitting",1,"1.Resting","25094","2016-08-09 16:21:35",0.78,0.916,0.156,0.344,"sitting","Resting","land","land","",2016-08-09 16:21:35
1,"1.sitting",1,"1.Resting","25095","2016-08-09 16:21:35",0.75,0.924,0.172,0.352,"sitting","Resting","land","land","",2016-08-09 16:21:35
1,"1.sitting",1,"1.Resting","25096","2016-08-09 16:21:35",0.78,0.92,0.176,0.364,"sitting","Resting","land","land","",2016-08-09 16:21:35
1,"1.sitting",1,"1.Resting","25097","2016-08-09 16:21:35",0.75,0.9,0.18,0.364,"sitting","Resting","land","land","",2016-08-09 16:21:35
1,"1.sitting",1,"1.Resting","25098","2016-08-09 16:21:35",0.78,0.9,0.176,0.364,"sitting","Resting","land","land","",2016-08-09 16:21:35
1,"1.sitting",1,"1.Resting","25099","2016-08-09 16:21:35",0.75,0.892,0.164,0.364,"sitting","Resting","land","land","",2016-08-09 16:21:35
1,"1.sitting",1,"1.Resting","25100","2016-08-09 16:21:35",0.78,0.88,0.168,0.376,"sitting","Resting","land","land","",2016-08-09 16:21:35
1,"1.sitting",1,"1.Resting","25101","2016-08-09 16:21:35",0.78,0.876,0.16,0.364,"sitting","Resting","land","land","",2016-08-09 16:21:35
1,"1.sitting",1,"1.Resting","25102","2016-08-09 16:21:35",0.78,0.876,0.148,0.368,"sitting","Resting","land","land","",2016-08-09 16:21:35
1,"1.sitting",1,"1.Resting","25103","2016-08-09 16:21:35",0.78,0.884,0.128,0.388,"sitting","Resting","land","land","",2016-08-09 16:21:35
1,"1.sitting",1,"1.Resting","25104","2016-08-09 16:21:36",0.78,0.892,0.124,0.4,"sitting","Resting","land","land","",2016-08-09 16:21:36
1,"1.sitting",1,"1.Resting","25105","2016-08-09 16:21:36",0.78,0.9,0.14,0.412,"sitting","Resting","land","land","",2016-08-09 16:21:36
1,"1.sitting",1,"1.Resting","25106","2016-08-09 16:21:36",0.78,0.904,0.164,0.4,"sitting","Resting","land","land","",2016-08-09 16:21:36
1,"1.sitting",1,"1.Resting","25107","2016-08-09 16:21:36",0.75,0.916,0.148,0.38,"sitting","Resting","land","land","",2016-08-09 16:21:36
1,"1.sitting",1,"1.Resting","25108","2016-08-09 16:21:36",0.78,0.928,0.156,0.376,"sitting","Resting","land","land","",2016-08-09 16:21:36
1,"1.sitting",1,"1.Resting","25109","2016-08-09 16:21:36",0.78,0.932,0.16,0.356,"sitting","Resting","land","land","",2016-08-09 16:21:36
1,"1.sitting",1,"1.Resting","25110","2016-08-09 16:21:36",0.78,0.936,0.184,0.344,"sitting","Resting","land","land","",2016-08-09 16:21:36
1,"1.sitting",1,"1.Resting","25111","2016-08-09 16:21:36",0.75,0.928,0.176,0.336,"sitting","Resting","land","land","",2016-08-09 16:21:36
1,"1.sitting",1,"1.Resting","25112","2016-08-09 16:21:36",0.75,0.904,0.18,0.32,"sitting","Resting","land","land","",2016-08-09 16:21:36
1,"1.sitting",1,"1.Resting","25113","2016-08-09 16:21:36",0.78,0.9,0.208,0.336,"sitting","Resting","land","land","",2016-08-09 16:21:36
1,"1.sitting",1,"1.Resting","25114","2016-08-09 16:21:36",0.78,0.916,0.212,0.344,"sitting","Resting","land","land","",2016-08-09 16:21:36
1,"1.sitting",1,"1.Resting","25115","2016-08-09 16:21:36",0.78,0.92,0.196,0.348,"sitting","Resting","land","land","",2016-08-09 16:21:36
1,"1.sitting",1,"1.Resting","25116","2016-08-09 16:21:36",0.78,0.9,0.192,0.36,"sitting","Resting","land","land","",2016-08-09 16:21:36
1,"1.sitting",1,"1.Resting","25117","2016-08-09 16:21:36",0.78,0.916,0.184,0.368,"sitting","Resting","land","land","",2016-08-09 16:21:36
1,"1.sitting",1,"1.Resting","25118","2016-08-09 16:21:36",0.78,0.908,0.196,0.372,"sitting","Resting","land","land","",2016-08-09 16:21:36
1,"1.sitting",1,"1.Resting","25119","2016-08-09 16:21:36",0.78,0.9,0.216,0.364,"sitting","Resting","land","land","",2016-08-09 16:21:36
1,"1.sitting",1,"1.Resting","25120","2016-08-09 16:21:36",0.75,0.9,0.224,0.364,"sitting","Resting","land","land","",2016-08-09 16:21:36
1,"1.sitting",1,"1.Resting","25121","2016-08-09 16:21:36",0.78,0.892,0.248,0.38,"sitting","Resting","land","land","",2016-08-09 16:21:36
1,"1.sitting",1,"1.Resting","25122","2016-08-09 16:21:36",0.78,0.892,0.264,0.36,"sitting","Resting","land","land","",2016-08-09 16:21:36
1,"1.sitting",1,"1.Resting","25123","2016-08-09 16:21:36",0.78,0.88,0.264,0.364,"sitting","Resting","land","land","",2016-08-09 16:21:36
1,"1.sitting",1,"1.Resting","25124","2016-08-09 16:21:36",0.78,0.86,0.296,0.36,"sitting","Resting","land","land","",2016-08-09 16:21:36
1,"1.sitting",1,"1.Resting","25125","2016-08-09 16:21:36",0.75,0.856,0.292,0.352,"sitting","Resting","land","land","",2016-08-09 16:21:36
1,"1.sitting",1,"1.Resting","25126","2016-08-09 16:21:36",0.75,0.86,0.328,0.36,"sitting","Resting","land","land","",2016-08-09 16:21:36
1,"1.sitting",1,"1.Resting","25127","2016-08-09 16:21:37",0.78,0.88,0.328,0.352,"sitting","Resting","land","land","",2016-08-09 16:21:37
1,"1.sitting",1,"1.Resting","25128","2016-08-09 16:21:37",0.78,0.88,0.32,0.336,"sitting","Resting","land","land","",2016-08-09 16:21:37
1,"1.sitting",1,"1.Resting","25129","2016-08-09 16:21:37",0.75,0.884,0.328,0.344,"sitting","Resting","land","land","",2016-08-09 16:21:37
1,"1.sitting",1,"1.Resting","25130","2016-08-09 16:21:37",0.78,0.872,0.324,0.352,"sitting","Resting","land","land","",2016-08-09 16:21:37
1,"1.sitting",1,"1.Resting","25131","2016-08-09 16:21:37",0.78,0.864,0.348,0.336,"sitting","Resting","land","land","",2016-08-09 16:21:37
1,"1.sitting",1,"1.Resting","25132","2016-08-09 16:21:37",0.78,0.856,0.352,0.356,"sitting","Resting","land","land","",2016-08-09 16:21:37
1,"1.sitting",1,"1.Resting","25133","2016-08-09 16:21:37",0.78,0.824,0.36,0.348,"sitting","Resting","land","land","",2016-08-09 16:21:37
1,"1.sitting",1,"1.Resting","25134","2016-08-09 16:21:37",0.75,0.808,0.352,0.348,"sitting","Resting","land","land","",2016-08-09 16:21:37
1,"1.sitting",1,"1.Resting","25135","2016-08-09 16:21:37",0.78,0.8,0.34,0.344,"sitting","Resting","land","land","",2016-08-09 16:21:37
1,"1.sitting",1,"1.Resting","25136","2016-08-09 16:21:37",0.75,0.824,0.332,0.352,"sitting","Resting","land","land","",2016-08-09 16:21:37
1,"1.sitting",1,"1.Resting","25137","2016-08-09 16:21:37",0.78,0.892,0.344,0.34,"sitting","Resting","land","land","",2016-08-09 16:21:37
1,"1.sitting",1,"1.Resting","25138","2016-08-09 16:21:37",0.75,0.948,0.284,0.308,"sitting","Resting","land","land","",2016-08-09 16:21:37
1,"1.sitting",1,"1.Resting","25139","2016-08-09 16:21:37",0.78,0.968,0.212,0.34,"sitting","Resting","land","land","",2016-08-09 16:21:37
1,"1.sitting",1,"1.Resting","25140","2016-08-09 16:21:37",0.75,0.944,0.148,0.34,"sitting","Resting","land","land","",2016-08-09 16:21:37
1,"1.sitting",1,"1.Resting","25141","2016-08-09 16:21:37",0.75,0.92,0.116,0.32,"sitting","Resting","land","land","",2016-08-09 16:21:37
1,"1.sitting",1,"1.Resting","25142","2016-08-09 16:21:37",0.78,0.904,0.088,0.308,"sitting","Resting","land","land","",2016-08-09 16:21:37
1,"1.sitting",1,"1.Resting","25143","2016-08-09 16:21:37",0.75,0.896,0.084,0.308,"sitting","Resting","land","land","",2016-08-09 16:21:37
1,"1.sitting",1,"1.Resting","25144","2016-08-09 16:21:37",0.78,0.924,0.088,0.296,"sitting","Resting","land","land","",2016-08-09 16:21:37
1,"1.sitting",1,"1.Resting","25145","2016-08-09 16:21:37",0.78,0.928,0.056,0.28,"sitting","Resting","land","land","",2016-08-09 16:21:37
1,"1.sitting",1,"1.Resting","25146","2016-08-09 16:21:37",0.78,0.94,-0.012,0.248,"sitting","Resting","land","land","",2016-08-09 16:21:37
1,"1.sitting",1,"1.Resting","25147","2016-08-09 16:21:37",0.78,0.956,-0.076,0.216,"sitting","Resting","land","land","",2016-08-09 16:21:37
1,"1.sitting",1,"1.Resting","25148","2016-08-09 16:21:37",0.78,0.968,-0.108,0.196,"sitting","Resting","land","land","",2016-08-09 16:21:37
1,"1.sitting",1,"1.Resting","25149","2016-08-09 16:21:37",0.78,0.956,-0.144,0.188,"sitting","Resting","land","land","",2016-08-09 16:21:37
1,"1.sitting",1,"1.Resting","25150","2016-08-09 16:21:37",0.78,0.96,-0.16,0.164,"sitting","Resting","land","land","",2016-08-09 16:21:37
1,"1.sitting",1,"1.Resting","25151","2016-08-09 16:21:38",0.78,0.968,-0.164,0.152,"sitting","Resting","land","land","",2016-08-09 16:21:38
1,"1.sitting",1,"1.Resting","25152","2016-08-09 16:21:38",0.75,0.972,-0.152,0.14,"sitting","Resting","land","land","",2016-08-09 16:21:38
1,"1.sitting",1,"1.Resting","25153","2016-08-09 16:21:38",0.78,0.992,-0.164,0.116,"sitting","Resting","land","land","",2016-08-09 16:21:38
1,"1.sitting",1,"1.Resting","25154","2016-08-09 16:21:38",0.78,1,-0.2,0.092,"sitting","Resting","land","land","",2016-08-09 16:21:38
1,"1.sitting",1,"1.Resting","25155","2016-08-09 16:21:38",0.78,1,-0.248,0.068,"sitting","Resting","land","land","",2016-08-09 16:21:38
1,"1.sitting",1,"1.Resting","25156","2016-08-09 16:21:38",0.75,0.972,-0.272,0.08,"sitting","Resting","land","land","",2016-08-09 16:21:38
1,"1.sitting",1,"1.Resting","25157","2016-08-09 16:21:38",0.75,0.968,-0.296,0.092,"sitting","Resting","land","land","",2016-08-09 16:21:38
1,"1.sitting",1,"1.Resting","25158","2016-08-09 16:21:38",0.78,0.976,-0.304,0.088,"sitting","Resting","land","land","",2016-08-09 16:21:38
1,"1.sitting",1,"1.Resting","25159","2016-08-09 16:21:38",0.75,0.988,-0.3,0.052,"sitting","Resting","land","land","",2016-08-09 16:21:38
1,"1.sitting",1,"1.Resting","25160","2016-08-09 16:21:38",0.75,0.992,-0.264,0.068,"sitting","Resting","land","land","",2016-08-09 16:21:38
1,"1.sitting",1,"1.Resting","25161","2016-08-09 16:21:38",0.78,0.996,-0.252,0.064,"sitting","Resting","land","land","",2016-08-09 16:21:38
1,"1.sitting",1,"1.Resting","25162","2016-08-09 16:21:38",0.78,1.008,-0.224,0.052,"sitting","Resting","land","land","",2016-08-09 16:21:38
1,"1.sitting",1,"1.Resting","25163","2016-08-09 16:21:38",0.78,1.008,-0.208,0.06,"sitting","Resting","land","land","",2016-08-09 16:21:38
1,"1.sitting",1,"1.Resting","25164","2016-08-09 16:21:38",0.75,1.008,-0.192,0.076,"sitting","Resting","land","land","",2016-08-09 16:21:38
1,"1.sitting",1,"1.Resting","25165","2016-08-09 16:21:38",0.75,1.004,-0.184,0.064,"sitting","Resting","land","land","",2016-08-09 16:21:38
1,"1.sitting",1,"1.Resting","25166","2016-08-09 16:21:38",0.75,0.992,-0.216,0.052,"sitting","Resting","land","land","",2016-08-09 16:21:38
1,"1.sitting",1,"1.Resting","25167","2016-08-09 16:21:38",0.78,0.988,-0.22,0.1,"sitting","Resting","land","land","",2016-08-09 16:21:38
1,"1.sitting",1,"1.Resting","25168","2016-08-09 16:21:38",0.78,0.996,-0.176,0.148,"sitting","Resting","land","land","",2016-08-09 16:21:38
1,"1.sitting",1,"1.Resting","25169","2016-08-09 16:21:38",0.75,0.988,-0.088,0.168,"sitting","Resting","land","land","",2016-08-09 16:21:38
1,"1.sitting",1,"1.Resting","25170","2016-08-09 16:21:38",0.78,0.964,-0.064,0.188,"sitting","Resting","land","land","",2016-08-09 16:21:38
1,"1.sitting",1,"1.Resting","25171","2016-08-09 16:21:38",0.75,0.936,-0.036,0.248,"sitting","Resting","land","land","",2016-08-09 16:21:38
1,"1.sitting",1,"1.Resting","25172","2016-08-09 16:21:38",0.75,0.924,-0.008,0.264,"sitting","Resting","land","land","",2016-08-09 16:21:38
1,"1.sitting",1,"1.Resting","25173","2016-08-09 16:21:38",0.75,0.944,0.024,0.264,"sitting","Resting","land","land","",2016-08-09 16:21:38
1,"1.sitting",1,"1.Resting","25174","2016-08-09 16:21:38",0.78,0.952,0.02,0.272,"sitting","Resting","land","land","",2016-08-09 16:21:38
1,"1.sitting",1,"1.Resting","25175","2016-08-09 16:21:39",0.75,0.972,0.02,0.272,"sitting","Resting","land","land","",2016-08-09 16:21:39
1,"1.sitting",1,"1.Resting","25176","2016-08-09 16:21:39",0.75,0.952,0.024,0.288,"sitting","Resting","land","land","",2016-08-09 16:21:39
1,"1.sitting",1,"1.Resting","25177","2016-08-09 16:21:39",0.78,0.936,0.04,0.296,"sitting","Resting","land","land","",2016-08-09 16:21:39
1,"1.sitting",1,"1.Resting","25178","2016-08-09 16:21:39",0.75,0.916,0.048,0.292,"sitting","Resting","land","land","",2016-08-09 16:21:39
1,"1.sitting",1,"1.Resting","25179","2016-08-09 16:21:39",0.75,0.916,0.044,0.276,"sitting","Resting","land","land","",2016-08-09 16:21:39
1,"1.sitting",1,"1.Resting","25180","2016-08-09 16:21:39",0.78,0.936,0.04,0.276,"sitting","Resting","land","land","",2016-08-09 16:21:39
1,"1.sitting",1,"1.Resting","25181","2016-08-09 16:21:39",0.75,0.944,0.02,0.268,"sitting","Resting","land","land","",2016-08-09 16:21:39
1,"1.sitting",1,"1.Resting","25182","2016-08-09 16:21:39",0.78,0.976,0.016,0.264,"sitting","Resting","land","land","",2016-08-09 16:21:39
1,"1.sitting",1,"1.Resting","25183","2016-08-09 16:21:39",0.78,0.992,0.012,0.248,"sitting","Resting","land","land","",2016-08-09 16:21:39
1,"1.sitting",1,"1.Resting","25184","2016-08-09 16:21:39",0.78,0.984,0.02,0.264,"sitting","Resting","land","land","",2016-08-09 16:21:39
1,"1.sitting",1,"1.Resting","25185","2016-08-09 16:21:39",0.75,0.96,0.044,0.248,"sitting","Resting","land","land","",2016-08-09 16:21:39
1,"1.sitting",1,"1.Resting","25186","2016-08-09 16:21:39",0.78,0.928,0.048,0.24,"sitting","Resting","land","land","",2016-08-09 16:21:39
1,"1.sitting",1,"1.Resting","25187","2016-08-09 16:21:39",0.78,0.92,0.028,0.248,"sitting","Resting","land","land","",2016-08-09 16:21:39
1,"1.sitting",1,"1.Resting","25188","2016-08-09 16:21:39",0.75,0.928,0,0.26,"sitting","Resting","land","land","",2016-08-09 16:21:39
1,"1.sitting",1,"1.Resting","25189","2016-08-09 16:21:39",0.78,0.952,-0.028,0.268,"sitting","Resting","land","land","",2016-08-09 16:21:39
1,"1.sitting",1,"1.Resting","25190","2016-08-09 16:21:39",0.78,0.952,-0.012,0.264,"sitting","Resting","land","land","",2016-08-09 16:21:39
1,"1.sitting",1,"1.Resting","25191","2016-08-09 16:21:39",0.78,0.968,-0.016,0.244,"sitting","Resting","land","land","",2016-08-09 16:21:39
1,"1.sitting",1,"1.Resting","25192","2016-08-09 16:21:39",0.75,0.96,-0.012,0.24,"sitting","Resting","land","land","",2016-08-09 16:21:39
1,"1.sitting",1,"1.Resting","25193","2016-08-09 16:21:39",0.78,0.968,-0.012,0.228,"sitting","Resting","land","land","",2016-08-09 16:21:39
1,"1.sitting",1,"1.Resting","25194","2016-08-09 16:21:39",0.75,0.972,0,0.236,"sitting","Resting","land","land","",2016-08-09 16:21:39
1,"1.sitting",1,"1.Resting","25195","2016-08-09 16:21:39",0.78,0.988,-0.004,0.208,"sitting","Resting","land","land","",2016-08-09 16:21:39
1,"1.sitting",1,"1.Resting","25196","2016-08-09 16:21:39",0.78,0.992,-0.004,0.212,"sitting","Resting","land","land","",2016-08-09 16:21:39
1,"1.sitting",1,"1.Resting","25197","2016-08-09 16:21:39",0.78,0.992,0.004,0.224,"sitting","Resting","land","land","",2016-08-09 16:21:39
1,"1.sitting",1,"1.Resting","25198","2016-08-09 16:21:39",0.78,1,0.004,0.24,"sitting","Resting","land","land","",2016-08-09 16:21:39
1,"1.sitting",1,"1.Resting","25199","2016-08-09 16:21:40",0.78,0.988,0.004,0.224,"sitting","Resting","land","land","",2016-08-09 16:21:40
1,"1.sitting",1,"1.Resting","25200","2016-08-09 16:21:40",0.78,0.968,-0.008,0.18,"sitting","Resting","land","land","",2016-08-09 16:21:40
1,"1.sitting",1,"1.Resting","25201","2016-08-09 16:21:40",0.78,0.988,-0.016,0.208,"sitting","Resting","land","land","",2016-08-09 16:21:40
1,"1.sitting",1,"1.Resting","25202","2016-08-09 16:21:40",0.75,0.976,-0.016,0.22,"sitting","Resting","land","land","",2016-08-09 16:21:40
1,"1.sitting",1,"1.Resting","25203","2016-08-09 16:21:40",0.78,0.968,-0.004,0.256,"sitting","Resting","land","land","",2016-08-09 16:21:40
1,"1.sitting",1,"1.Resting","25204","2016-08-09 16:21:40",0.78,0.956,0.012,0.252,"sitting","Resting","land","land","",2016-08-09 16:21:40
1,"1.sitting",1,"1.Resting","25205","2016-08-09 16:21:40",0.78,0.948,0.064,0.236,"sitting","Resting","land","land","",2016-08-09 16:21:40
1,"1.sitting",1,"1.Resting","25206","2016-08-09 16:21:40",0.78,0.952,0.096,0.256,"sitting","Resting","land","land","",2016-08-09 16:21:40
1,"1.sitting",1,"1.Resting","25207","2016-08-09 16:21:40",0.75,0.944,0.132,0.236,"sitting","Resting","land","land","",2016-08-09 16:21:40
1,"1.sitting",1,"1.Resting","25208","2016-08-09 16:21:40",0.78,0.952,0.184,0.268,"sitting","Resting","land","land","",2016-08-09 16:21:40
1,"1.sitting",1,"1.Resting","25209","2016-08-09 16:21:40",0.78,0.988,0.228,0.284,"sitting","Resting","land","land","",2016-08-09 16:21:40
1,"1.sitting",1,"1.Resting","25210","2016-08-09 16:21:40",0.75,0.984,0.232,0.264,"sitting","Resting","land","land","",2016-08-09 16:21:40
1,"1.sitting",1,"1.Resting","25211","2016-08-09 16:21:40",0.78,0.944,0.288,0.268,"sitting","Resting","land","land","",2016-08-09 16:21:40
1,"1.sitting",1,"1.Resting","25212","2016-08-09 16:21:40",0.78,0.924,0.416,0.268,"sitting","Resting","land","land","",2016-08-09 16:21:40
1,"1.sitting",1,"1.Resting","25213","2016-08-09 16:21:40",0.75,0.928,0.516,0.212,"sitting","Resting","land","land","",2016-08-09 16:21:40
1,"1.sitting",1,"1.Resting","25214","2016-08-09 16:21:40",0.78,0.948,0.6,0.276,"sitting","Resting","land","land","",2016-08-09 16:21:40
1,"1.sitting",1,"1.Resting","25215","2016-08-09 16:21:40",0.75,0.976,0.636,0.3,"sitting","Resting","land","land","",2016-08-09 16:21:40
1,"1.sitting",1,"1.Resting","25216","2016-08-09 16:21:40",0.78,0.996,0.688,0.36,"sitting","Resting","land","land","",2016-08-09 16:21:40
1,"1.sitting",1,"1.Resting","25217","2016-08-09 16:21:40",0.78,0.928,0.728,0.204,"sitting","Resting","land","land","",2016-08-09 16:21:40
1,"1.sitting",1,"1.Resting","25218","2016-08-09 16:21:40",0.78,0.772,0.744,0.08,"sitting","Resting","land","land","",2016-08-09 16:21:40
1,"1.sitting",1,"1.Resting","25219","2016-08-09 16:21:40",0.75,0.628,0.704,0.032,"sitting","Resting","land","land","",2016-08-09 16:21:40
1,"1.sitting",1,"1.Resting","25220","2016-08-09 16:21:40",0.78,0.54,0.368,0.112,"sitting","Resting","land","land","",2016-08-09 16:21:40
1,"1.sitting",1,"1.Resting","25221","2016-08-09 16:21:40",0.78,0.544,0.072,0.312,"sitting","Resting","land","land","",2016-08-09 16:21:40
1,"1.sitting",1,"1.Resting","25222","2016-08-09 16:21:40",0.75,0.672,-0.004,0.304,"sitting","Resting","land","land","",2016-08-09 16:21:40
1,"1.sitting",1,"1.Resting","25223","2016-08-09 16:21:41",0.75,0.636,-0.18,0.352,"sitting","Resting","land","land","",2016-08-09 16:21:41
1,"1.sitting",1,"1.Resting","25224","2016-08-09 16:21:41",0.78,0.632,0.036,0.456,"sitting","Resting","land","land","",2016-08-09 16:21:41
1,"1.sitting",1,"1.Resting","25225","2016-08-09 16:21:41",0.78,0.716,0.14,0.504,"sitting","Resting","land","land","",2016-08-09 16:21:41
1,"1.sitting",1,"1.Resting","25226","2016-08-09 16:21:41",0.75,0.708,0.128,0.768,"sitting","Resting","land","land","",2016-08-09 16:21:41
1,"1.sitting",1,"1.Resting","25227","2016-08-09 16:21:41",0.78,0.852,0.128,0.64,"sitting","Resting","land","land","",2016-08-09 16:21:41
1,"1.sitting",1,"1.Resting","25228","2016-08-09 16:21:41",0.78,0.82,0.2,0.552,"sitting","Resting","land","land","",2016-08-09 16:21:41
1,"1.sitting",1,"1.Resting","25229","2016-08-09 16:21:41",0.78,0.388,0.58,0.568,"sitting","Resting","land","land","",2016-08-09 16:21:41
1,"1.sitting",1,"1.Resting","25230","2016-08-09 16:21:41",0.75,0.08,0.968,0.368,"sitting","Resting","land","land","",2016-08-09 16:21:41
1,"1.sitting",1,"1.Resting","25231","2016-08-09 16:21:41",0.75,-0.052,1.28,-0.008,"sitting","Resting","land","land","",2016-08-09 16:21:41
1,"1.sitting",1,"1.Resting","25232","2016-08-09 16:21:41",0.78,-0.124,1.436,0.268,"sitting","Resting","land","land","",2016-08-09 16:21:41
1,"1.sitting",1,"1.Resting","25233","2016-08-09 16:21:41",0.78,0.176,0.736,0.3,"sitting","Resting","land","land","",2016-08-09 16:21:41
1,"1.sitting",1,"1.Resting","25234","2016-08-09 16:21:41",0.78,-0.176,0.18,0.46,"sitting","Resting","land","land","",2016-08-09 16:21:41
1,"1.sitting",1,"1.Resting","25235","2016-08-09 16:21:41",0.78,-0.392,0.212,0.52,"sitting","Resting","land","land","",2016-08-09 16:21:41
1,"1.sitting",1,"1.Resting","25236","2016-08-09 16:21:41",0.78,-0.584,0.088,0.412,"sitting","Resting","land","land","",2016-08-09 16:21:41
1,"1.in",2,"2.Other","25237","2016-08-09 16:21:41",0.75,-0.52,0.016,0.112,"in","Other","water","surface","in",2016-08-09 16:21:41
1,"1.in",2,"2.Other","25238","2016-08-09 16:21:41",0.75,-0.396,0.092,-0.172,"in","Other","water","surface","",2016-08-09 16:21:41
1,"1.in",2,"2.Other","25239","2016-08-09 16:21:41",0.75,-0.464,0.052,-0.308,"in","Other","water","surface","",2016-08-09 16:21:41
1,"1.in",2,"2.Other","25240","2016-08-09 16:21:41",0.75,-0.476,0.232,-0.044,"in","Other","water","surface","",2016-08-09 16:21:41
1,"1.in",2,"2.Other","25241","2016-08-09 16:21:41",0.75,-0.408,0.432,-0.112,"in","Other","water","surface","",2016-08-09 16:21:41
1,"1.in",2,"2.Other","25242","2016-08-09 16:21:41",0.75,-0.308,0.584,-0.088,"in","Other","water","surface","",2016-08-09 16:21:41
1,"1.in",2,"2.Other","25243","2016-08-09 16:21:41",0.75,-0.616,0.408,-0.116,"in","Other","water","surface","",2016-08-09 16:21:41
1,"1.in",2,"2.Other","25244","2016-08-09 16:21:41",0.78,-0.804,0.292,-0.232,"in","Other","water","surface","",2016-08-09 16:21:41
1,"1.in",2,"2.Other","25245","2016-08-09 16:21:41",1,-0.796,0.148,-0.26,"in","Other","water","surface","",2016-08-09 16:21:41
1,"1.in",2,"2.Other","25246","2016-08-09 16:21:41",1.09,-0.8,0.248,-0.036,"in","Other","water","underwater","",2016-08-09 16:21:41
1,"1.in",2,"2.Other","25247","2016-08-09 16:21:42",1.12,-0.832,0.424,0.008,"in","Other","water","underwater","",2016-08-09 16:21:42
1,"1.in",2,"2.Other","25248","2016-08-09 16:21:42",1.21,-0.988,0.64,-0.056,"in","Other","water","underwater","",2016-08-09 16:21:42
1,"1.in",2,"2.Other","25249","2016-08-09 16:21:42",1.28,-1,0.572,0.024,"in","Other","water","underwater","",2016-08-09 16:21:42
1,"1.in",2,"2.Other","25250","2016-08-09 16:21:42",1.37,-1.056,0.484,0.02,"in","Other","water","underwater","",2016-08-09 16:21:42
1,"1.in",2,"2.Other","25251","2016-08-09 16:21:42",1.43,-1.052,0.644,-0.004,"in","Other","water","underwater","",2016-08-09 16:21:42
1,"1.in",2,"2.Other","25252","2016-08-09 16:21:42",1.56,-1.012,0.736,0.028,"in","Other","water","underwater","",2016-08-09 16:21:42
1,"1.in",2,"2.Other","25253","2016-08-09 16:21:42",1.59,-1.004,0.788,0.08,"in","Other","water","underwater","",2016-08-09 16:21:42
1,"1.in",2,"2.Other","25254","2016-08-09 16:21:42",1.68,-0.904,0.768,0.232,"in","Other","water","underwater","",2016-08-09 16:21:42
1,"1.slow",3,"3.Travelling","25255","2016-08-09 16:21:42",1.81,-0.96,0.636,0.18,"slow","Travelling","water","underwater","slow",2016-08-09 16:21:42
1,"1.slow",3,"3.Travelling","25256","2016-08-09 16:21:42",1.87,-0.944,0.52,0.244,"slow","Travelling","water","underwater","",2016-08-09 16:21:42
1,"1.slow",3,"3.Travelling","25257","2016-08-09 16:21:42",1.93,-0.888,0.484,0.3,"slow","Travelling","water","underwater","",2016-08-09 16:21:42
1,"1.slow",3,"3.Travelling","25258","2016-08-09 16:21:42",1.96,-0.908,0.464,0.268,"slow","Travelling","water","underwater","",2016-08-09 16:21:42
1,"1.slow",3,"3.Travelling","25259","2016-08-09 16:21:42",2.06,-0.9,0.472,0.36,"slow","Travelling","water","underwater","",2016-08-09 16:21:42
1,"1.slow",3,"3.Travelling","25260","2016-08-09 16:21:42",2.12,-0.94,0.38,0.412,"slow","Travelling","water","underwater","",2016-08-09 16:21:42
1,"1.slow",3,"3.Travelling","25261","2016-08-09 16:21:42",2.21,-1.016,0.32,0.328,"slow","Travelling","water","underwater","",2016-08-09 16:21:42
1,"1.slow",3,"3.Travelling","25262","2016-08-09 16:21:42",2.25,-0.996,0.276,0.348,"slow","Travelling","water","underwater","",2016-08-09 16:21:42
1,"1.slow",3,"3.Travelling","25263","2016-08-09 16:21:42",2.34,-1.004,0.38,0.348,"slow","Travelling","water","underwater","",2016-08-09 16:21:42
1,"1.slow",3,"3.Travelling","25264","2016-08-09 16:21:42",2.34,-0.964,0.416,0.32,"slow","Travelling","water","underwater","",2016-08-09 16:21:42
1,"1.slow",3,"3.Travelling","25265","2016-08-09 16:21:42",2.43,-0.94,0.504,0.368,"slow","Travelling","water","underwater","",2016-08-09 16:21:42
1,"1.slow",3,"3.Travelling","25266","2016-08-09 16:21:42",2.5,-0.956,0.524,0.352,"slow","Travelling","water","underwater","",2016-08-09 16:21:42
1,"1.slow",3,"3.Travelling","25267","2016-08-09 16:21:42",2.56,-0.916,0.508,0.368,"slow","Travelling","water","underwater","",2016-08-09 16:21:42
1,"1.slow",3,"3.Travelling","25268","2016-08-09 16:21:42",2.62,-0.936,0.54,0.336,"slow","Travelling","water","underwater","",2016-08-09 16:21:42
1,"1.slow",3,"3.Travelling","25269","2016-08-09 16:21:42",2.68,-0.904,0.616,0.32,"slow","Travelling","water","underwater","",2016-08-09 16:21:42
1,"1.slow",3,"3.Travelling","25270","2016-08-09 16:21:43",2.75,-0.868,0.68,0.332,"slow","Travelling","water","underwater","",2016-08-09 16:21:43
1,"1.slow",3,"3.Travelling","25271","2016-08-09 16:21:43",2.78,-0.868,0.752,0.304,"slow","Travelling","water","underwater","",2016-08-09 16:21:43
1,"1.slow",3,"3.Travelling","25272","2016-08-09 16:21:43",2.84,-0.796,0.82,0.3,"slow","Travelling","water","underwater","",2016-08-09 16:21:43
1,"1.slow",3,"3.Travelling","25273","2016-08-09 16:21:43",2.9,-0.704,0.9,0.328,"slow","Travelling","water","underwater","",2016-08-09 16:21:43
1,"1.slow",3,"3.Travelling","25274","2016-08-09 16:21:43",2.93,-0.664,1.02,0.356,"slow","Travelling","water","underwater","",2016-08-09 16:21:43
1,"1.slow",3,"3.Travelling","25275","2016-08-09 16:21:43",2.96,-0.564,1.088,0.408,"slow","Travelling","water","underwater","",2016-08-09 16:21:43
1,"1.slow",3,"3.Travelling","25276","2016-08-09 16:21:43",3,-0.528,1.044,0.424,"slow","Travelling","water","underwater","",2016-08-09 16:21:43
1,"1.slow",3,"3.Travelling","25277","2016-08-09 16:21:43",3,-0.532,0.996,0.436,"slow","Travelling","water","underwater","",2016-08-09 16:21:43
1,"1.slow",3,"3.Travelling","25278","2016-08-09 16:21:43",3.03,-0.504,0.948,0.468,"slow","Travelling","water","underwater","",2016-08-09 16:21:43
1,"1.slow",3,"3.Travelling","25279","2016-08-09 16:21:43",3.06,-0.48,0.892,0.492,"slow","Travelling","water","underwater","",2016-08-09 16:21:43
1,"1.slow",3,"3.Travelling","25280","2016-08-09 16:21:43",3.06,-0.492,0.856,0.528,"slow","Travelling","water","underwater","",2016-08-09 16:21:43
1,"1.slow",3,"3.Travelling","25281","2016-08-09 16:21:43",3.09,-0.476,0.836,0.544,"slow","Travelling","water","underwater","",2016-08-09 16:21:43
1,"1.slow",3,"3.Travelling","25282","2016-08-09 16:21:43",3.15,-0.468,0.856,0.552,"slow","Travelling","water","underwater","",2016-08-09 16:21:43
1,"1.slow",3,"3.Travelling","25283","2016-08-09 16:21:43",3.15,-0.416,0.868,0.576,"slow","Travelling","water","underwater","",2016-08-09 16:21:43
1,"1.slow",3,"3.Travelling","25284","2016-08-09 16:21:43",3.15,-0.356,0.896,0.616,"slow","Travelling","water","underwater","",2016-08-09 16:21:43
1,"1.slow",3,"3.Travelling","25285","2016-08-09 16:21:43",3.18,-0.304,0.864,0.676,"slow","Travelling","water","underwater","",2016-08-09 16:21:43
1,"1.slow",3,"3.Travelling","25286","2016-08-09 16:21:43",3.21,-0.276,0.82,0.712,"slow","Travelling","water","underwater","",2016-08-09 16:21:43
1,"1.slow",3,"3.Travelling","25287","2016-08-09 16:21:43",3.18,-0.24,0.872,0.728,"slow","Travelling","water","underwater","",2016-08-09 16:21:43
1,"1.slow",3,"3.Travelling","25288","2016-08-09 16:21:43",3.21,-0.18,0.864,0.7,"slow","Travelling","water","underwater","",2016-08-09 16:21:43
1,"1.slow",3,"3.Travelling","25289","2016-08-09 16:21:43",3.18,-0.124,0.872,0.696,"slow","Travelling","water","underwater","",2016-08-09 16:21:43
1,"1.slow",3,"3.Travelling","25290","2016-08-09 16:21:43",3.21,-0.1,0.824,0.724,"slow","Travelling","water","underwater","",2016-08-09 16:21:43
1,"1.slow",3,"3.Travelling","25291","2016-08-09 16:21:43",3.21,-0.088,0.756,0.76,"slow","Travelling","water","underwater","",2016-08-09 16:21:43
1,"1.slow",3,"3.Travelling","25292","2016-08-09 16:21:43",3.18,-0.1,0.704,0.724,"slow","Travelling","water","underwater","",2016-08-09 16:21:43
1,"1.slow",3,"3.Travelling","25293","2016-08-09 16:21:43",3.18,-0.092,0.652,0.712,"slow","Travelling","water","underwater","",2016-08-09 16:21:43
1,"1.slow",3,"3.Travelling","25294","2016-08-09 16:21:44",3.21,-0.068,0.636,0.732,"slow","Travelling","water","underwater","",2016-08-09 16:21:44
1,"1.slow",3,"3.Travelling","25295","2016-08-09 16:21:44",3.21,-0.072,0.6,0.752,"slow","Travelling","water","underwater","",2016-08-09 16:21:44
1,"1.slow",3,"3.Travelling","25296","2016-08-09 16:21:44",3.21,-0.06,0.58,0.796,"slow","Travelling","water","underwater","",2016-08-09 16:21:44
1,"1.slow",3,"3.Travelling","25297","2016-08-09 16:21:44",3.21,-0.06,0.564,0.78,"slow","Travelling","water","underwater","",2016-08-09 16:21:44
1,"1.slow",3,"3.Travelling","25298","2016-08-09 16:21:44",3.18,-0.076,0.548,0.804,"slow","Travelling","water","underwater","",2016-08-09 16:21:44
1,"1.slow",3,"3.Travelling","25299","2016-08-09 16:21:44",3.18,-0.072,0.528,0.82,"slow","Travelling","water","underwater","",2016-08-09 16:21:44
1,"1.slow",3,"3.Travelling","25300","2016-08-09 16:21:44",3.18,-0.092,0.48,0.848,"slow","Travelling","water","underwater","",2016-08-09 16:21:44
1,"1.slow",3,"3.Travelling","25301","2016-08-09 16:21:44",3.18,-0.08,0.448,0.864,"slow","Travelling","water","underwater","",2016-08-09 16:21:44
1,"1.slow",3,"3.Travelling","25302","2016-08-09 16:21:44",3.18,-0.076,0.472,0.86,"slow","Travelling","water","underwater","",2016-08-09 16:21:44
1,"1.slow",3,"3.Travelling","25303","2016-08-09 16:21:44",3.18,-0.068,0.46,0.88,"slow","Travelling","water","underwater","",2016-08-09 16:21:44
1,"1.slow",3,"3.Travelling","25304","2016-08-09 16:21:44",3.15,-0.052,0.46,0.88,"slow","Travelling","water","underwater","",2016-08-09 16:21:44
1,"1.slow",3,"3.Travelling","25305","2016-08-09 16:21:44",3.15,-0.072,0.476,0.86,"slow","Travelling","water","underwater","",2016-08-09 16:21:44
1,"1.slow",3,"3.Travelling","25306","2016-08-09 16:21:44",3.15,-0.072,0.456,0.9,"slow","Travelling","water","underwater","",2016-08-09 16:21:44
1,"1.slow",3,"3.Travelling","25307","2016-08-09 16:21:44",3.12,-0.044,0.376,0.896,"slow","Travelling","water","underwater","",2016-08-09 16:21:44
1,"1.slow",3,"3.Travelling","25308","2016-08-09 16:21:44",3.12,-0.02,0.312,0.876,"slow","Travelling","water","underwater","",2016-08-09 16:21:44
1,"1.slow",3,"3.Travelling","25309","2016-08-09 16:21:44",3.12,-0.02,0.276,0.88,"slow","Travelling","water","underwater","",2016-08-09 16:21:44
1,"1.slow",3,"3.Travelling","25310","2016-08-09 16:21:44",3.12,-0.064,0.24,0.896,"slow","Travelling","water","underwater","",2016-08-09 16:21:44
1,"1.slow",3,"3.Travelling","25311","2016-08-09 16:21:44",3.12,-0.096,0.192,0.912,"slow","Travelling","water","underwater","",2016-08-09 16:21:44
1,"1.slow",3,"3.Travelling","25312","2016-08-09 16:21:44",3.12,-0.084,0.148,0.92,"slow","Travelling","water","underwater","",2016-08-09 16:21:44
1,"1.slow",3,"3.Travelling","25313","2016-08-09 16:21:44",3.09,-0.048,0.164,0.96,"slow","Travelling","water","underwater","",2016-08-09 16:21:44
1,"1.slow",3,"3.Travelling","25314","2016-08-09 16:21:44",3.12,-0.012,0.16,0.992,"slow","Travelling","water","underwater","",2016-08-09 16:21:44
1,"1.slow",3,"3.Travelling","25315","2016-08-09 16:21:44",3.09,0.02,0.144,1.016,"slow","Travelling","water","underwater","",2016-08-09 16:21:44
1,"1.slow",3,"3.Travelling","25316","2016-08-09 16:21:44",3.09,0.04,0.092,1.016,"slow","Travelling","water","underwater","",2016-08-09 16:21:44
1,"1.slow",3,"3.Travelling","25317","2016-08-09 16:21:44",3.06,0.084,0.036,1.004,"slow","Travelling","water","underwater","",2016-08-09 16:21:44
1,"1.slow",3,"3.Travelling","25318","2016-08-09 16:21:45",3.06,0.1,-0.024,0.996,"slow","Travelling","water","underwater","",2016-08-09 16:21:45
1,"1.slow",3,"3.Travelling","25319","2016-08-09 16:21:45",3.03,0.152,-0.044,1,"slow","Travelling","water","underwater","",2016-08-09 16:21:45
1,"1.slow",3,"3.Travelling","25320","2016-08-09 16:21:45",3.03,0.196,-0.02,1.004,"slow","Travelling","water","underwater","",2016-08-09 16:21:45
1,"1.slow",3,"3.Travelling","25321","2016-08-09 16:21:45",3,0.236,0,0.992,"slow","Travelling","water","underwater","",2016-08-09 16:21:45
1,"1.slow",3,"3.Travelling","25322","2016-08-09 16:21:45",3,0.284,0.016,0.984,"slow","Travelling","water","underwater","",2016-08-09 16:21:45
1,"1.slow",3,"3.Travelling","25323","2016-08-09 16:21:45",3,0.32,0.02,0.992,"slow","Travelling","water","underwater","",2016-08-09 16:21:45
1,"1.slow",3,"3.Travelling","25324","2016-08-09 16:21:45",2.96,0.376,0.028,0.992,"slow","Travelling","water","underwater","",2016-08-09 16:21:45
1,"1.slow",3,"3.Travelling","25325","2016-08-09 16:21:45",2.96,0.436,0.088,0.992,"slow","Travelling","water","underwater","",2016-08-09 16:21:45
1,"1.slow",3,"3.Travelling","25326","2016-08-09 16:21:45",2.93,0.464,0.08,0.928,"slow","Travelling","water","underwater","",2016-08-09 16:21:45
1,"1.slow",3,"3.Travelling","25327","2016-08-09 16:21:45",2.9,0.46,0.036,0.892,"slow","Travelling","water","underwater","",2016-08-09 16:21:45
1,"1.slow",3,"3.Travelling","25328","2016-08-09 16:21:45",2.87,0.468,0.008,0.872,"slow","Travelling","water","underwater","",2016-08-09 16:21:45
1,"1.slow",3,"3.Travelling","25329","2016-08-09 16:21:45",2.84,0.464,-0.044,0.844,"slow","Travelling","water","underwater","",2016-08-09 16:21:45
1,"1.slow",3,"3.Travelling","25330","2016-08-09 16:21:45",2.84,0.432,-0.064,0.82,"slow","Travelling","water","underwater","",2016-08-09 16:21:45
1,"1.slow",3,"3.Travelling","25331","2016-08-09 16:21:45",2.78,0.404,-0.084,0.788,"slow","Travelling","water","underwater","",2016-08-09 16:21:45
1,"1.slow",3,"3.Travelling","25332","2016-08-09 16:21:45",2.75,0.448,-0.104,0.8,"slow","Travelling","water","underwater","",2016-08-09 16:21:45
1,"1.slow",3,"3.Travelling","25333","2016-08-09 16:21:45",2.71,0.416,-0.128,0.788,"slow","Travelling","water","underwater","",2016-08-09 16:21:45
1,"1.slow",3,"3.Travelling","25334","2016-08-09 16:21:45",2.71,0.416,-0.156,0.788,"slow","Travelling","water","underwater","",2016-08-09 16:21:45
1,"1.slow",3,"3.Travelling","25335","2016-08-09 16:21:45",2.68,0.384,-0.212,0.804,"slow","Travelling","water","underwater","",2016-08-09 16:21:45
1,"1.slow",3,"3.Travelling","25336","2016-08-09 16:21:45",2.62,0.38,-0.256,0.764,"slow","Travelling","water","underwater","",2016-08-09 16:21:45
1,"1.slow",3,"3.Travelling","25337","2016-08-09 16:21:45",2.62,0.388,-0.288,0.752,"slow","Travelling","water","underwater","",2016-08-09 16:21:45
1,"1.slow",3,"3.Travelling","25338","2016-08-09 16:21:45",2.59,0.396,-0.292,0.76,"slow","Travelling","water","underwater","",2016-08-09 16:21:45
1,"1.slow",3,"3.Travelling","25339","2016-08-09 16:21:45",2.59,0.396,-0.284,0.76,"slow","Travelling","water","underwater","",2016-08-09 16:21:45
1,"1.slow",3,"3.Travelling","25340","2016-08-09 16:21:45",2.56,0.364,-0.304,0.768,"slow","Travelling","water","underwater","",2016-08-09 16:21:45
1,"1.slow",3,"3.Travelling","25341","2016-08-09 16:21:45",2.53,0.352,-0.364,0.772,"slow","Travelling","water","underwater","",2016-08-09 16:21:45
1,"1.slow",3,"3.Travelling","25342","2016-08-09 16:21:46",2.5,0.348,-0.384,0.764,"slow","Travelling","water","underwater","",2016-08-09 16:21:46
1,"1.slow",3,"3.Travelling","25343","2016-08-09 16:21:46",2.5,0.352,-0.436,0.756,"slow","Travelling","water","underwater","",2016-08-09 16:21:46
1,"1.slow",3,"3.Travelling","25344","2016-08-09 16:21:46",2.46,0.384,-0.472,0.756,"slow","Travelling","water","underwater","",2016-08-09 16:21:46
1,"1.slow",3,"3.Travelling","25345","2016-08-09 16:21:46",2.46,0.364,-0.492,0.736,"slow","Travelling","water","underwater","",2016-08-09 16:21:46
1,"1.slow",3,"3.Travelling","25346","2016-08-09 16:21:46",2.43,0.372,-0.496,0.724,"slow","Travelling","water","underwater","",2016-08-09 16:21:46
1,"1.slow",3,"3.Travelling","25347","2016-08-09 16:21:46",2.4,0.4,-0.468,0.696,"slow","Travelling","water","underwater","",2016-08-09 16:21:46
1,"1.slow",3,"3.Travelling","25348","2016-08-09 16:21:46",2.37,0.452,-0.488,0.688,"slow","Travelling","water","underwater","",2016-08-09 16:21:46
1,"1.slow",3,"3.Travelling","25349","2016-08-09 16:21:46",2.37,0.396,-0.5,0.668,"slow","Travelling","water","underwater","",2016-08-09 16:21:46
1,"1.slow",3,"3.Travelling","25350","2016-08-09 16:21:46",2.37,0.408,-0.528,0.676,"slow","Travelling","water","underwater","",2016-08-09 16:21:46
1,"1.slow",3,"3.Travelling","25351","2016-08-09 16:21:46",2.34,0.424,-0.656,0.644,"slow","Travelling","water","underwater","",2016-08-09 16:21:46
1,"1.slow",3,"3.Travelling","25352","2016-08-09 16:21:46",2.34,0.404,-0.712,0.688,"slow","Travelling","water","underwater","",2016-08-09 16:21:46
1,"1.slow",3,"3.Travelling","25353","2016-08-09 16:21:46",2.31,0.384,-0.668,0.696,"slow","Travelling","water","underwater","",2016-08-09 16:21:46
1,"1.slow",3,"3.Travelling","25354","2016-08-09 16:21:46",2.31,0.376,-0.616,0.712,"slow","Travelling","water","underwater","",2016-08-09 16:21:46
1,"1.slow",3,"3.Travelling","25355","2016-08-09 16:21:46",2.28,0.376,-0.588,0.716,"slow","Travelling","water","underwater","",2016-08-09 16:21:46
1,"1.slow",3,"3.Travelling","25356","2016-08-09 16:21:46",2.25,0.396,-0.588,0.696,"slow","Travelling","water","underwater","",2016-08-09 16:21:46
1,"1.slow",3,"3.Travelling","25357","2016-08-09 16:21:46",2.21,0.44,-0.564,0.66,"slow","Travelling","water","underwater","",2016-08-09 16:21:46
1,"1.slow",3,"3.Travelling","25358","2016-08-09 16:21:46",2.18,0.476,-0.552,0.64,"slow","Travelling","water","underwater","",2016-08-09 16:21:46
1,"1.slow",3,"3.Travelling","25359","2016-08-09 16:21:46",2.18,0.492,-0.532,0.624,"slow","Travelling","water","underwater","",2016-08-09 16:21:46
1,"1.slow",3,"3.Travelling","25360","2016-08-09 16:21:46",2.15,0.508,-0.504,0.628,"slow","Travelling","water","underwater","",2016-08-09 16:21:46
1,"1.slow",3,"3.Travelling","25361","2016-08-09 16:21:46",2.12,0.504,-0.492,0.664,"slow","Travelling","water","underwater","",2016-08-09 16:21:46
1,"1.slow",3,"3.Travelling","25362","2016-08-09 16:21:46",2.09,0.508,-0.512,0.708,"slow","Travelling","water","underwater","",2016-08-09 16:21:46
1,"1.slow",3,"3.Travelling","25363","2016-08-09 16:21:46",2.06,0.52,-0.516,0.696,"slow","Travelling","water","underwater","",2016-08-09 16:21:46
1,"1.slow",3,"3.Travelling","25364","2016-08-09 16:21:46",2.03,0.52,-0.508,0.672,"slow","Travelling","water","underwater","",2016-08-09 16:21:46
1,"1.slow",3,"3.Travelling","25365","2016-08-09 16:21:46",2,0.516,-0.48,0.668,"slow","Travelling","water","underwater","",2016-08-09 16:21:46
1,"1.slow",3,"3.Travelling","25366","2016-08-09 16:21:47",2,0.512,-0.448,0.656,"slow","Travelling","water","underwater","",2016-08-09 16:21:47
1,"1.slow",3,"3.Travelling","25367","2016-08-09 16:21:47",1.96,0.528,-0.428,0.668,"slow","Travelling","water","underwater","",2016-08-09 16:21:47
1,"1.slow",3,"3.Travelling","25368","2016-08-09 16:21:47",1.93,0.548,-0.476,0.684,"slow","Travelling","water","underwater","",2016-08-09 16:21:47
1,"1.slow",3,"3.Travelling","25369","2016-08-09 16:21:47",1.9,0.556,-0.48,0.692,"slow","Travelling","water","underwater","",2016-08-09 16:21:47
1,"1.slow",3,"3.Travelling","25370","2016-08-09 16:21:47",1.87,0.568,-0.48,0.676,"slow","Travelling","water","underwater","",2016-08-09 16:21:47
1,"1.slow",3,"3.Travelling","25371","2016-08-09 16:21:47",1.84,0.584,-0.42,0.688,"slow","Travelling","water","underwater","",2016-08-09 16:21:47
1,"1.slow",3,"3.Travelling","25372","2016-08-09 16:21:47",1.81,0.588,-0.368,0.684,"slow","Travelling","water","underwater","",2016-08-09 16:21:47
1,"1.slow",3,"3.Travelling","25373","2016-08-09 16:21:47",1.78,0.568,-0.308,0.652,"slow","Travelling","water","underwater","",2016-08-09 16:21:47
1,"1.slow",3,"3.Travelling","25374","2016-08-09 16:21:47",1.75,0.568,-0.248,0.632,"slow","Travelling","water","underwater","",2016-08-09 16:21:47
1,"1.slow",3,"3.Travelling","25375","2016-08-09 16:21:47",1.71,0.568,-0.18,0.656,"slow","Travelling","water","underwater","",2016-08-09 16:21:47
1,"1.slow",3,"3.Travelling","25376","2016-08-09 16:21:47",1.68,0.612,-0.14,0.668,"slow","Travelling","water","underwater","",2016-08-09 16:21:47
1,"1.slow",3,"3.Travelling","25377","2016-08-09 16:21:47",1.62,0.664,-0.12,0.68,"slow","Travelling","water","underwater","",2016-08-09 16:21:47
1,"1.slow",3,"3.Travelling","25378","2016-08-09 16:21:47",1.59,0.704,-0.1,0.668,"slow","Travelling","water","underwater","",2016-08-09 16:21:47
1,"1.slow",3,"3.Travelling","25379","2016-08-09 16:21:47",1.59,0.716,-0.084,0.684,"slow","Travelling","water","underwater","",2016-08-09 16:21:47
1,"1.slow",3,"3.Travelling","25380","2016-08-09 16:21:47",1.56,0.704,-0.112,0.664,"slow","Travelling","water","underwater","",2016-08-09 16:21:47
1,"1.slow",3,"3.Travelling","25381","2016-08-09 16:21:47",1.56,0.72,-0.18,0.664,"slow","Travelling","water","underwater","",2016-08-09 16:21:47
1,"1.slow",3,"3.Travelling","25382","2016-08-09 16:21:47",1.53,0.74,-0.216,0.652,"slow","Travelling","water","underwater","",2016-08-09 16:21:47
1,"1.slow",3,"3.Travelling","25383","2016-08-09 16:21:47",1.5,0.752,-0.22,0.612,"slow","Travelling","water","underwater","",2016-08-09 16:21:47
1,"1.slow",3,"3.Travelling","25384","2016-08-09 16:21:47",1.46,0.768,-0.16,0.592,"slow","Travelling","water","underwater","",2016-08-09 16:21:47
1,"1.slow",3,"3.Travelling","25385","2016-08-09 16:21:47",1.43,0.796,-0.088,0.584,"slow","Travelling","water","underwater","",2016-08-09 16:21:47
1,"1.slow",3,"3.Travelling","25386","2016-08-09 16:21:47",1.4,0.832,0.008,0.528,"slow","Travelling","water","underwater","",2016-08-09 16:21:47
1,"1.slow",3,"3.Travelling","25387","2016-08-09 16:21:47",1.37,0.852,0.108,0.488,"slow","Travelling","water","underwater","",2016-08-09 16:21:47
1,"1.slow",3,"3.Travelling","25388","2016-08-09 16:21:47",1.34,0.864,0.18,0.452,"slow","Travelling","water","underwater","",2016-08-09 16:21:47
1,"1.slow",3,"3.Travelling","25389","2016-08-09 16:21:48",1.34,0.884,0.252,0.42,"slow","Travelling","water","underwater","",2016-08-09 16:21:48
1,"1.slow",3,"3.Travelling","25390","2016-08-09 16:21:48",1.31,0.94,0.276,0.384,"slow","Travelling","water","underwater","",2016-08-09 16:21:48
1,"1.slow",3,"3.Travelling","25391","2016-08-09 16:21:48",1.28,0.924,0.288,0.396,"slow","Travelling","water","underwater","",2016-08-09 16:21:48
1,"1.slow",3,"3.Travelling","25392","2016-08-09 16:21:48",1.21,0.952,0.296,0.404,"slow","Travelling","water","underwater","",2016-08-09 16:21:48
1,"1.slow",3,"3.Travelling","25393","2016-08-09 16:21:48",1.18,0.948,0.324,0.4,"slow","Travelling","water","underwater","",2016-08-09 16:21:48
1,"1.slow",3,"3.Travelling","25394","2016-08-09 16:21:48",1.18,0.932,0.316,0.356,"slow","Travelling","water","underwater","",2016-08-09 16:21:48
1,"1.slow",3,"3.Travelling","25395","2016-08-09 16:21:48",1.12,0.904,0.3,0.344,"slow","Travelling","water","underwater","",2016-08-09 16:21:48
1,"1.slow",3,"3.Travelling","25396","2016-08-09 16:21:48",1.09,0.884,0.224,0.316,"slow","Travelling","water","underwater","",2016-08-09 16:21:48
1,"1.slow",3,"3.Travelling","25397","2016-08-09 16:21:48",1.09,0.908,0.176,0.356,"slow","Travelling","water","underwater","",2016-08-09 16:21:48
1,"1.slow",3,"3.Travelling","25398","2016-08-09 16:21:48",1.06,0.904,0.16,0.376,"slow","Travelling","water","underwater","",2016-08-09 16:21:48
1,"1.slow",3,"3.Travelling","25399","2016-08-09 16:21:48",1,0.888,0.14,0.44,"slow","Travelling","water","surface","",2016-08-09 16:21:48
1,"1.slow",3,"3.Travelling","25400","2016-08-09 16:21:48",0.96,0.868,0.14,0.44,"slow","Travelling","water","surface","",2016-08-09 16:21:48
1,"1.slow",3,"3.Travelling","25401","2016-08-09 16:21:48",0.93,0.868,0.152,0.464,"slow","Travelling","water","surface","",2016-08-09 16:21:48
1,"1.slow",3,"3.Travelling","25402","2016-08-09 16:21:48",0.9,0.82,0.128,0.46,"slow","Travelling","water","surface","",2016-08-09 16:21:48
1,"1.slow",3,"3.Travelling","25403","2016-08-09 16:21:48",0.87,0.812,0.116,0.444,"slow","Travelling","water","surface","",2016-08-09 16:21:48
1,"1.slow",3,"3.Travelling","25404","2016-08-09 16:21:48",0.84,0.752,0.084,0.364,"slow","Travelling","water","surface","",2016-08-09 16:21:48
1,"1.slow",3,"3.Travelling","25405","2016-08-09 16:21:48",0.84,0.712,0.072,0.412,"slow","Travelling","water","surface","",2016-08-09 16:21:48
1,"1.slow",3,"3.Travelling","25406","2016-08-09 16:21:48",0.84,0.652,0.06,0.408,"slow","Travelling","water","surface","",2016-08-09 16:21:48
1,"1.slow",3,"3.Travelling","25407","2016-08-09 16:21:48",0.84,0.584,0.044,0.42,"slow","Travelling","water","surface","",2016-08-09 16:21:48
1,"1.slow",3,"3.Travelling","25408","2016-08-09 16:21:48",0.84,0.536,0.012,0.508,"slow","Travelling","water","surface","",2016-08-09 16:21:48
1,"1.slow",3,"3.Travelling","25409","2016-08-09 16:21:48",0.84,0.492,0.012,0.564,"slow","Travelling","water","surface","",2016-08-09 16:21:48
1,"1.slow",3,"3.Travelling","25410","2016-08-09 16:21:48",0.84,0.448,0.008,0.636,"slow","Travelling","water","surface","",2016-08-09 16:21:48
1,"1.slow",3,"3.Travelling","25411","2016-08-09 16:21:48",0.84,0.384,-0.004,0.684,"slow","Travelling","water","surface","",2016-08-09 16:21:48
1,"1.slow",3,"3.Travelling","25412","2016-08-09 16:21:48",0.84,0.332,-0.028,0.72,"slow","Travelling","water","surface","",2016-08-09 16:21:48
1,"1.slow",3,"3.Travelling","25413","2016-08-09 16:21:49",0.84,0.308,-0.044,0.788,"slow","Travelling","water","surface","",2016-08-09 16:21:49
1,"1.slow",3,"3.Travelling","25414","2016-08-09 16:21:49",0.84,0.272,-0.048,0.796,"slow","Travelling","water","surface","",2016-08-09 16:21:49
1,"1.slow",3,"3.Travelling","25415","2016-08-09 16:21:49",0.84,0.232,-0.068,0.792,"slow","Travelling","water","surface","",2016-08-09 16:21:49
1,"1.slow",3,"3.Travelling","25416","2016-08-09 16:21:49",0.84,0.196,-0.044,0.876,"slow","Travelling","water","surface","",2016-08-09 16:21:49
1,"1.slow",3,"3.Travelling","25417","2016-08-09 16:21:49",0.81,0.16,-0.02,0.876,"slow","Travelling","water","surface","",2016-08-09 16:21:49
1,"1.slow",3,"3.Travelling","25418","2016-08-09 16:21:49",0.84,0.164,-0.004,0.86,"slow","Travelling","water","surface","",2016-08-09 16:21:49
1,"1.slow",3,"3.Travelling","25419","2016-08-09 16:21:49",0.84,0.128,-0.008,0.864,"slow","Travelling","water","surface","",2016-08-09 16:21:49
1,"1.slow",3,"3.Travelling","25420","2016-08-09 16:21:49",0.84,0.108,-0.02,0.92,"slow","Travelling","water","surface","",2016-08-09 16:21:49
1,"1.slow",3,"3.Travelling","25421","2016-08-09 16:21:49",0.81,0.132,0.004,0.944,"slow","Travelling","water","surface","",2016-08-09 16:21:49
1,"1.slow",3,"3.Travelling","25422","2016-08-09 16:21:49",0.84,0.14,0.028,0.952,"slow","Travelling","water","surface","",2016-08-09 16:21:49
1,"1.slow",3,"3.Travelling","25423","2016-08-09 16:21:49",0.81,0.116,0.08,0.96,"slow","Travelling","water","surface","",2016-08-09 16:21:49
1,"1.slow",3,"3.Travelling","25424","2016-08-09 16:21:49",0.81,0.088,0.132,0.94,"slow","Travelling","water","surface","",2016-08-09 16:21:49
1,"1.slow",3,"3.Travelling","25425","2016-08-09 16:21:49",0.84,0.088,0.172,0.928,"slow","Travelling","water","surface","",2016-08-09 16:21:49
1,"1.slow",3,"3.Travelling","25426","2016-08-09 16:21:49",0.84,0.088,0.212,0.924,"slow","Travelling","water","surface","",2016-08-09 16:21:49
1,"1.slow",3,"3.Travelling","25427","2016-08-09 16:21:49",0.81,0.084,0.256,0.924,"slow","Travelling","water","surface","",2016-08-09 16:21:49
1,"1.slow",3,"3.Travelling","25428","2016-08-09 16:21:49",0.84,0.048,0.228,0.912,"slow","Travelling","water","surface","",2016-08-09 16:21:49
1,"1.slow",3,"3.Travelling","25429","2016-08-09 16:21:49",0.81,0.028,0.252,0.944,"slow","Travelling","water","surface","",2016-08-09 16:21:49
1,"1.slow",3,"3.Travelling","25430","2016-08-09 16:21:49",0.84,0.04,0.272,0.924,"slow","Travelling","water","surface","",2016-08-09 16:21:49
1,"1.slow",3,"3.Travelling","25431","2016-08-09 16:21:49",0.84,0.032,0.252,0.928,"slow","Travelling","water","surface","",2016-08-09 16:21:49
1,"1.slow",3,"3.Travelling","25432","2016-08-09 16:21:49",0.84,0.044,0.212,0.928,"slow","Travelling","water","surface","",2016-08-09 16:21:49
1,"1.slow",3,"3.Travelling","25433","2016-08-09 16:21:49",0.84,0.036,0.164,0.932,"slow","Travelling","water","surface","",2016-08-09 16:21:49
1,"1.slow",3,"3.Travelling","25434","2016-08-09 16:21:49",0.84,0.028,0.16,0.944,"slow","Travelling","water","surface","",2016-08-09 16:21:49
1,"1.slow",3,"3.Travelling","25435","2016-08-09 16:21:49",0.84,0.024,0.172,0.948,"slow","Travelling","water","surface","",2016-08-09 16:21:49
1,"1.slow",3,"3.Travelling","25436","2016-08-09 16:21:49",0.84,0.028,0.216,0.932,"slow","Travelling","water","surface","",2016-08-09 16:21:49
1,"1.slow",3,"3.Travelling","25437","2016-08-09 16:21:50",0.84,0.016,0.228,0.936,"slow","Travelling","water","surface","",2016-08-09 16:21:50
1,"1.slow",3,"3.Travelling","25438","2016-08-09 16:21:50",0.84,0.012,0.252,0.952,"slow","Travelling","water","surface","",2016-08-09 16:21:50
1,"1.slow",3,"3.Travelling","25439","2016-08-09 16:21:50",0.84,0.012,0.244,0.944,"slow","Travelling","water","surface","",2016-08-09 16:21:50
1,"1.slow",3,"3.Travelling","25440","2016-08-09 16:21:50",0.84,0.016,0.212,0.936,"slow","Travelling","water","surface","",2016-08-09 16:21:50
1,"1.slow",3,"3.Travelling","25441","2016-08-09 16:21:50",0.84,0.016,0.184,0.912,"slow","Travelling","water","surface","",2016-08-09 16:21:50
1,"1.slow",3,"3.Travelling","25442","2016-08-09 16:21:50",0.84,0.032,0.136,0.908,"slow","Travelling","water","surface","",2016-08-09 16:21:50
1,"1.slow",3,"3.Travelling","25443","2016-08-09 16:21:50",0.84,0.06,0.1,0.928,"slow","Travelling","water","surface","",2016-08-09 16:21:50
1,"1.slow",3,"3.Travelling","25444","2016-08-09 16:21:50",0.84,0.064,0.1,0.924,"slow","Travelling","water","surface","",2016-08-09 16:21:50
1,"1.slow",3,"3.Travelling","25445","2016-08-09 16:21:50",0.84,0.056,0.1,0.92,"slow","Travelling","water","surface","",2016-08-09 16:21:50
1,"1.slow",3,"3.Travelling","25446","2016-08-09 16:21:50",0.84,0.06,0.08,0.908,"slow","Travelling","water","surface","",2016-08-09 16:21:50
1,"1.slow",3,"3.Travelling","25447","2016-08-09 16:21:50",0.84,0.056,0.08,0.916,"slow","Travelling","water","surface","",2016-08-09 16:21:50
1,"1.slow",3,"3.Travelling","25448","2016-08-09 16:21:50",0.84,0.032,0.128,0.92,"slow","Travelling","water","surface","",2016-08-09 16:21:50
1,"1.slow",3,"3.Travelling","25449","2016-08-09 16:21:50",0.84,0.024,0.216,0.936,"slow","Travelling","water","surface","",2016-08-09 16:21:50
1,"1.slow",3,"3.Travelling","25450","2016-08-09 16:21:50",0.84,0.036,0.268,0.908,"slow","Travelling","water","surface","",2016-08-09 16:21:50
1,"1.slow",3,"3.Travelling","25451","2016-08-09 16:21:50",0.84,0.072,0.308,0.884,"slow","Travelling","water","surface","",2016-08-09 16:21:50
1,"1.slow",3,"3.Travelling","25452","2016-08-09 16:21:50",0.84,0.084,0.368,0.896,"slow","Travelling","water","surface","",2016-08-09 16:21:50
1,"1.slow",3,"3.Travelling","25453","2016-08-09 16:21:50",0.84,0.084,0.38,0.86,"slow","Travelling","water","surface","",2016-08-09 16:21:50
1,"1.slow",3,"3.Travelling","25454","2016-08-09 16:21:50",0.84,0.084,0.42,0.864,"slow","Travelling","water","surface","",2016-08-09 16:21:50
1,"1.slow",3,"3.Travelling","25455","2016-08-09 16:21:50",0.84,0.072,0.452,0.868,"slow","Travelling","water","surface","",2016-08-09 16:21:50
1,"1.slow",3,"3.Travelling","25456","2016-08-09 16:21:50",0.84,0.064,0.496,0.86,"slow","Travelling","water","surface","",2016-08-09 16:21:50
1,"1.slow",3,"3.Travelling","25457","2016-08-09 16:21:50",0.84,0.06,0.52,0.828,"slow","Travelling","water","surface","",2016-08-09 16:21:50
1,"1.slow",3,"3.Travelling","25458","2016-08-09 16:21:50",0.84,0.068,0.556,0.844,"slow","Travelling","water","surface","",2016-08-09 16:21:50
1,"1.slow",3,"3.Travelling","25459","2016-08-09 16:21:50",0.84,0.072,0.584,0.824,"slow","Travelling","water","surface","",2016-08-09 16:21:50
1,"1.slow",3,"3.Travelling","25460","2016-08-09 16:21:50",0.84,0.056,0.58,0.796,"slow","Travelling","water","surface","",2016-08-09 16:21:50
1,"1.slow",3,"3.Travelling","25461","2016-08-09 16:21:51",0.84,0.028,0.552,0.796,"slow","Travelling","water","surface","",2016-08-09 16:21:51
1,"1.slow",3,"3.Travelling","25462","2016-08-09 16:21:51",0.84,0.032,0.52,0.808,"slow","Travelling","water","surface","",2016-08-09 16:21:51
1,"1.slow",3,"3.Travelling","25463","2016-08-09 16:21:51",0.84,0.032,0.48,0.816,"slow","Travelling","water","surface","",2016-08-09 16:21:51
1,"1.slow",3,"3.Travelling","25464","2016-08-09 16:21:51",0.84,0.024,0.428,0.792,"slow","Travelling","water","surface","",2016-08-09 16:21:51
1,"1.slow",3,"3.Travelling","25465","2016-08-09 16:21:51",0.84,0.024,0.384,0.8,"slow","Travelling","water","surface","",2016-08-09 16:21:51
1,"1.slow",3,"3.Travelling","25466","2016-08-09 16:21:51",0.84,0.04,0.34,0.824,"slow","Travelling","water","surface","",2016-08-09 16:21:51
1,"1.slow",3,"3.Travelling","25467","2016-08-09 16:21:51",0.84,0.052,0.316,0.848,"slow","Travelling","water","surface","",2016-08-09 16:21:51
1,"1.slow",3,"3.Travelling","25468","2016-08-09 16:21:51",0.84,0.052,0.272,0.884,"slow","Travelling","water","surface","",2016-08-09 16:21:51
1,"1.slow",3,"3.Travelling","25469","2016-08-09 16:21:51",0.84,0.052,0.232,0.904,"slow","Travelling","water","surface","",2016-08-09 16:21:51
1,"1.slow",3,"3.Travelling","25470","2016-08-09 16:21:51",0.84,0.052,0.192,0.908,"slow","Travelling","water","surface","",2016-08-09 16:21:51
1,"1.slow",3,"3.Travelling","25471","2016-08-09 16:21:51",0.84,0.076,0.14,0.932,"slow","Travelling","water","surface","",2016-08-09 16:21:51
1,"1.slow",3,"3.Travelling","25472","2016-08-09 16:21:51",0.84,0.088,0.1,0.944,"slow","Travelling","water","surface","",2016-08-09 16:21:51
1,"1.slow",3,"3.Travelling","25473","2016-08-09 16:21:51",0.84,0.12,0.064,0.944,"slow","Travelling","water","surface","",2016-08-09 16:21:51
1,"1.slow",3,"3.Travelling","25474","2016-08-09 16:21:51",0.84,0.152,0.036,0.948,"slow","Travelling","water","surface","",2016-08-09 16:21:51
1,"1.slow",3,"3.Travelling","25475","2016-08-09 16:21:51",0.84,0.164,0.012,0.936,"slow","Travelling","water","surface","",2016-08-09 16:21:51
1,"1.slow",3,"3.Travelling","25476","2016-08-09 16:21:51",0.84,0.168,0,0.932,"slow","Travelling","water","surface","",2016-08-09 16:21:51
1,"1.slow",3,"3.Travelling","25477","2016-08-09 16:21:51",0.84,0.18,-0.016,0.948,"slow","Travelling","water","surface","",2016-08-09 16:21:51
1,"1.slow",3,"3.Travelling","25478","2016-08-09 16:21:51",0.84,0.196,-0.024,0.948,"slow","Travelling","water","surface","",2016-08-09 16:21:51
1,"1.slow",3,"3.Travelling","25479","2016-08-09 16:21:51",0.84,0.196,-0.02,0.94,"slow","Travelling","water","surface","",2016-08-09 16:21:51
1,"1.slow",3,"3.Travelling","25480","2016-08-09 16:21:51",0.84,0.196,-0.024,0.936,"slow","Travelling","water","surface","",2016-08-09 16:21:51
1,"1.slow",3,"3.Travelling","25481","2016-08-09 16:21:51",0.84,0.184,-0.024,0.924,"slow","Travelling","water","surface","",2016-08-09 16:21:51
1,"1.slow",3,"3.Travelling","25482","2016-08-09 16:21:51",0.84,0.172,-0.016,0.924,"slow","Travelling","water","surface","",2016-08-09 16:21:51
1,"1.slow",3,"3.Travelling","25483","2016-08-09 16:21:51",0.84,0.176,-0.008,0.932,"slow","Travelling","water","surface","",2016-08-09 16:21:51
1,"1.slow",3,"3.Travelling","25484","2016-08-09 16:21:51",0.84,0.16,-0.008,0.928,"slow","Travelling","water","surface","",2016-08-09 16:21:51
1,"1.slow",3,"3.Travelling","25485","2016-08-09 16:21:52",0.84,0.156,-0.004,0.912,"slow","Travelling","water","surface","",2016-08-09 16:21:52
1,"1.slow",3,"3.Travelling","25486","2016-08-09 16:21:52",0.84,0.132,-0.012,0.896,"slow","Travelling","water","surface","",2016-08-09 16:21:52
1,"1.slow",3,"3.Travelling","25487","2016-08-09 16:21:52",0.84,0.14,0,0.944,"slow","Travelling","water","surface","",2016-08-09 16:21:52
1,"1.slow",3,"3.Travelling","25488","2016-08-09 16:21:52",0.84,0.124,-0.04,0.932,"slow","Travelling","water","surface","",2016-08-09 16:21:52
1,"1.slow",3,"3.Travelling","25489","2016-08-09 16:21:52",0.84,0.12,-0.076,0.928,"slow","Travelling","water","surface","",2016-08-09 16:21:52
1,"1.slow",3,"3.Travelling","25490","2016-08-09 16:21:52",0.84,0.1,-0.128,0.936,"slow","Travelling","water","surface","",2016-08-09 16:21:52
1,"1.slow",3,"3.Travelling","25491","2016-08-09 16:21:52",0.84,0.108,-0.14,0.936,"slow","Travelling","water","surface","",2016-08-09 16:21:52
1,"1.slow",3,"3.Travelling","25492","2016-08-09 16:21:52",0.84,0.104,-0.136,0.928,"slow","Travelling","water","surface","",2016-08-09 16:21:52
1,"1.slow",3,"3.Travelling","25493","2016-08-09 16:21:52",0.84,0.104,-0.108,0.936,"slow","Travelling","water","surface","",2016-08-09 16:21:52
1,"1.slow",3,"3.Travelling","25494","2016-08-09 16:21:52",0.84,0.1,-0.072,0.936,"slow","Travelling","water","surface","",2016-08-09 16:21:52
1,"1.slow",3,"3.Travelling","25495","2016-08-09 16:21:52",0.84,0.108,-0.06,0.924,"slow","Travelling","water","surface","",2016-08-09 16:21:52
1,"1.slow",3,"3.Travelling","25496","2016-08-09 16:21:52",0.84,0.12,-0.06,0.908,"slow","Travelling","water","surface","",2016-08-09 16:21:52
1,"1.slow",3,"3.Travelling","25497","2016-08-09 16:21:52",0.84,0.124,-0.064,0.884,"slow","Travelling","water","surface","",2016-08-09 16:21:52
1,"1.slow",3,"3.Travelling","25498","2016-08-09 16:21:52",0.84,0.108,-0.072,0.884,"slow","Travelling","water","surface","",2016-08-09 16:21:52
1,"1.slow",3,"3.Travelling","25499","2016-08-09 16:21:52",0.87,0.108,-0.088,0.892,"slow","Travelling","water","surface","",2016-08-09 16:21:52
1,"1.slow",3,"3.Travelling","25500","2016-08-09 16:21:52",0.84,0.108,-0.096,0.896,"slow","Travelling","water","surface","",2016-08-09 16:21:52
1,"1.slow",3,"3.Travelling","25501","2016-08-09 16:21:52",0.84,0.104,-0.092,0.896,"slow","Travelling","water","surface","",2016-08-09 16:21:52
1,"1.slow",3,"3.Travelling","25502","2016-08-09 16:21:52",0.84,0.104,-0.088,0.896,"slow","Travelling","water","surface","",2016-08-09 16:21:52
1,"1.slow",3,"3.Travelling","25503","2016-08-09 16:21:52",0.84,0.084,-0.088,0.904,"slow","Travelling","water","surface","",2016-08-09 16:21:52
1,"1.slow",3,"3.Travelling","25504","2016-08-09 16:21:52",0.84,0.064,-0.072,0.9,"slow","Travelling","water","surface","",2016-08-09 16:21:52
1,"1.slow",3,"3.Travelling","25505","2016-08-09 16:21:52",0.84,0.072,-0.056,0.908,"slow","Travelling","water","surface","",2016-08-09 16:21:52
1,"1.slow",3,"3.Travelling","25506","2016-08-09 16:21:52",0.84,0.064,-0.04,0.916,"slow","Travelling","water","surface","",2016-08-09 16:21:52
1,"1.slow",3,"3.Travelling","25507","2016-08-09 16:21:52",0.84,0.076,-0.032,0.932,"slow","Travelling","water","surface","",2016-08-09 16:21:52
1,"1.slow",3,"3.Travelling","25508","2016-08-09 16:21:53",0.84,0.092,-0.02,0.936,"slow","Travelling","water","surface","",2016-08-09 16:21:53
1,"1.slow",3,"3.Travelling","25509","2016-08-09 16:21:53",0.84,0.096,0.008,0.948,"slow","Travelling","water","surface","",2016-08-09 16:21:53
1,"1.slow",3,"3.Travelling","25510","2016-08-09 16:21:53",0.84,0.1,0.052,0.948,"slow","Travelling","water","surface","",2016-08-09 16:21:53
1,"1.slow",3,"3.Travelling","25511","2016-08-09 16:21:53",0.84,0.1,0.124,0.94,"slow","Travelling","water","surface","",2016-08-09 16:21:53
1,"1.slow",3,"3.Travelling","25512","2016-08-09 16:21:53",0.84,0.112,0.184,0.924,"slow","Travelling","water","surface","",2016-08-09 16:21:53
1,"1.slow",3,"3.Travelling","25513","2016-08-09 16:21:53",0.84,0.108,0.232,0.916,"slow","Travelling","water","surface","",2016-08-09 16:21:53
1,"1.slow",3,"3.Travelling","25514","2016-08-09 16:21:53",0.84,0.084,0.264,0.904,"slow","Travelling","water","surface","",2016-08-09 16:21:53
1,"1.slow",3,"3.Travelling","25515","2016-08-09 16:21:53",0.84,0.06,0.3,0.868,"slow","Travelling","water","surface","",2016-08-09 16:21:53
1,"1.slow",3,"3.Travelling","25516","2016-08-09 16:21:53",0.84,0.084,0.332,0.856,"slow","Travelling","water","surface","",2016-08-09 16:21:53
1,"1.slow",3,"3.Travelling","25517","2016-08-09 16:21:53",0.84,0.08,0.352,0.864,"slow","Travelling","water","surface","",2016-08-09 16:21:53
1,"1.slow",3,"3.Travelling","25518","2016-08-09 16:21:53",0.84,0.08,0.368,0.872,"slow","Travelling","water","surface","",2016-08-09 16:21:53
1,"1.slow",3,"3.Travelling","25519","2016-08-09 16:21:53",0.84,0.076,0.392,0.884,"slow","Travelling","water","surface","",2016-08-09 16:21:53
1,"1.slow",3,"3.Travelling","25520","2016-08-09 16:21:53",0.84,0.068,0.4,0.892,"slow","Travelling","water","surface","",2016-08-09 16:21:53
1,"1.slow",3,"3.Travelling","25521","2016-08-09 16:21:53",0.84,0.068,0.384,0.892,"slow","Travelling","water","surface","",2016-08-09 16:21:53
1,"1.slow",3,"3.Travelling","25522","2016-08-09 16:21:53",0.84,0.052,0.344,0.884,"slow","Travelling","water","surface","",2016-08-09 16:21:53
1,"1.slow",3,"3.Travelling","25523","2016-08-09 16:21:53",0.84,0.044,0.316,0.896,"slow","Travelling","water","surface","",2016-08-09 16:21:53
1,"1.slow",3,"3.Travelling","25524","2016-08-09 16:21:53",0.84,0.048,0.296,0.912,"slow","Travelling","water","surface","",2016-08-09 16:21:53
1,"1.slow",3,"3.Travelling","25525","2016-08-09 16:21:53",0.84,0.064,0.308,0.896,"slow","Travelling","water","surface","",2016-08-09 16:21:53
1,"1.slow",3,"3.Travelling","25526","2016-08-09 16:21:53",0.84,0.072,0.304,0.896,"slow","Travelling","water","surface","",2016-08-09 16:21:53
1,"1.slow",3,"3.Travelling","25527","2016-08-09 16:21:53",0.84,0.084,0.3,0.884,"slow","Travelling","water","surface","",2016-08-09 16:21:53
1,"1.slow",3,"3.Travelling","25528","2016-08-09 16:21:53",0.84,0.08,0.288,0.892,"slow","Travelling","water","surface","",2016-08-09 16:21:53
1,"1.slow",3,"3.Travelling","25529","2016-08-09 16:21:53",0.84,0.076,0.284,0.888,"slow","Travelling","water","surface","",2016-08-09 16:21:53
1,"1.slow",3,"3.Travelling","25530","2016-08-09 16:21:53",0.84,0.068,0.288,0.884,"slow","Travelling","water","surface","",2016-08-09 16:21:53
1,"1.slow",3,"3.Travelling","25531","2016-08-09 16:21:53",0.84,0.056,0.272,0.888,"slow","Travelling","water","surface","",2016-08-09 16:21:53
1,"1.slow",3,"3.Travelling","25532","2016-08-09 16:21:54",0.84,0.056,0.244,0.9,"slow","Travelling","water","surface","",2016-08-09 16:21:54
1,"1.slow",3,"3.Travelling","25533","2016-08-09 16:21:54",0.84,0.044,0.216,0.892,"slow","Travelling","water","surface","",2016-08-09 16:21:54
1,"1.slow",3,"3.Travelling","25534","2016-08-09 16:21:54",0.84,0.024,0.2,0.9,"slow","Travelling","water","surface","",2016-08-09 16:21:54
1,"1.slow",3,"3.Travelling","25535","2016-08-09 16:21:54",0.84,0.04,0.176,0.916,"slow","Travelling","water","surface","",2016-08-09 16:21:54
1,"1.slow",3,"3.Travelling","25536","2016-08-09 16:21:54",0.84,0.064,0.16,0.936,"slow","Travelling","water","surface","",2016-08-09 16:21:54
1,"1.slow",3,"3.Travelling","25537","2016-08-09 16:21:54",0.84,0.08,0.18,0.924,"slow","Travelling","water","surface","",2016-08-09 16:21:54
1,"1.slow",3,"3.Travelling","25538","2016-08-09 16:21:54",0.84,0.1,0.22,0.924,"slow","Travelling","water","surface","",2016-08-09 16:21:54
1,"1.slow",3,"3.Travelling","25539","2016-08-09 16:21:54",0.84,0.096,0.26,0.904,"slow","Travelling","water","surface","",2016-08-09 16:21:54
1,"1.slow",3,"3.Travelling","25540","2016-08-09 16:21:54",0.84,0.088,0.332,0.888,"slow","Travelling","water","surface","",2016-08-09 16:21:54
1,"1.slow",3,"3.Travelling","25541","2016-08-09 16:21:54",0.84,0.084,0.384,0.904,"slow","Travelling","water","surface","",2016-08-09 16:21:54
1,"1.slow",3,"3.Travelling","25542","2016-08-09 16:21:54",0.84,0.1,0.408,0.904,"slow","Travelling","water","surface","",2016-08-09 16:21:54
1,"1.slow",3,"3.Travelling","25543","2016-08-09 16:21:54",0.84,0.112,0.44,0.864,"slow","Travelling","water","surface","",2016-08-09 16:21:54
1,"1.slow",3,"3.Travelling","25544","2016-08-09 16:21:54",0.84,0.104,0.496,0.852,"slow","Travelling","water","surface","",2016-08-09 16:21:54
1,"1.slow",3,"3.Travelling","25545","2016-08-09 16:21:54",0.84,0.104,0.5,0.86,"slow","Travelling","water","surface","",2016-08-09 16:21:54
1,"1.slow",3,"3.Travelling","25546","2016-08-09 16:21:54",0.84,0.108,0.504,0.86,"slow","Travelling","water","surface","",2016-08-09 16:21:54
1,"1.slow",3,"3.Travelling","25547","2016-08-09 16:21:54",0.84,0.1,0.484,0.856,"slow","Travelling","water","surface","",2016-08-09 16:21:54
1,"1.slow",3,"3.Travelling","25548","2016-08-09 16:21:54",0.84,0.104,0.468,0.84,"slow","Travelling","water","surface","",2016-08-09 16:21:54
1,"1.slow",3,"3.Travelling","25549","2016-08-09 16:21:54",0.84,0.096,0.452,0.84,"slow","Travelling","water","surface","",2016-08-09 16:21:54
1,"1.slow",3,"3.Travelling","25550","2016-08-09 16:21:54",0.84,0.092,0.436,0.84,"slow","Travelling","water","surface","",2016-08-09 16:21:54
1,"1.slow",3,"3.Travelling","25551","2016-08-09 16:21:54",0.84,0.092,0.392,0.848,"slow","Travelling","water","surface","",2016-08-09 16:21:54
1,"1.slow",3,"3.Travelling","25552","2016-08-09 16:21:54",0.87,0.1,0.352,0.856,"slow","Travelling","water","surface","",2016-08-09 16:21:54
1,"1.slow",3,"3.Travelling","25553","2016-08-09 16:21:54",0.87,0.112,0.3,0.876,"slow","Travelling","water","surface","",2016-08-09 16:21:54
1,"1.slow",3,"3.Travelling","25554","2016-08-09 16:21:54",0.84,0.132,0.276,0.9,"slow","Travelling","water","surface","",2016-08-09 16:21:54
1,"1.slow",3,"3.Travelling","25555","2016-08-09 16:21:54",0.84,0.16,0.248,0.9,"slow","Travelling","water","surface","",2016-08-09 16:21:54
1,"1.slow",3,"3.Travelling","25556","2016-08-09 16:21:55",0.84,0.184,0.228,0.912,"slow","Travelling","water","surface","",2016-08-09 16:21:55
1,"1.slow",3,"3.Travelling","25557","2016-08-09 16:21:55",0.84,0.204,0.204,0.916,"slow","Travelling","water","surface","",2016-08-09 16:21:55
1,"1.slow",3,"3.Travelling","25558","2016-08-09 16:21:55",0.84,0.212,0.176,0.928,"slow","Travelling","water","surface","",2016-08-09 16:21:55
1,"1.slow",3,"3.Travelling","25559","2016-08-09 16:21:55",0.84,0.212,0.144,0.936,"slow","Travelling","water","surface","",2016-08-09 16:21:55
1,"1.slow",3,"3.Travelling","25560","2016-08-09 16:21:55",0.84,0.192,0.112,0.904,"slow","Travelling","water","surface","",2016-08-09 16:21:55
1,"1.slow",3,"3.Travelling","25561","2016-08-09 16:21:55",0.84,0.164,0.068,0.892,"slow","Travelling","water","surface","",2016-08-09 16:21:55
1,"1.slow",3,"3.Travelling","25562","2016-08-09 16:21:55",0.84,0.144,0.036,0.908,"slow","Travelling","water","surface","",2016-08-09 16:21:55
1,"1.slow",3,"3.Travelling","25563","2016-08-09 16:21:55",0.84,0.124,0.012,0.912,"slow","Travelling","water","surface","",2016-08-09 16:21:55
1,"1.slow",3,"3.Travelling","25564","2016-08-09 16:21:55",0.84,0.116,-0.008,0.916,"slow","Travelling","water","surface","",2016-08-09 16:21:55
1,"1.slow",3,"3.Travelling","25565","2016-08-09 16:21:55",0.84,0.104,-0.044,0.9,"slow","Travelling","water","surface","",2016-08-09 16:21:55
1,"1.slow",3,"3.Travelling","25566","2016-08-09 16:21:55",0.84,0.096,-0.056,0.888,"slow","Travelling","water","surface","",2016-08-09 16:21:55
1,"1.slow",3,"3.Travelling","25567","2016-08-09 16:21:55",0.84,0.092,-0.088,0.896,"slow","Travelling","water","surface","",2016-08-09 16:21:55
1,"1.slow",3,"3.Travelling","25568","2016-08-09 16:21:55",0.84,0.088,-0.108,0.9,"slow","Travelling","water","surface","",2016-08-09 16:21:55
1,"1.slow",3,"3.Travelling","25569","2016-08-09 16:21:55",0.84,0.1,-0.112,0.9,"slow","Travelling","water","surface","",2016-08-09 16:21:55
1,"1.slow",3,"3.Travelling","25570","2016-08-09 16:21:55",0.84,0.124,-0.124,0.892,"slow","Travelling","water","surface","",2016-08-09 16:21:55
1,"1.slow",3,"3.Travelling","25571","2016-08-09 16:21:55",0.84,0.136,-0.148,0.9,"slow","Travelling","water","surface","",2016-08-09 16:21:55
1,"1.slow",3,"3.Travelling","25572","2016-08-09 16:21:55",0.84,0.144,-0.196,0.9,"slow","Travelling","water","surface","",2016-08-09 16:21:55
1,"1.slow",3,"3.Travelling","25573","2016-08-09 16:21:55",0.84,0.156,-0.204,0.92,"slow","Travelling","water","surface","",2016-08-09 16:21:55
1,"1.slow",3,"3.Travelling","25574","2016-08-09 16:21:55",0.84,0.18,-0.224,0.924,"slow","Travelling","water","surface","",2016-08-09 16:21:55
1,"1.slow",3,"3.Travelling","25575","2016-08-09 16:21:55",0.84,0.176,-0.248,0.924,"slow","Travelling","water","surface","",2016-08-09 16:21:55
1,"1.slow",3,"3.Travelling","25576","2016-08-09 16:21:55",0.84,0.18,-0.256,0.912,"slow","Travelling","water","surface","",2016-08-09 16:21:55
1,"1.slow",3,"3.Travelling","25577","2016-08-09 16:21:55",0.84,0.168,-0.264,0.92,"slow","Travelling","water","surface","",2016-08-09 16:21:55
1,"1.slow",3,"3.Travelling","25578","2016-08-09 16:21:55",0.84,0.164,-0.24,0.92,"slow","Travelling","water","surface","",2016-08-09 16:21:55
1,"1.slow",3,"3.Travelling","25579","2016-08-09 16:21:55",0.84,0.168,-0.22,0.908,"slow","Travelling","water","surface","",2016-08-09 16:21:55
1,"1.slow",3,"3.Travelling","25580","2016-08-09 16:21:56",0.84,0.132,-0.236,0.952,"slow","Travelling","water","surface","",2016-08-09 16:21:56
1,"1.slow",3,"3.Travelling","25581","2016-08-09 16:21:56",0.84,0.144,-0.288,1.048,"slow","Travelling","water","surface","",2016-08-09 16:21:56
1,"1.slow",3,"3.Travelling","25582","2016-08-09 16:21:56",0.84,0.148,-0.304,0.964,"slow","Travelling","water","surface","",2016-08-09 16:21:56
1,"1.slow",3,"3.Travelling","25583","2016-08-09 16:21:56",0.84,0.292,-0.4,0.944,"slow","Travelling","water","surface","",2016-08-09 16:21:56
1,"1.slow",3,"3.Travelling","25584","2016-08-09 16:21:56",0.84,0.296,-0.512,0.888,"slow","Travelling","water","surface","",2016-08-09 16:21:56
1,"1.slow",3,"3.Travelling","25585","2016-08-09 16:21:56",0.84,0.208,-0.476,0.8,"slow","Travelling","water","surface","",2016-08-09 16:21:56
1,"1.slow",3,"3.Travelling","25586","2016-08-09 16:21:56",0.84,0.204,-0.432,0.724,"slow","Travelling","water","surface","",2016-08-09 16:21:56
1,"1.slow",3,"3.Travelling","25587","2016-08-09 16:21:56",0.84,0.112,-0.364,0.696,"slow","Travelling","water","surface","",2016-08-09 16:21:56
1,"1.slow",3,"3.Travelling","25588","2016-08-09 16:21:56",0.84,-0.028,-0.312,0.612,"slow","Travelling","water","surface","",2016-08-09 16:21:56
1,"1.slow",3,"3.Travelling","25589","2016-08-09 16:21:56",0.87,-0.152,-0.272,0.548,"slow","Travelling","water","surface","",2016-08-09 16:21:56
1,"1.slow",3,"3.Travelling","25590","2016-08-09 16:21:56",0.84,-0.256,-0.244,0.512,"slow","Travelling","water","surface","",2016-08-09 16:21:56
1,"1.slow",3,"3.Travelling","25591","2016-08-09 16:21:56",0.84,-0.416,-0.156,0.424,"slow","Travelling","water","surface","",2016-08-09 16:21:56
1,"1.slow",3,"3.Travelling","25592","2016-08-09 16:21:56",0.84,-0.508,-0.056,0.5,"slow","Travelling","water","surface","",2016-08-09 16:21:56
1,"1.slow",3,"3.Travelling","25593","2016-08-09 16:21:56",0.84,-0.612,-0.024,0.336,"slow","Travelling","water","surface","",2016-08-09 16:21:56
1,"1.slow",3,"3.Travelling","25594","2016-08-09 16:21:56",0.87,-0.808,0.02,0.056,"slow","Travelling","water","surface","",2016-08-09 16:21:56
1,"1.slow",3,"3.Travelling","25595","2016-08-09 16:21:56",0.9,-0.88,0.1,-0.024,"slow","Travelling","water","surface","",2016-08-09 16:21:56
1,"1.slow",3,"3.Travelling","25596","2016-08-09 16:21:56",0.96,-0.496,-0.256,-0.188,"slow","Travelling","water","surface","",2016-08-09 16:21:56
1,"1.slow",3,"3.Travelling","25597","2016-08-09 16:21:56",1,-0.728,0.124,-0.176,"slow","Travelling","water","surface","",2016-08-09 16:21:56
1,"1.slow",3,"3.Travelling","25598","2016-08-09 16:21:56",1.03,-0.868,0.328,-0.196,"slow","Travelling","water","surface","",2016-08-09 16:21:56
1,"1.slow",3,"3.Travelling","25599","2016-08-09 16:21:56",1.09,-0.952,0.432,-0.224,"slow","Travelling","water","underwater","",2016-08-09 16:21:56
1,"1.slow",3,"3.Travelling","25600","2016-08-09 16:21:56",1.12,-1.016,0.512,-0.232,"slow","Travelling","water","underwater","",2016-08-09 16:21:56
1,"1.slow",3,"3.Travelling","25601","2016-08-09 16:21:56",1.15,-1.02,0.536,-0.24,"slow","Travelling","water","underwater","",2016-08-09 16:21:56
1,"1.slow",3,"3.Travelling","25602","2016-08-09 16:21:56",1.18,-0.98,0.556,-0.256,"slow","Travelling","water","underwater","",2016-08-09 16:21:56
1,"1.slow",3,"3.Travelling","25603","2016-08-09 16:21:56",1.21,-0.924,0.568,-0.26,"slow","Travelling","water","underwater","",2016-08-09 16:21:56
1,"1.slow",3,"3.Travelling","25604","2016-08-09 16:21:57",1.21,-0.896,0.548,-0.252,"slow","Travelling","water","underwater","",2016-08-09 16:21:57
1,"1.slow",3,"3.Travelling","25605","2016-08-09 16:21:57",1.28,-0.872,0.532,-0.232,"slow","Travelling","water","underwater","",2016-08-09 16:21:57
1,"1.slow",3,"3.Travelling","25606","2016-08-09 16:21:57",1.31,-0.884,0.548,-0.216,"slow","Travelling","water","underwater","",2016-08-09 16:21:57
1,"1.slow",3,"3.Travelling","25607","2016-08-09 16:21:57",1.34,-0.9,0.544,-0.188,"slow","Travelling","water","underwater","",2016-08-09 16:21:57
1,"1.slow",3,"3.Travelling","25608","2016-08-09 16:21:57",1.34,-0.928,0.512,-0.16,"slow","Travelling","water","underwater","",2016-08-09 16:21:57
1,"1.slow",3,"3.Travelling","25609","2016-08-09 16:21:57",1.37,-0.936,0.5,-0.16,"slow","Travelling","water","underwater","",2016-08-09 16:21:57
1,"1.slow",3,"3.Travelling","25610","2016-08-09 16:21:57",1.37,-0.936,0.492,-0.156,"slow","Travelling","water","underwater","",2016-08-09 16:21:57
1,"1.slow",3,"3.Travelling","25611","2016-08-09 16:21:57",1.43,-0.952,0.512,-0.156,"slow","Travelling","water","underwater","",2016-08-09 16:21:57
1,"1.slow",3,"3.Travelling","25612","2016-08-09 16:21:57",1.43,-0.96,0.516,-0.144,"slow","Travelling","water","underwater","",2016-08-09 16:21:57
1,"1.slow",3,"3.Travelling","25613","2016-08-09 16:21:57",1.46,-0.976,0.504,-0.14,"slow","Travelling","water","underwater","",2016-08-09 16:21:57
1,"1.slow",3,"3.Travelling","25614","2016-08-09 16:21:57",1.5,-0.976,0.488,-0.128,"slow","Travelling","water","underwater","",2016-08-09 16:21:57
1,"1.slow",3,"3.Travelling","25615","2016-08-09 16:21:57",1.53,-0.976,0.46,-0.112,"slow","Travelling","water","underwater","",2016-08-09 16:21:57
1,"1.slow",3,"3.Travelling","25616","2016-08-09 16:21:57",1.53,-0.968,0.44,-0.104,"slow","Travelling","water","underwater","",2016-08-09 16:21:57
1,"1.slow",3,"3.Travelling","25617","2016-08-09 16:21:57",1.56,-0.968,0.412,-0.084,"slow","Travelling","water","underwater","",2016-08-09 16:21:57
1,"1.slow",3,"3.Travelling","25618","2016-08-09 16:21:57",1.56,-0.952,0.404,-0.08,"slow","Travelling","water","underwater","",2016-08-09 16:21:57
1,"1.slow",3,"3.Travelling","25619","2016-08-09 16:21:57",1.59,-0.928,0.424,-0.084,"slow","Travelling","water","underwater","",2016-08-09 16:21:57
1,"1.slow",3,"3.Travelling","25620","2016-08-09 16:21:57",1.62,-0.924,0.432,-0.084,"slow","Travelling","water","underwater","",2016-08-09 16:21:57
1,"1.slow",3,"3.Travelling","25621","2016-08-09 16:21:57",1.62,-0.932,0.428,-0.068,"slow","Travelling","water","underwater","",2016-08-09 16:21:57
1,"1.slow",3,"3.Travelling","25622","2016-08-09 16:21:57",1.65,-0.92,0.412,-0.064,"slow","Travelling","water","underwater","",2016-08-09 16:21:57
1,"1.slow",3,"3.Travelling","25623","2016-08-09 16:21:57",1.68,-0.916,0.416,-0.096,"slow","Travelling","water","underwater","",2016-08-09 16:21:57
1,"1.slow",3,"3.Travelling","25624","2016-08-09 16:21:57",1.71,-0.9,0.44,-0.108,"slow","Travelling","water","underwater","",2016-08-09 16:21:57
1,"1.slow",3,"3.Travelling","25625","2016-08-09 16:21:57",1.75,-0.896,0.476,-0.12,"slow","Travelling","water","underwater","",2016-08-09 16:21:57
1,"1.slow",3,"3.Travelling","25626","2016-08-09 16:21:57",1.75,-0.884,0.516,-0.14,"slow","Travelling","water","underwater","",2016-08-09 16:21:57
1,"1.slow",3,"3.Travelling","25627","2016-08-09 16:21:58",1.78,-0.884,0.524,-0.156,"slow","Travelling","water","underwater","",2016-08-09 16:21:58
1,"1.slow",3,"3.Travelling","25628","2016-08-09 16:21:58",1.81,-0.892,0.52,-0.168,"slow","Travelling","water","underwater","",2016-08-09 16:21:58
1,"1.slow",3,"3.Travelling","25629","2016-08-09 16:21:58",1.84,-0.888,0.52,-0.204,"slow","Travelling","water","underwater","",2016-08-09 16:21:58
1,"1.slow",3,"3.Travelling","25630","2016-08-09 16:21:58",1.84,-0.9,0.508,-0.228,"slow","Travelling","water","underwater","",2016-08-09 16:21:58
1,"1.slow",3,"3.Travelling","25631","2016-08-09 16:21:58",1.87,-0.904,0.524,-0.272,"slow","Travelling","water","underwater","",2016-08-09 16:21:58
1,"1.slow",3,"3.Travelling","25632","2016-08-09 16:21:58",1.9,-0.896,0.564,-0.312,"slow","Travelling","water","underwater","",2016-08-09 16:21:58
1,"1.slow",3,"3.Travelling","25633","2016-08-09 16:21:58",1.9,-0.912,0.516,-0.328,"slow","Travelling","water","underwater","",2016-08-09 16:21:58
1,"1.slow",3,"3.Travelling","25634","2016-08-09 16:21:58",1.93,-0.932,0.472,-0.344,"slow","Travelling","water","underwater","",2016-08-09 16:21:58
1,"1.slow",3,"3.Travelling","25635","2016-08-09 16:21:58",1.96,-0.932,0.408,-0.316,"slow","Travelling","water","underwater","",2016-08-09 16:21:58
1,"1.slow",3,"3.Travelling","25636","2016-08-09 16:21:58",1.96,-0.964,0.38,-0.3,"slow","Travelling","water","underwater","",2016-08-09 16:21:58
1,"1.slow",3,"3.Travelling","25637","2016-08-09 16:21:58",2,-0.988,0.288,-0.372,"slow","Travelling","water","underwater","",2016-08-09 16:21:58
1,"1.slow",3,"3.Travelling","25638","2016-08-09 16:21:58",2,-1.028,0.188,-0.436,"slow","Travelling","water","underwater","",2016-08-09 16:21:58
1,"1.slow",3,"3.Travelling","25639","2016-08-09 16:21:58",2.03,-1.064,0.232,-0.436,"slow","Travelling","water","underwater","",2016-08-09 16:21:58
1,"1.slow",3,"3.Travelling","25640","2016-08-09 16:21:58",2.06,-1.044,0.28,-0.484,"slow","Travelling","water","underwater","",2016-08-09 16:21:58
1,"1.slow",3,"3.Travelling","25641","2016-08-09 16:21:58",2.06,-0.928,0.272,-0.46,"slow","Travelling","water","underwater","",2016-08-09 16:21:58
1,"1.slow",3,"3.Travelling","25642","2016-08-09 16:21:58",2.09,-0.896,0.416,-0.468,"slow","Travelling","water","underwater","",2016-08-09 16:21:58
1,"1.slow",3,"3.Travelling","25643","2016-08-09 16:21:58",2.12,-0.852,0.62,-0.456,"slow","Travelling","water","underwater","",2016-08-09 16:21:58
1,"1.slow",3,"3.Travelling","25644","2016-08-09 16:21:58",2.12,-0.76,0.472,-0.376,"slow","Travelling","water","underwater","",2016-08-09 16:21:58
1,"1.slow",3,"3.Travelling","25645","2016-08-09 16:21:58",2.12,-0.8,0.156,-0.356,"slow","Travelling","water","underwater","",2016-08-09 16:21:58
1,"1.slow",3,"3.Travelling","25646","2016-08-09 16:21:58",2.12,-0.956,0.104,-0.368,"slow","Travelling","water","underwater","",2016-08-09 16:21:58
1,"1.slow",3,"3.Travelling","25647","2016-08-09 16:21:58",2.12,-1.096,0.14,-0.448,"slow","Travelling","water","underwater","",2016-08-09 16:21:58
1,"1.slow",3,"3.Travelling","25648","2016-08-09 16:21:58",2.18,-1.12,0.204,-0.428,"slow","Travelling","water","underwater","",2016-08-09 16:21:58
1,"1.slow",3,"3.Travelling","25649","2016-08-09 16:21:58",2.18,-1.028,0.188,-0.38,"slow","Travelling","water","underwater","",2016-08-09 16:21:58
1,"1.slow",3,"3.Travelling","25650","2016-08-09 16:21:58",2.18,-0.904,-0.016,-0.276,"slow","Travelling","water","underwater","",2016-08-09 16:21:58
1,"1.slow",3,"3.Travelling","25651","2016-08-09 16:21:59",2.18,-0.944,-0.048,-0.196,"slow","Travelling","water","underwater","",2016-08-09 16:21:59
1,"1.slow",3,"3.Travelling","25652","2016-08-09 16:21:59",2.25,-0.996,-0.004,-0.1,"slow","Travelling","water","underwater","",2016-08-09 16:21:59
1,"1.slow",3,"3.Travelling","25653","2016-08-09 16:21:59",2.25,-0.956,0.116,0.012,"slow","Travelling","water","underwater","",2016-08-09 16:21:59
1,"1.slow",3,"3.Travelling","25654","2016-08-09 16:21:59",2.21,-0.988,-0.092,-0.06,"slow","Travelling","water","underwater","",2016-08-09 16:21:59
1,"1.slow",3,"3.Travelling","25655","2016-08-09 16:21:59",2.21,-0.896,-0.12,-0.176,"slow","Travelling","water","underwater","",2016-08-09 16:21:59
1,"1.slow",3,"3.Travelling","25656","2016-08-09 16:21:59",2.25,-0.908,0.064,-0.196,"slow","Travelling","water","underwater","",2016-08-09 16:21:59
1,"1.slow",3,"3.Travelling","25657","2016-08-09 16:21:59",2.25,-0.88,0.124,-0.16,"slow","Travelling","water","underwater","",2016-08-09 16:21:59
1,"1.slow",3,"3.Travelling","25658","2016-08-09 16:21:59",2.28,-0.956,0.172,-0.464,"slow","Travelling","water","underwater","",2016-08-09 16:21:59
1,"1.slow",3,"3.Travelling","25659","2016-08-09 16:21:59",2.31,-1.048,0.3,-0.332,"slow","Travelling","water","underwater","",2016-08-09 16:21:59
1,"1.slow",3,"3.Travelling","25660","2016-08-09 16:21:59",2.34,-1.04,0.232,-0.136,"slow","Travelling","water","underwater","",2016-08-09 16:21:59
1,"1.slow",3,"3.Travelling","25661","2016-08-09 16:21:59",2.34,-0.952,0.324,-0.2,"slow","Travelling","water","underwater","",2016-08-09 16:21:59
1,"1.slow",3,"3.Travelling","25662","2016-08-09 16:21:59",2.34,-0.976,0.272,-0.34,"slow","Travelling","water","underwater","",2016-08-09 16:21:59
1,"1.slow",3,"3.Travelling","25663","2016-08-09 16:21:59",2.37,-1.084,0.132,-0.388,"slow","Travelling","water","underwater","",2016-08-09 16:21:59
1,"1.slow",3,"3.Travelling","25664","2016-08-09 16:21:59",2.4,-1.184,0.048,-0.284,"slow","Travelling","water","underwater","",2016-08-09 16:21:59
1,"1.slow",3,"3.Travelling","25665","2016-08-09 16:21:59",2.43,-1.212,0.02,-0.2,"slow","Travelling","water","underwater","",2016-08-09 16:21:59
1,"1.slow",3,"3.Travelling","25666","2016-08-09 16:21:59",2.43,-1.144,0.088,-0.096,"slow","Travelling","water","underwater","",2016-08-09 16:21:59
1,"1.slow",3,"3.Travelling","25667","2016-08-09 16:21:59",2.46,-1.08,0.176,-0.04,"slow","Travelling","water","underwater","",2016-08-09 16:21:59
1,"1.slow",3,"3.Travelling","25668","2016-08-09 16:21:59",2.46,-1.044,0.276,0.012,"slow","Travelling","water","underwater","",2016-08-09 16:21:59
1,"1.slow",3,"3.Travelling","25669","2016-08-09 16:21:59",2.46,-1.028,0.348,0.052,"slow","Travelling","water","underwater","",2016-08-09 16:21:59
1,"1.slow",3,"3.Travelling","25670","2016-08-09 16:21:59",2.5,-0.992,0.368,0.088,"slow","Travelling","water","underwater","",2016-08-09 16:21:59
1,"1.slow",3,"3.Travelling","25671","2016-08-09 16:21:59",2.5,-0.96,0.328,0.14,"slow","Travelling","water","underwater","",2016-08-09 16:21:59
1,"1.slow",3,"3.Travelling","25672","2016-08-09 16:21:59",2.5,-0.928,0.3,0.208,"slow","Travelling","water","underwater","",2016-08-09 16:21:59
1,"1.slow",3,"3.Travelling","25673","2016-08-09 16:21:59",2.5,-0.912,0.3,0.26,"slow","Travelling","water","underwater","",2016-08-09 16:21:59
1,"1.slow",3,"3.Travelling","25674","2016-08-09 16:21:59",2.53,-0.852,0.352,0.344,"slow","Travelling","water","underwater","",2016-08-09 16:21:59
1,"1.slow",3,"3.Travelling","25675","2016-08-09 16:22:00",2.56,-0.776,0.404,0.448,"slow","Travelling","water","underwater","",2016-08-09 16:22:00
1,"1.slow",3,"3.Travelling","25676","2016-08-09 16:22:00",2.56,-0.74,0.476,0.504,"slow","Travelling","water","underwater","",2016-08-09 16:22:00
1,"1.slow",3,"3.Travelling","25677","2016-08-09 16:22:00",2.56,-0.716,0.572,0.5,"slow","Travelling","water","underwater","",2016-08-09 16:22:00
1,"1.slow",3,"3.Travelling","25678","2016-08-09 16:22:00",2.56,-0.712,0.632,0.432,"slow","Travelling","water","underwater","",2016-08-09 16:22:00
1,"1.slow",3,"3.Travelling","25679","2016-08-09 16:22:00",2.56,-0.716,0.672,0.392,"slow","Travelling","water","underwater","",2016-08-09 16:22:00
1,"1.slow",3,"3.Travelling","25680","2016-08-09 16:22:00",2.59,-0.68,0.704,0.436,"slow","Travelling","water","underwater","",2016-08-09 16:22:00
1,"1.slow",3,"3.Travelling","25681","2016-08-09 16:22:00",2.59,-0.628,0.716,0.44,"slow","Travelling","water","underwater","",2016-08-09 16:22:00
1,"1.slow",3,"3.Travelling","25682","2016-08-09 16:22:00",2.59,-0.584,0.748,0.468,"slow","Travelling","water","underwater","",2016-08-09 16:22:00
1,"1.slow",3,"3.Travelling","25683","2016-08-09 16:22:00",2.59,-0.564,0.772,0.464,"slow","Travelling","water","underwater","",2016-08-09 16:22:00
1,"1.slow",3,"3.Travelling","25684","2016-08-09 16:22:00",2.59,-0.524,0.732,0.5,"slow","Travelling","water","underwater","",2016-08-09 16:22:00
1,"1.slow",3,"3.Travelling","25685","2016-08-09 16:22:00",2.59,-0.468,0.704,0.56,"slow","Travelling","water","underwater","",2016-08-09 16:22:00
1,"1.slow",3,"3.Travelling","25686","2016-08-09 16:22:00",2.59,-0.436,0.712,0.576,"slow","Travelling","water","underwater","",2016-08-09 16:22:00
1,"1.slow",3,"3.Travelling","25687","2016-08-09 16:22:00",2.59,-0.432,0.716,0.576,"slow","Travelling","water","underwater","",2016-08-09 16:22:00
1,"1.slow",3,"3.Travelling","25688","2016-08-09 16:22:00",2.59,-0.432,0.7,0.612,"slow","Travelling","water","underwater","",2016-08-09 16:22:00
1,"1.slow",3,"3.Travelling","25689","2016-08-09 16:22:00",2.56,-0.42,0.632,0.632,"slow","Travelling","water","underwater","",2016-08-09 16:22:00
1,"1.slow",3,"3.Travelling","25690","2016-08-09 16:22:00",2.59,-0.42,0.584,0.652,"slow","Travelling","water","underwater","",2016-08-09 16:22:00
1,"1.slow",3,"3.Travelling","25691","2016-08-09 16:22:00",2.56,-0.44,0.556,0.676,"slow","Travelling","water","underwater","",2016-08-09 16:22:00
1,"1.slow",3,"3.Travelling","25692","2016-08-09 16:22:00",2.56,-0.44,0.544,0.684,"slow","Travelling","water","underwater","",2016-08-09 16:22:00
1,"1.slow",3,"3.Travelling","25693","2016-08-09 16:22:00",2.56,-0.448,0.48,0.668,"slow","Travelling","water","underwater","",2016-08-09 16:22:00
1,"1.slow",3,"3.Travelling","25694","2016-08-09 16:22:00",2.59,-0.448,0.392,0.7,"slow","Travelling","water","underwater","",2016-08-09 16:22:00
1,"1.slow",3,"3.Travelling","25695","2016-08-09 16:22:00",2.56,-0.456,0.296,0.728,"slow","Travelling","water","underwater","",2016-08-09 16:22:00
1,"1.slow",3,"3.Travelling","25696","2016-08-09 16:22:00",2.59,-0.44,0.232,0.772,"slow","Travelling","water","underwater","",2016-08-09 16:22:00
1,"1.slow",3,"3.Travelling","25697","2016-08-09 16:22:00",2.56,-0.4,0.176,0.792,"slow","Travelling","water","underwater","",2016-08-09 16:22:00
1,"1.slow",3,"3.Travelling","25698","2016-08-09 16:22:00",2.59,-0.364,0.156,0.804,"slow","Travelling","water","underwater","",2016-08-09 16:22:00
1,"1.slow",3,"3.Travelling","25699","2016-08-09 16:22:01",2.59,-0.32,0.148,0.852,"slow","Travelling","water","underwater","",2016-08-09 16:22:01
1,"1.slow",3,"3.Travelling","25700","2016-08-09 16:22:01",2.59,-0.296,0.124,0.876,"slow","Travelling","water","underwater","",2016-08-09 16:22:01
1,"1.slow",3,"3.Travelling","25701","2016-08-09 16:22:01",2.59,-0.292,0.088,0.9,"slow","Travelling","water","underwater","",2016-08-09 16:22:01
1,"1.slow",3,"3.Travelling","25702","2016-08-09 16:22:01",2.59,-0.28,0.052,0.924,"slow","Travelling","water","underwater","",2016-08-09 16:22:01
1,"1.slow",3,"3.Travelling","25703","2016-08-09 16:22:01",2.59,-0.28,0.016,0.912,"slow","Travelling","water","underwater","",2016-08-09 16:22:01
1,"1.slow",3,"3.Travelling","25704","2016-08-09 16:22:01",2.59,-0.292,-0.024,0.884,"slow","Travelling","water","underwater","",2016-08-09 16:22:01
1,"1.slow",3,"3.Travelling","25705","2016-08-09 16:22:01",2.59,-0.284,-0.032,0.872,"slow","Travelling","water","underwater","",2016-08-09 16:22:01
1,"1.slow",3,"3.Travelling","25706","2016-08-09 16:22:01",2.59,-0.292,-0.06,0.868,"slow","Travelling","water","underwater","",2016-08-09 16:22:01
1,"1.slow",3,"3.Travelling","25707","2016-08-09 16:22:01",2.59,-0.292,-0.08,0.868,"slow","Travelling","water","underwater","",2016-08-09 16:22:01
1,"1.slow",3,"3.Travelling","25708","2016-08-09 16:22:01",2.59,-0.312,-0.096,0.868,"slow","Travelling","water","underwater","",2016-08-09 16:22:01
1,"1.slow",3,"3.Travelling","25709","2016-08-09 16:22:01",2.62,-0.324,-0.108,0.876,"slow","Travelling","water","underwater","",2016-08-09 16:22:01
1,"1.slow",3,"3.Travelling","25710","2016-08-09 16:22:01",2.59,-0.32,-0.136,0.864,"slow","Travelling","water","underwater","",2016-08-09 16:22:01
1,"1.slow",3,"3.Travelling","25711","2016-08-09 16:22:01",2.62,-0.312,-0.148,0.864,"slow","Travelling","water","underwater","",2016-08-09 16:22:01
1,"1.slow",3,"3.Travelling","25712","2016-08-09 16:22:01",2.62,-0.3,-0.16,0.868,"slow","Travelling","water","underwater","",2016-08-09 16:22:01
1,"1.slow",3,"3.Travelling","25713","2016-08-09 16:22:01",2.62,-0.296,-0.156,0.868,"slow","Travelling","water","underwater","",2016-08-09 16:22:01
1,"1.slow",3,"3.Travelling","25714","2016-08-09 16:22:01",2.62,-0.296,-0.172,0.864,"slow","Travelling","water","underwater","",2016-08-09 16:22:01
1,"1.slow",3,"3.Travelling","25715","2016-08-09 16:22:01",2.62,-0.304,-0.188,0.848,"slow","Travelling","water","underwater","",2016-08-09 16:22:01
1,"1.slow",3,"3.Travelling","25716","2016-08-09 16:22:01",2.62,-0.328,-0.212,0.84,"slow","Travelling","water","underwater","",2016-08-09 16:22:01
1,"1.slow",3,"3.Travelling","25717","2016-08-09 16:22:01",2.59,-0.336,-0.228,0.832,"slow","Travelling","water","underwater","",2016-08-09 16:22:01
1,"1.slow",3,"3.Travelling","25718","2016-08-09 16:22:01",2.59,-0.348,-0.228,0.82,"slow","Travelling","water","underwater","",2016-08-09 16:22:01
1,"1.slow",3,"3.Travelling","25719","2016-08-09 16:22:01",2.62,-0.348,-0.236,0.828,"slow","Travelling","water","underwater","",2016-08-09 16:22:01
1,"1.slow",3,"3.Travelling","25720","2016-08-09 16:22:01",2.62,-0.356,-0.244,0.832,"slow","Travelling","water","underwater","",2016-08-09 16:22:01
1,"1.slow",3,"3.Travelling","25721","2016-08-09 16:22:01",2.62,-0.356,-0.252,0.824,"slow","Travelling","water","underwater","",2016-08-09 16:22:01
1,"1.slow",3,"3.Travelling","25722","2016-08-09 16:22:01",2.65,-0.352,-0.252,0.836,"slow","Travelling","water","underwater","",2016-08-09 16:22:01
1,"1.slow",3,"3.Travelling","25723","2016-08-09 16:22:02",2.65,-0.356,-0.268,0.844,"slow","Travelling","water","underwater","",2016-08-09 16:22:02
1,"1.slow",3,"3.Travelling","25724","2016-08-09 16:22:02",2.65,-0.352,-0.3,0.848,"slow","Travelling","water","underwater","",2016-08-09 16:22:02
1,"1.slow",3,"3.Travelling","25725","2016-08-09 16:22:02",2.65,-0.348,-0.32,0.832,"slow","Travelling","water","underwater","",2016-08-09 16:22:02
1,"1.slow",3,"3.Travelling","25726","2016-08-09 16:22:02",2.65,-0.34,-0.336,0.804,"slow","Travelling","water","underwater","",2016-08-09 16:22:02
1,"1.slow",3,"3.Travelling","25727","2016-08-09 16:22:02",2.62,-0.352,-0.34,0.804,"slow","Travelling","water","underwater","",2016-08-09 16:22:02
1,"1.slow",3,"3.Travelling","25728","2016-08-09 16:22:02",2.65,-0.364,-0.34,0.792,"slow","Travelling","water","underwater","",2016-08-09 16:22:02
1,"1.slow",3,"3.Travelling","25729","2016-08-09 16:22:02",2.65,-0.356,-0.356,0.816,"slow","Travelling","water","underwater","",2016-08-09 16:22:02
1,"1.slow",3,"3.Travelling","25730","2016-08-09 16:22:02",2.65,-0.352,-0.344,0.816,"slow","Travelling","water","underwater","",2016-08-09 16:22:02
1,"1.slow",3,"3.Travelling","25731","2016-08-09 16:22:02",2.65,-0.344,-0.336,0.808,"slow","Travelling","water","underwater","",2016-08-09 16:22:02
1,"1.slow",3,"3.Travelling","25732","2016-08-09 16:22:02",2.65,-0.332,-0.36,0.82,"slow","Travelling","water","underwater","",2016-08-09 16:22:02
1,"1.slow",3,"3.Travelling","25733","2016-08-09 16:22:02",2.65,-0.32,-0.38,0.796,"slow","Travelling","water","underwater","",2016-08-09 16:22:02
1,"1.slow",3,"3.Travelling","25734","2016-08-09 16:22:02",2.65,-0.288,-0.408,0.78,"slow","Travelling","water","underwater","",2016-08-09 16:22:02
1,"1.slow",3,"3.Travelling","25735","2016-08-09 16:22:02",2.65,-0.268,-0.436,0.776,"slow","Travelling","water","underwater","",2016-08-09 16:22:02
1,"1.slow",3,"3.Travelling","25736","2016-08-09 16:22:02",2.65,-0.232,-0.468,0.78,"slow","Travelling","water","underwater","",2016-08-09 16:22:02
1,"1.slow",3,"3.Travelling","25737","2016-08-09 16:22:02",2.65,-0.204,-0.5,0.784,"slow","Travelling","water","underwater","",2016-08-09 16:22:02
1,"1.slow",3,"3.Travelling","25738","2016-08-09 16:22:02",2.65,-0.188,-0.528,0.768,"slow","Travelling","water","underwater","",2016-08-09 16:22:02
1,"1.slow",3,"3.Travelling","25739","2016-08-09 16:22:02",2.65,-0.164,-0.544,0.756,"slow","Travelling","water","underwater","",2016-08-09 16:22:02
1,"1.slow",3,"3.Travelling","25740","2016-08-09 16:22:02",2.65,-0.168,-0.564,0.728,"slow","Travelling","water","underwater","",2016-08-09 16:22:02
1,"1.slow",3,"3.Travelling","25741","2016-08-09 16:22:02",2.65,-0.152,-0.588,0.684,"slow","Travelling","water","underwater","",2016-08-09 16:22:02
1,"1.slow",3,"3.Travelling","25742","2016-08-09 16:22:02",2.65,-0.136,-0.624,0.672,"slow","Travelling","water","underwater","",2016-08-09 16:22:02
1,"1.slow",3,"3.Travelling","25743","2016-08-09 16:22:02",2.65,-0.116,-0.672,0.636,"slow","Travelling","water","underwater","",2016-08-09 16:22:02
1,"1.slow",3,"3.Travelling","25744","2016-08-09 16:22:02",2.68,-0.104,-0.724,0.66,"slow","Travelling","water","underwater","",2016-08-09 16:22:02
1,"1.slow",3,"3.Travelling","25745","2016-08-09 16:22:02",2.68,-0.076,-0.804,0.648,"slow","Travelling","water","underwater","",2016-08-09 16:22:02
1,"1.slow",3,"3.Travelling","25746","2016-08-09 16:22:02",2.68,-0.044,-0.84,0.592,"slow","Travelling","water","underwater","",2016-08-09 16:22:02
1,"1.slow",3,"3.Travelling","25747","2016-08-09 16:22:03",2.65,-0.012,-0.864,0.548,"slow","Travelling","water","underwater","",2016-08-09 16:22:03
1,"1.slow",3,"3.Travelling","25748","2016-08-09 16:22:03",2.68,0.004,-0.884,0.492,"slow","Travelling","water","underwater","",2016-08-09 16:22:03
1,"1.slow",3,"3.Travelling","25749","2016-08-09 16:22:03",2.65,-0.004,-0.916,0.456,"slow","Travelling","water","underwater","",2016-08-09 16:22:03
1,"1.slow",3,"3.Travelling","25750","2016-08-09 16:22:03",2.68,-0.012,-0.94,0.42,"slow","Travelling","water","underwater","",2016-08-09 16:22:03
1,"1.slow",3,"3.Travelling","25751","2016-08-09 16:22:03",2.65,-0.028,-0.964,0.384,"slow","Travelling","water","underwater","",2016-08-09 16:22:03
1,"1.slow",3,"3.Travelling","25752","2016-08-09 16:22:03",2.65,-0.056,-0.968,0.384,"slow","Travelling","water","underwater","",2016-08-09 16:22:03
1,"1.slow",3,"3.Travelling","25753","2016-08-09 16:22:03",2.65,-0.096,-0.992,0.424,"slow","Travelling","water","underwater","",2016-08-09 16:22:03
1,"1.slow",3,"3.Travelling","25754","2016-08-09 16:22:03",2.65,-0.12,-1.008,0.408,"slow","Travelling","water","underwater","",2016-08-09 16:22:03
1,"1.slow",3,"3.Travelling","25755","2016-08-09 16:22:03",2.65,-0.112,-0.996,0.432,"slow","Travelling","water","underwater","",2016-08-09 16:22:03
1,"1.slow",3,"3.Travelling","25756","2016-08-09 16:22:03",2.65,-0.084,-0.964,0.476,"slow","Travelling","water","underwater","",2016-08-09 16:22:03
1,"1.slow",3,"3.Travelling","25757","2016-08-09 16:22:03",2.62,-0.056,-0.924,0.556,"slow","Travelling","water","underwater","",2016-08-09 16:22:03
1,"1.slow",3,"3.Travelling","25758","2016-08-09 16:22:03",2.62,-0.056,-0.872,0.592,"slow","Travelling","water","underwater","",2016-08-09 16:22:03
1,"1.slow",3,"3.Travelling","25759","2016-08-09 16:22:03",2.59,-0.068,-0.828,0.592,"slow","Travelling","water","underwater","",2016-08-09 16:22:03
1,"1.slow",3,"3.Travelling","25760","2016-08-09 16:22:03",2.59,-0.108,-0.784,0.58,"slow","Travelling","water","underwater","",2016-08-09 16:22:03
1,"1.slow",3,"3.Travelling","25761","2016-08-09 16:22:03",2.56,-0.132,-0.732,0.612,"slow","Travelling","water","underwater","",2016-08-09 16:22:03
1,"1.slow",3,"3.Travelling","25762","2016-08-09 16:22:03",2.56,-0.168,-0.66,0.656,"slow","Travelling","water","underwater","",2016-08-09 16:22:03
1,"1.slow",3,"3.Travelling","25763","2016-08-09 16:22:03",2.53,-0.192,-0.608,0.684,"slow","Travelling","water","underwater","",2016-08-09 16:22:03
1,"1.slow",3,"3.Travelling","25764","2016-08-09 16:22:03",2.53,-0.208,-0.556,0.724,"slow","Travelling","water","underwater","",2016-08-09 16:22:03
1,"1.slow",3,"3.Travelling","25765","2016-08-09 16:22:03",2.5,-0.208,-0.5,0.752,"slow","Travelling","water","underwater","",2016-08-09 16:22:03
1,"1.slow",3,"3.Travelling","25766","2016-08-09 16:22:03",2.5,-0.216,-0.468,0.78,"slow","Travelling","water","underwater","",2016-08-09 16:22:03
1,"1.slow",3,"3.Travelling","25767","2016-08-09 16:22:03",2.46,-0.224,-0.428,0.796,"slow","Travelling","water","underwater","",2016-08-09 16:22:03
1,"1.slow",3,"3.Travelling","25768","2016-08-09 16:22:03",2.46,-0.208,-0.376,0.812,"slow","Travelling","water","underwater","",2016-08-09 16:22:03
1,"1.slow",3,"3.Travelling","25769","2016-08-09 16:22:03",2.46,-0.2,-0.324,0.804,"slow","Travelling","water","underwater","",2016-08-09 16:22:03
1,"1.slow",3,"3.Travelling","25770","2016-08-09 16:22:04",2.46,-0.232,-0.264,0.82,"slow","Travelling","water","underwater","",2016-08-09 16:22:04
1,"1.slow",3,"3.Travelling","25771","2016-08-09 16:22:04",2.43,-0.24,-0.212,0.828,"slow","Travelling","water","underwater","",2016-08-09 16:22:04
1,"1.slow",3,"3.Travelling","25772","2016-08-09 16:22:04",2.43,-0.248,-0.136,0.812,"slow","Travelling","water","underwater","",2016-08-09 16:22:04
1,"1.slow",3,"3.Travelling","25773","2016-08-09 16:22:04",2.43,-0.26,-0.052,0.804,"slow","Travelling","water","underwater","",2016-08-09 16:22:04
1,"1.slow",3,"3.Travelling","25774","2016-08-09 16:22:04",2.43,-0.268,0.036,0.796,"slow","Travelling","water","underwater","",2016-08-09 16:22:04
1,"1.slow",3,"3.Travelling","25775","2016-08-09 16:22:04",2.43,-0.268,0.104,0.788,"slow","Travelling","water","underwater","",2016-08-09 16:22:04
1,"1.slow",3,"3.Travelling","25776","2016-08-09 16:22:04",2.4,-0.272,0.184,0.764,"slow","Travelling","water","underwater","",2016-08-09 16:22:04
1,"1.slow",3,"3.Travelling","25777","2016-08-09 16:22:04",2.4,-0.276,0.26,0.736,"slow","Travelling","water","underwater","",2016-08-09 16:22:04
1,"1.slow",3,"3.Travelling","25778","2016-08-09 16:22:04",2.4,-0.296,0.344,0.704,"slow","Travelling","water","underwater","",2016-08-09 16:22:04
1,"1.slow",3,"3.Travelling","25779","2016-08-09 16:22:04",2.4,-0.32,0.412,0.668,"slow","Travelling","water","underwater","",2016-08-09 16:22:04
1,"1.slow",3,"3.Travelling","25780","2016-08-09 16:22:04",2.43,-0.336,0.488,0.628,"slow","Travelling","water","underwater","",2016-08-09 16:22:04
1,"1.slow",3,"3.Travelling","25781","2016-08-09 16:22:04",2.43,-0.336,0.56,0.544,"slow","Travelling","water","underwater","",2016-08-09 16:22:04
1,"1.slow",3,"3.Travelling","25782","2016-08-09 16:22:04",2.43,-0.324,0.644,0.484,"slow","Travelling","water","underwater","",2016-08-09 16:22:04
1,"1.slow",3,"3.Travelling","25783","2016-08-09 16:22:04",2.46,-0.316,0.744,0.392,"slow","Travelling","water","underwater","",2016-08-09 16:22:04
1,"1.slow",3,"3.Travelling","25784","2016-08-09 16:22:04",2.46,-0.312,0.84,0.3,"slow","Travelling","water","underwater","",2016-08-09 16:22:04
1,"1.slow",3,"3.Travelling","25785","2016-08-09 16:22:04",2.46,-0.308,0.892,0.22,"slow","Travelling","water","underwater","",2016-08-09 16:22:04
1,"1.slow",3,"3.Travelling","25786","2016-08-09 16:22:04",2.46,-0.304,0.94,0.128,"slow","Travelling","water","underwater","",2016-08-09 16:22:04
1,"1.slow",3,"3.Travelling","25787","2016-08-09 16:22:04",2.46,-0.296,0.972,0.036,"slow","Travelling","water","underwater","",2016-08-09 16:22:04
1,"1.slow",3,"3.Travelling","25788","2016-08-09 16:22:04",2.5,-0.284,0.992,-0.044,"slow","Travelling","water","underwater","",2016-08-09 16:22:04
1,"1.slow",3,"3.Travelling","25789","2016-08-09 16:22:04",2.53,-0.276,0.996,-0.128,"slow","Travelling","water","underwater","",2016-08-09 16:22:04
1,"1.slow",3,"3.Travelling","25790","2016-08-09 16:22:04",2.56,-0.256,1,-0.224,"slow","Travelling","water","underwater","",2016-08-09 16:22:04
1,"1.slow",3,"3.Travelling","25791","2016-08-09 16:22:04",2.56,-0.256,0.996,-0.32,"slow","Travelling","water","underwater","",2016-08-09 16:22:04
1,"1.slow",3,"3.Travelling","25792","2016-08-09 16:22:04",2.56,-0.252,0.984,-0.396,"slow","Travelling","water","underwater","",2016-08-09 16:22:04
1,"1.slow",3,"3.Travelling","25793","2016-08-09 16:22:04",2.59,-0.24,0.956,-0.456,"slow","Travelling","water","underwater","",2016-08-09 16:22:04
1,"1.slow",3,"3.Travelling","25794","2016-08-09 16:22:05",2.59,-0.228,0.936,-0.544,"slow","Travelling","water","underwater","",2016-08-09 16:22:05
1,"1.slow",3,"3.Travelling","25795","2016-08-09 16:22:05",2.62,-0.216,0.936,-0.616,"slow","Travelling","water","underwater","",2016-08-09 16:22:05
1,"1.slow",3,"3.Travelling","25796","2016-08-09 16:22:05",2.62,-0.216,0.936,-0.688,"slow","Travelling","water","underwater","",2016-08-09 16:22:05
1,"1.slow",3,"3.Travelling","25797","2016-08-09 16:22:05",2.62,-0.2,0.912,-0.724,"slow","Travelling","water","underwater","",2016-08-09 16:22:05
1,"1.slow",3,"3.Travelling","25798","2016-08-09 16:22:05",2.65,-0.204,0.856,-0.76,"slow","Travelling","water","underwater","",2016-08-09 16:22:05
1,"1.slow",3,"3.Travelling","25799","2016-08-09 16:22:05",2.65,-0.224,0.8,-0.804,"slow","Travelling","water","underwater","",2016-08-09 16:22:05
1,"1.slow",3,"3.Travelling","25800","2016-08-09 16:22:05",2.65,-0.212,0.748,-0.832,"slow","Travelling","water","underwater","",2016-08-09 16:22:05
1,"1.slow",3,"3.Travelling","25801","2016-08-09 16:22:05",2.65,-0.204,0.712,-0.86,"slow","Travelling","water","underwater","",2016-08-09 16:22:05
1,"1.slow",3,"3.Travelling","25802","2016-08-09 16:22:05",2.65,-0.2,0.688,-0.884,"slow","Travelling","water","underwater","",2016-08-09 16:22:05
1,"1.slow",3,"3.Travelling","25803","2016-08-09 16:22:05",2.65,-0.208,0.648,-0.912,"slow","Travelling","water","underwater","",2016-08-09 16:22:05
1,"1.slow",3,"3.Travelling","25804","2016-08-09 16:22:05",2.65,-0.212,0.616,-0.912,"slow","Travelling","water","underwater","",2016-08-09 16:22:05
1,"1.slow",3,"3.Travelling","25805","2016-08-09 16:22:05",2.65,-0.212,0.608,-0.932,"slow","Travelling","water","underwater","",2016-08-09 16:22:05
1,"1.slow",3,"3.Travelling","25806","2016-08-09 16:22:05",2.65,-0.212,0.58,-0.932,"slow","Travelling","water","underwater","",2016-08-09 16:22:05
1,"1.slow",3,"3.Travelling","25807","2016-08-09 16:22:05",2.65,-0.228,0.564,-0.948,"slow","Travelling","water","underwater","",2016-08-09 16:22:05
1,"1.slow",3,"3.Travelling","25808","2016-08-09 16:22:05",2.65,-0.252,0.588,-0.916,"slow","Travelling","water","underwater","",2016-08-09 16:22:05
1,"1.slow",3,"3.Travelling","25809","2016-08-09 16:22:05",2.62,-0.252,0.576,-0.924,"slow","Travelling","water","underwater","",2016-08-09 16:22:05
1,"1.slow",3,"3.Travelling","25810","2016-08-09 16:22:05",2.62,-0.264,0.564,-0.936,"slow","Travelling","water","underwater","",2016-08-09 16:22:05
1,"1.slow",3,"3.Travelling","25811","2016-08-09 16:22:05",2.62,-0.272,0.532,-0.924,"slow","Travelling","water","underwater","",2016-08-09 16:22:05
1,"1.slow",3,"3.Travelling","25812","2016-08-09 16:22:05",2.62,-0.216,0.5,-0.852,"slow","Travelling","water","underwater","",2016-08-09 16:22:05
1,"1.slow",3,"3.Travelling","25813","2016-08-09 16:22:05",2.59,-0.208,0.492,-0.856,"slow","Travelling","water","underwater","",2016-08-09 16:22:05
1,"1.slow",3,"3.Travelling","25814","2016-08-09 16:22:05",2.62,-0.148,0.504,-0.8,"slow","Travelling","water","underwater","",2016-08-09 16:22:05
1,"1.slow",3,"3.Travelling","25815","2016-08-09 16:22:05",2.62,-0.1,0.52,-0.76,"slow","Travelling","water","underwater","",2016-08-09 16:22:05
1,"1.slow",3,"3.Travelling","25816","2016-08-09 16:22:05",2.59,-0.068,0.384,-0.852,"slow","Travelling","water","underwater","",2016-08-09 16:22:05
1,"1.slow",3,"3.Travelling","25817","2016-08-09 16:22:05",2.59,-0.04,0.404,-0.904,"slow","Travelling","water","underwater","",2016-08-09 16:22:05
1,"1.slow",3,"3.Travelling","25818","2016-08-09 16:22:06",2.62,0.028,0.424,-0.936,"slow","Travelling","water","underwater","",2016-08-09 16:22:06
1,"1.slow",3,"3.Travelling","25819","2016-08-09 16:22:06",2.59,0.016,0.384,-0.976,"slow","Travelling","water","underwater","",2016-08-09 16:22:06
1,"1.slow",3,"3.Travelling","25820","2016-08-09 16:22:06",2.59,0.04,0.352,-1,"slow","Travelling","water","underwater","",2016-08-09 16:22:06
1,"1.slow",3,"3.Travelling","25821","2016-08-09 16:22:06",2.59,0,0.328,-1.032,"slow","Travelling","water","underwater","",2016-08-09 16:22:06
1,"1.slow",3,"3.Travelling","25822","2016-08-09 16:22:06",2.59,0.012,0.244,-1.052,"slow","Travelling","water","underwater","",2016-08-09 16:22:06
1,"1.slow",3,"3.Travelling","25823","2016-08-09 16:22:06",2.59,0,0.192,-1.116,"slow","Travelling","water","underwater","",2016-08-09 16:22:06
1,"1.slow",3,"3.Travelling","25824","2016-08-09 16:22:06",2.62,-0.032,0.144,-1.152,"slow","Travelling","water","underwater","",2016-08-09 16:22:06
1,"1.slow",3,"3.Travelling","25825","2016-08-09 16:22:06",2.62,-0.044,0.216,-1.156,"slow","Travelling","water","underwater","",2016-08-09 16:22:06
1,"1.slow",3,"3.Travelling","25826","2016-08-09 16:22:06",2.65,-0.028,0.268,-1.052,"slow","Travelling","water","underwater","",2016-08-09 16:22:06
1,"1.slow",3,"3.Travelling","25827","2016-08-09 16:22:06",2.65,-0.016,0.268,-0.92,"slow","Travelling","water","underwater","",2016-08-09 16:22:06
1,"1.slow",3,"3.Travelling","25828","2016-08-09 16:22:06",2.65,-0.016,0.208,-0.856,"slow","Travelling","water","underwater","",2016-08-09 16:22:06
1,"1.slow",3,"3.Travelling","25829","2016-08-09 16:22:06",2.65,0.008,0.14,-0.916,"slow","Travelling","water","underwater","",2016-08-09 16:22:06
1,"1.slow",3,"3.Travelling","25830","2016-08-09 16:22:06",2.65,0.032,0.236,-1.008,"slow","Travelling","water","underwater","",2016-08-09 16:22:06
1,"1.slow",3,"3.Travelling","25831","2016-08-09 16:22:06",2.65,0.12,0.192,-1.048,"slow","Travelling","water","underwater","",2016-08-09 16:22:06
1,"1.slow",3,"3.Travelling","25832","2016-08-09 16:22:06",2.65,0.132,0.32,-1.1,"slow","Travelling","water","underwater","",2016-08-09 16:22:06
1,"1.slow",3,"3.Travelling","25833","2016-08-09 16:22:06",2.65,0.108,0.348,-1.108,"slow","Travelling","water","underwater","",2016-08-09 16:22:06
1,"1.slow",3,"3.Travelling","25834","2016-08-09 16:22:06",2.65,0.048,0.504,-1.204,"slow","Travelling","water","underwater","",2016-08-09 16:22:06
1,"1.slow",3,"3.Travelling","25835","2016-08-09 16:22:06",2.62,-0.068,0.544,-1.336,"slow","Travelling","water","underwater","",2016-08-09 16:22:06
1,"1.slow",3,"3.Travelling","25836","2016-08-09 16:22:06",2.59,-0.12,0.536,-1.284,"slow","Travelling","water","underwater","",2016-08-09 16:22:06
1,"1.slow",3,"3.Travelling","25837","2016-08-09 16:22:06",2.62,-0.088,0.584,-1.088,"slow","Travelling","water","underwater","",2016-08-09 16:22:06
1,"1.slow",3,"3.Travelling","25838","2016-08-09 16:22:06",2.59,-0.044,0.748,-0.84,"slow","Travelling","water","underwater","",2016-08-09 16:22:06
1,"1.slow",3,"3.Travelling","25839","2016-08-09 16:22:06",2.56,-0.124,0.904,-0.74,"slow","Travelling","water","underwater","",2016-08-09 16:22:06
1,"1.slow",3,"3.Travelling","25840","2016-08-09 16:22:06",2.53,-0.26,1,-0.636,"slow","Travelling","water","underwater","",2016-08-09 16:22:06
1,"1.slow",3,"3.Travelling","25841","2016-08-09 16:22:06",2.53,-0.296,0.996,-0.408,"slow","Travelling","water","underwater","",2016-08-09 16:22:06
1,"1.slow",3,"3.Travelling","25842","2016-08-09 16:22:07",2.53,-0.284,0.888,-0.272,"slow","Travelling","water","underwater","",2016-08-09 16:22:07
1,"1.slow",3,"3.Travelling","25843","2016-08-09 16:22:07",2.53,-0.196,0.616,-0.096,"slow","Travelling","water","underwater","",2016-08-09 16:22:07
1,"1.slow",3,"3.Travelling","25844","2016-08-09 16:22:07",2.53,-0.2,0.456,0.016,"slow","Travelling","water","underwater","",2016-08-09 16:22:07
1,"1.slow",3,"3.Travelling","25845","2016-08-09 16:22:07",2.53,-0.232,0.512,0.148,"slow","Travelling","water","underwater","",2016-08-09 16:22:07
1,"1.slow",3,"3.Travelling","25846","2016-08-09 16:22:07",2.56,-0.244,0.648,0.096,"slow","Travelling","water","underwater","",2016-08-09 16:22:07
1,"1.slow",3,"3.Travelling","25847","2016-08-09 16:22:07",2.56,-0.276,0.844,0.06,"slow","Travelling","water","underwater","",2016-08-09 16:22:07
1,"1.slow",3,"3.Travelling","25848","2016-08-09 16:22:07",2.59,-0.288,1,0.088,"slow","Travelling","water","underwater","",2016-08-09 16:22:07
1,"1.slow",3,"3.Travelling","25849","2016-08-09 16:22:07",2.59,-0.36,1.036,0.064,"slow","Travelling","water","underwater","",2016-08-09 16:22:07
1,"1.slow",3,"3.Travelling","25850","2016-08-09 16:22:07",2.62,-0.396,1.048,0.064,"slow","Travelling","water","underwater","",2016-08-09 16:22:07
1,"1.slow",3,"3.Travelling","25851","2016-08-09 16:22:07",2.62,-0.368,1.048,0.084,"slow","Travelling","water","underwater","",2016-08-09 16:22:07
1,"1.slow",3,"3.Travelling","25852","2016-08-09 16:22:07",2.62,-0.336,1.048,0.088,"slow","Travelling","water","underwater","",2016-08-09 16:22:07
1,"1.slow",3,"3.Travelling","25853","2016-08-09 16:22:07",2.62,-0.32,1.04,0.12,"slow","Travelling","water","underwater","",2016-08-09 16:22:07
1,"1.slow",3,"3.Travelling","25854","2016-08-09 16:22:07",2.62,-0.304,1.04,0.168,"slow","Travelling","water","underwater","",2016-08-09 16:22:07
1,"1.slow",3,"3.Travelling","25855","2016-08-09 16:22:07",2.62,-0.28,1.04,0.192,"slow","Travelling","water","underwater","",2016-08-09 16:22:07
1,"1.slow",3,"3.Travelling","25856","2016-08-09 16:22:07",2.62,-0.264,1.06,0.2,"slow","Travelling","water","underwater","",2016-08-09 16:22:07
1,"1.slow",3,"3.Travelling","25857","2016-08-09 16:22:07",2.62,-0.256,1.12,0.212,"slow","Travelling","water","underwater","",2016-08-09 16:22:07
1,"1.slow",3,"3.Travelling","25858","2016-08-09 16:22:07",2.62,-0.224,1.108,0.236,"slow","Travelling","water","underwater","",2016-08-09 16:22:07
1,"1.slow",3,"3.Travelling","25859","2016-08-09 16:22:07",2.62,-0.176,1.084,0.292,"slow","Travelling","water","underwater","",2016-08-09 16:22:07
1,"1.slow",3,"3.Travelling","25860","2016-08-09 16:22:07",2.62,-0.152,1.064,0.38,"slow","Travelling","water","underwater","",2016-08-09 16:22:07
1,"1.slow",3,"3.Travelling","25861","2016-08-09 16:22:07",2.62,-0.144,1.02,0.432,"slow","Travelling","water","underwater","",2016-08-09 16:22:07
1,"1.slow",3,"3.Travelling","25862","2016-08-09 16:22:07",2.59,-0.096,1.04,0.372,"slow","Travelling","water","underwater","",2016-08-09 16:22:07
1,"1.slow",3,"3.Travelling","25863","2016-08-09 16:22:07",2.56,-0.06,1,0.384,"slow","Travelling","water","underwater","",2016-08-09 16:22:07
1,"1.slow",3,"3.Travelling","25864","2016-08-09 16:22:07",2.56,0.08,0.964,0.372,"slow","Travelling","water","underwater","",2016-08-09 16:22:07
1,"1.slow",3,"3.Travelling","25865","2016-08-09 16:22:07",2.56,0.236,1.004,0.548,"slow","Travelling","water","underwater","",2016-08-09 16:22:07
1,"1.slow",3,"3.Travelling","25866","2016-08-09 16:22:08",2.56,0.208,0.72,0.592,"slow","Travelling","water","underwater","",2016-08-09 16:22:08
1,"1.slow",3,"3.Travelling","25867","2016-08-09 16:22:08",2.5,-0.012,0.676,0.588,"slow","Travelling","water","underwater","",2016-08-09 16:22:08
1,"1.slow",3,"3.Travelling","25868","2016-08-09 16:22:08",2.56,-0.304,0.784,0.492,"slow","Travelling","water","underwater","",2016-08-09 16:22:08
1,"1.slow",3,"3.Travelling","25869","2016-08-09 16:22:08",2.53,-0.448,0.86,0.592,"slow","Travelling","water","underwater","",2016-08-09 16:22:08
1,"1.slow",3,"3.Travelling","25870","2016-08-09 16:22:08",2.56,-0.212,0.816,0.648,"slow","Travelling","water","underwater","",2016-08-09 16:22:08
1,"1.slow",3,"3.Travelling","25871","2016-08-09 16:22:08",2.53,-0.1,0.808,0.568,"slow","Travelling","water","underwater","",2016-08-09 16:22:08
1,"1.slow",3,"3.Travelling","25872","2016-08-09 16:22:08",2.53,0,0.784,0.692,"slow","Travelling","water","underwater","",2016-08-09 16:22:08
1,"1.slow",3,"3.Travelling","25873","2016-08-09 16:22:08",2.53,0,0.74,0.768,"slow","Travelling","water","underwater","",2016-08-09 16:22:08
1,"1.slow",3,"3.Travelling","25874","2016-08-09 16:22:08",2.56,-0.024,0.644,0.796,"slow","Travelling","water","underwater","",2016-08-09 16:22:08
1,"1.slow",3,"3.Travelling","25875","2016-08-09 16:22:08",2.53,-0.076,0.732,0.896,"slow","Travelling","water","underwater","",2016-08-09 16:22:08
1,"1.slow",3,"3.Travelling","25876","2016-08-09 16:22:08",2.5,0.028,0.712,0.92,"slow","Travelling","water","underwater","",2016-08-09 16:22:08
1,"1.slow",3,"3.Travelling","25877","2016-08-09 16:22:08",2.53,0.076,0.588,0.888,"slow","Travelling","water","underwater","",2016-08-09 16:22:08
1,"1.slow",3,"3.Travelling","25878","2016-08-09 16:22:08",2.53,-0.016,0.7,0.9,"slow","Travelling","water","underwater","",2016-08-09 16:22:08
1,"1.slow",3,"3.Travelling","25879","2016-08-09 16:22:08",2.5,0.212,0.848,0.812,"slow","Travelling","water","underwater","",2016-08-09 16:22:08
1,"1.slow",3,"3.Travelling","25880","2016-08-09 16:22:08",2.43,0.316,0.772,0.804,"slow","Travelling","water","underwater","",2016-08-09 16:22:08
1,"1.slow",3,"3.Travelling","25881","2016-08-09 16:22:08",2.43,0.28,0.56,0.884,"slow","Travelling","water","underwater","",2016-08-09 16:22:08
1,"1.slow",3,"3.Travelling","25882","2016-08-09 16:22:08",2.4,0.156,0.492,0.924,"slow","Travelling","water","underwater","",2016-08-09 16:22:08
1,"1.slow",3,"3.Travelling","25883","2016-08-09 16:22:08",2.37,0.136,0.576,0.904,"slow","Travelling","water","underwater","",2016-08-09 16:22:08
1,"1.slow",3,"3.Travelling","25884","2016-08-09 16:22:08",2.34,0.064,0.576,0.844,"slow","Travelling","water","underwater","",2016-08-09 16:22:08
1,"1.slow",3,"3.Travelling","25885","2016-08-09 16:22:08",2.34,0.064,0.536,0.796,"slow","Travelling","water","underwater","",2016-08-09 16:22:08
1,"1.slow",3,"3.Travelling","25886","2016-08-09 16:22:08",2.31,0.048,0.46,0.78,"slow","Travelling","water","underwater","",2016-08-09 16:22:08
1,"1.slow",3,"3.Travelling","25887","2016-08-09 16:22:08",2.28,0.092,0.46,0.784,"slow","Travelling","water","underwater","",2016-08-09 16:22:08
1,"1.slow",3,"3.Travelling","25888","2016-08-09 16:22:08",2.21,0.048,0.4,0.848,"slow","Travelling","water","underwater","",2016-08-09 16:22:08
1,"1.slow",3,"3.Travelling","25889","2016-08-09 16:22:09",2.21,-0.004,0.344,0.824,"slow","Travelling","water","underwater","",2016-08-09 16:22:09
1,"1.slow",3,"3.Travelling","25890","2016-08-09 16:22:09",2.18,0,0.288,0.828,"slow","Travelling","water","underwater","",2016-08-09 16:22:09
1,"1.slow",3,"3.Travelling","25891","2016-08-09 16:22:09",2.18,0.016,0.38,0.904,"slow","Travelling","water","underwater","",2016-08-09 16:22:09
1,"1.slow",3,"3.Travelling","25892","2016-08-09 16:22:09",2.12,0.052,0.46,0.944,"slow","Travelling","water","underwater","",2016-08-09 16:22:09
1,"1.slow",3,"3.Travelling","25893","2016-08-09 16:22:09",2.12,0.116,0.38,0.928,"slow","Travelling","water","underwater","",2016-08-09 16:22:09
1,"1.slow",3,"3.Travelling","25894","2016-08-09 16:22:09",2.09,0.156,0.296,0.936,"slow","Travelling","water","underwater","",2016-08-09 16:22:09
1,"1.slow",3,"3.Travelling","25895","2016-08-09 16:22:09",2.09,0.228,0.404,0.952,"slow","Travelling","water","underwater","",2016-08-09 16:22:09
1,"1.slow",3,"3.Travelling","25896","2016-08-09 16:22:09",2.03,0.336,0.556,0.928,"slow","Travelling","water","underwater","",2016-08-09 16:22:09
1,"1.slow",3,"3.Travelling","25897","2016-08-09 16:22:09",2,0.428,0.64,0.848,"slow","Travelling","water","underwater","",2016-08-09 16:22:09
1,"1.slow",3,"3.Travelling","25898","2016-08-09 16:22:09",1.93,0.356,0.664,0.804,"slow","Travelling","water","underwater","",2016-08-09 16:22:09
1,"1.slow",3,"3.Travelling","25899","2016-08-09 16:22:09",1.9,0.288,0.644,0.752,"slow","Travelling","water","underwater","",2016-08-09 16:22:09
1,"1.slow",3,"3.Travelling","25900","2016-08-09 16:22:09",1.87,0.224,0.624,0.692,"slow","Travelling","water","underwater","",2016-08-09 16:22:09
1,"1.slow",3,"3.Travelling","25901","2016-08-09 16:22:09",1.81,0.156,0.616,0.644,"slow","Travelling","water","underwater","",2016-08-09 16:22:09
1,"1.slow",3,"3.Travelling","25902","2016-08-09 16:22:09",1.81,0.132,0.56,0.672,"slow","Travelling","water","underwater","",2016-08-09 16:22:09
1,"1.slow",3,"3.Travelling","25903","2016-08-09 16:22:09",1.78,0.108,0.24,0.528,"slow","Travelling","water","underwater","",2016-08-09 16:22:09
1,"1.slow",3,"3.Travelling","25904","2016-08-09 16:22:09",1.75,0.072,0.264,0.612,"slow","Travelling","water","underwater","",2016-08-09 16:22:09
1,"1.slow",3,"3.Travelling","25905","2016-08-09 16:22:09",1.75,-0.02,0.264,0.584,"slow","Travelling","water","underwater","",2016-08-09 16:22:09
1,"1.slow",3,"3.Travelling","25906","2016-08-09 16:22:09",1.71,-0.164,0.184,0.612,"slow","Travelling","water","underwater","",2016-08-09 16:22:09
1,"1.slow",3,"3.Travelling","25907","2016-08-09 16:22:09",1.71,-0.156,0.016,0.716,"slow","Travelling","water","underwater","",2016-08-09 16:22:09
1,"1.slow",3,"3.Travelling","25908","2016-08-09 16:22:09",1.68,-0.16,0.028,0.788,"slow","Travelling","water","underwater","",2016-08-09 16:22:09
1,"1.slow",3,"3.Travelling","25909","2016-08-09 16:22:09",1.68,-0.172,0.084,0.8,"slow","Travelling","water","underwater","",2016-08-09 16:22:09
1,"1.slow",3,"3.Travelling","25910","2016-08-09 16:22:09",1.65,-0.172,0.152,0.788,"slow","Travelling","water","underwater","",2016-08-09 16:22:09
1,"1.slow",3,"3.Travelling","25911","2016-08-09 16:22:09",1.65,-0.184,0.28,0.824,"slow","Travelling","water","underwater","",2016-08-09 16:22:09
1,"1.slow",3,"3.Travelling","25912","2016-08-09 16:22:09",1.65,-0.208,0.212,0.832,"slow","Travelling","water","underwater","",2016-08-09 16:22:09
1,"1.slow",3,"3.Travelling","25913","2016-08-09 16:22:10",1.62,-0.232,0.116,0.784,"slow","Travelling","water","underwater","",2016-08-09 16:22:10
1,"1.slow",3,"3.Travelling","25914","2016-08-09 16:22:10",1.65,-0.172,0.036,0.816,"slow","Travelling","water","underwater","",2016-08-09 16:22:10
1,"1.slow",3,"3.Travelling","25915","2016-08-09 16:22:10",1.65,-0.196,-0.048,0.824,"slow","Travelling","water","underwater","",2016-08-09 16:22:10
1,"1.slow",3,"3.Travelling","25916","2016-08-09 16:22:10",1.65,-0.192,-0.136,0.82,"slow","Travelling","water","underwater","",2016-08-09 16:22:10
1,"1.slow",3,"3.Travelling","25917","2016-08-09 16:22:10",1.65,-0.212,-0.2,0.792,"slow","Travelling","water","underwater","",2016-08-09 16:22:10
1,"1.slow",3,"3.Travelling","25918","2016-08-09 16:22:10",1.68,-0.216,-0.256,0.796,"slow","Travelling","water","underwater","",2016-08-09 16:22:10
1,"1.slow",3,"3.Travelling","25919","2016-08-09 16:22:10",1.68,-0.232,-0.24,0.784,"slow","Travelling","water","underwater","",2016-08-09 16:22:10
1,"1.slow",3,"3.Travelling","25920","2016-08-09 16:22:10",1.65,-0.232,-0.284,0.788,"slow","Travelling","water","underwater","",2016-08-09 16:22:10
1,"1.slow",3,"3.Travelling","25921","2016-08-09 16:22:10",1.68,-0.22,-0.352,0.816,"slow","Travelling","water","underwater","",2016-08-09 16:22:10
1,"1.slow",3,"3.Travelling","25922","2016-08-09 16:22:10",1.68,-0.208,-0.364,0.816,"slow","Travelling","water","underwater","",2016-08-09 16:22:10
1,"1.slow",3,"3.Travelling","25923","2016-08-09 16:22:10",1.68,-0.204,-0.372,0.82,"slow","Travelling","water","underwater","",2016-08-09 16:22:10
1,"1.slow",3,"3.Travelling","25924","2016-08-09 16:22:10",1.65,-0.236,-0.396,0.784,"slow","Travelling","water","underwater","",2016-08-09 16:22:10
1,"1.slow",3,"3.Travelling","25925","2016-08-09 16:22:10",1.68,-0.216,-0.364,0.804,"slow","Travelling","water","underwater","",2016-08-09 16:22:10
1,"1.slow",3,"3.Travelling","25926","2016-08-09 16:22:10",1.68,-0.28,-0.312,0.76,"slow","Travelling","water","underwater","",2016-08-09 16:22:10
1,"1.slow",3,"3.Travelling","25927","2016-08-09 16:22:10",1.71,-0.34,-0.292,0.704,"slow","Travelling","water","underwater","",2016-08-09 16:22:10
1,"1.slow",3,"3.Travelling","25928","2016-08-09 16:22:10",1.71,-0.344,-0.336,0.732,"slow","Travelling","water","underwater","",2016-08-09 16:22:10
1,"1.slow",3,"3.Travelling","25929","2016-08-09 16:22:10",1.71,-0.352,-0.392,0.72,"slow","Travelling","water","underwater","",2016-08-09 16:22:10
1,"1.slow",3,"3.Travelling","25930","2016-08-09 16:22:10",1.71,-0.376,-0.452,0.696,"slow","Travelling","water","underwater","",2016-08-09 16:22:10
1,"1.slow",3,"3.Travelling","25931","2016-08-09 16:22:10",1.71,-0.396,-0.492,0.632,"slow","Travelling","water","underwater","",2016-08-09 16:22:10
1,"1.slow",3,"3.Travelling","25932","2016-08-09 16:22:10",1.71,-0.412,-0.416,0.64,"slow","Travelling","water","underwater","",2016-08-09 16:22:10
1,"1.slow",3,"3.Travelling","25933","2016-08-09 16:22:10",1.71,-0.44,-0.352,0.692,"slow","Travelling","water","underwater","",2016-08-09 16:22:10
1,"1.slow",3,"3.Travelling","25934","2016-08-09 16:22:10",1.71,-0.524,-0.452,0.716,"slow","Travelling","water","underwater","",2016-08-09 16:22:10
1,"1.slow",3,"3.Travelling","25935","2016-08-09 16:22:10",1.75,-0.548,-0.572,0.764,"slow","Travelling","water","underwater","",2016-08-09 16:22:10
1,"1.slow",3,"3.Travelling","25936","2016-08-09 16:22:10",1.78,-0.46,-0.552,0.836,"slow","Travelling","water","underwater","",2016-08-09 16:22:10
1,"1.slow",3,"3.Travelling","25937","2016-08-09 16:22:11",1.78,-0.316,-0.548,0.844,"slow","Travelling","water","underwater","",2016-08-09 16:22:11
1,"1.slow",3,"3.Travelling","25938","2016-08-09 16:22:11",1.78,-0.16,-0.548,0.844,"slow","Travelling","water","underwater","",2016-08-09 16:22:11
1,"1.slow",3,"3.Travelling","25939","2016-08-09 16:22:11",1.78,-0.004,-0.512,0.84,"slow","Travelling","water","underwater","",2016-08-09 16:22:11
1,"1.slow",3,"3.Travelling","25940","2016-08-09 16:22:11",1.81,0.152,-0.46,0.848,"slow","Travelling","water","underwater","",2016-08-09 16:22:11
1,"1.slow",3,"3.Travelling","25941","2016-08-09 16:22:11",1.81,0.284,-0.404,0.896,"slow","Travelling","water","underwater","",2016-08-09 16:22:11
1,"1.slow",3,"3.Travelling","25942","2016-08-09 16:22:11",1.81,0.4,-0.416,0.868,"slow","Travelling","water","underwater","",2016-08-09 16:22:11
1,"1.slow",3,"3.Travelling","25943","2016-08-09 16:22:11",1.81,0.532,-0.308,0.844,"slow","Travelling","water","underwater","",2016-08-09 16:22:11
1,"1.slow",3,"3.Travelling","25944","2016-08-09 16:22:11",1.78,0.636,-0.264,0.776,"slow","Travelling","water","underwater","",2016-08-09 16:22:11
1,"1.slow",3,"3.Travelling","25945","2016-08-09 16:22:11",1.78,0.716,-0.228,0.708,"slow","Travelling","water","underwater","",2016-08-09 16:22:11
1,"1.slow",3,"3.Travelling","25946","2016-08-09 16:22:11",1.78,0.768,-0.18,0.652,"slow","Travelling","water","underwater","",2016-08-09 16:22:11
1,"1.slow",3,"3.Travelling","25947","2016-08-09 16:22:11",1.78,0.872,-0.1,0.628,"slow","Travelling","water","underwater","",2016-08-09 16:22:11
1,"1.slow",3,"3.Travelling","25948","2016-08-09 16:22:11",1.78,0.892,-0.06,0.584,"slow","Travelling","water","underwater","",2016-08-09 16:22:11
1,"1.slow",3,"3.Travelling","25949","2016-08-09 16:22:11",1.75,0.896,0.064,0.592,"slow","Travelling","water","underwater","",2016-08-09 16:22:11
1,"1.slow",3,"3.Travelling","25950","2016-08-09 16:22:11",1.75,0.9,0.128,0.572,"slow","Travelling","water","underwater","",2016-08-09 16:22:11
1,"1.slow",3,"3.Travelling","25951","2016-08-09 16:22:11",1.75,0.884,0.208,0.504,"slow","Travelling","water","underwater","",2016-08-09 16:22:11
1,"1.slow",3,"3.Travelling","25952","2016-08-09 16:22:11",1.71,0.888,0.108,0.444,"slow","Travelling","water","underwater","",2016-08-09 16:22:11
1,"1.slow",3,"3.Travelling","25953","2016-08-09 16:22:11",1.68,0.908,0.04,0.396,"slow","Travelling","water","underwater","",2016-08-09 16:22:11
1,"1.slow",3,"3.Travelling","25954","2016-08-09 16:22:11",1.68,0.94,0.04,0.36,"slow","Travelling","water","underwater","",2016-08-09 16:22:11
1,"1.slow",3,"3.Travelling","25955","2016-08-09 16:22:11",1.68,0.98,0.044,0.3,"slow","Travelling","water","underwater","",2016-08-09 16:22:11
1,"1.slow",3,"3.Travelling","25956","2016-08-09 16:22:11",1.65,1.064,0.136,0.308,"slow","Travelling","water","underwater","",2016-08-09 16:22:11
1,"1.slow",3,"3.Travelling","25957","2016-08-09 16:22:11",1.65,1.052,0.128,0.288,"slow","Travelling","water","underwater","",2016-08-09 16:22:11
1,"1.slow",3,"3.Travelling","25958","2016-08-09 16:22:11",1.62,1.016,0.052,0.216,"slow","Travelling","water","underwater","",2016-08-09 16:22:11
1,"1.slow",3,"3.Travelling","25959","2016-08-09 16:22:11",1.62,1.012,0.04,0.228,"slow","Travelling","water","underwater","",2016-08-09 16:22:11
1,"1.slow",3,"3.Travelling","25960","2016-08-09 16:22:11",1.62,1.012,0.028,0.272,"slow","Travelling","water","underwater","",2016-08-09 16:22:11
1,"1.slow",3,"3.Travelling","25961","2016-08-09 16:22:12",1.59,0.936,0.076,0.168,"slow","Travelling","water","underwater","",2016-08-09 16:22:12
1,"1.slow",3,"3.Travelling","25962","2016-08-09 16:22:12",1.56,0.912,0.04,0.088,"slow","Travelling","water","underwater","",2016-08-09 16:22:12
1,"1.slow",3,"3.Travelling","25963","2016-08-09 16:22:12",1.56,0.916,-0.096,0.06,"slow","Travelling","water","underwater","",2016-08-09 16:22:12
1,"1.slow",3,"3.Travelling","25964","2016-08-09 16:22:12",1.56,0.936,-0.148,0.072,"slow","Travelling","water","underwater","",2016-08-09 16:22:12
1,"1.feeding",4,"4.Foraging","25965","2016-08-09 16:22:12",1.56,1.008,-0.212,0.032,"feeding","Foraging","water","underwater","feeding",2016-08-09 16:22:12
1,"1.feeding",4,"4.Foraging","25966","2016-08-09 16:22:12",1.56,0.984,-0.232,-0.056,"feeding","Foraging","water","underwater","",2016-08-09 16:22:12
1,"1.feeding",4,"4.Foraging","25967","2016-08-09 16:22:12",1.53,0.956,-0.184,-0.14,"feeding","Foraging","water","underwater","",2016-08-09 16:22:12
1,"1.feeding",4,"4.Foraging","25968","2016-08-09 16:22:12",1.53,0.94,-0.252,-0.148,"feeding","Foraging","water","underwater","",2016-08-09 16:22:12
1,"1.feeding",4,"4.Foraging","25969","2016-08-09 16:22:12",1.53,0.98,-0.36,-0.088,"feeding","Foraging","water","underwater","",2016-08-09 16:22:12
1,"1.feeding",4,"4.Foraging","25970","2016-08-09 16:22:12",1.56,1.204,-0.44,-0.016,"feeding","Foraging","water","underwater","",2016-08-09 16:22:12
1,"1.feeding",4,"4.Foraging","25971","2016-08-09 16:22:12",1.53,0.984,-0.2,0.036,"feeding","Foraging","water","underwater","",2016-08-09 16:22:12
1,"1.feeding",4,"4.Foraging","25972","2016-08-09 16:22:12",1.43,0.488,0.072,-0.368,"feeding","Foraging","water","underwater","",2016-08-09 16:22:12
1,"1.feeding",4,"4.Foraging","25973","2016-08-09 16:22:12",1.43,0.516,-0.124,-0.572,"feeding","Foraging","water","underwater","",2016-08-09 16:22:12
1,"1.feeding",4,"4.Foraging","25974","2016-08-09 16:22:12",1.43,0.268,-0.92,-0.636,"feeding","Foraging","water","underwater","",2016-08-09 16:22:12
1,"1.feeding",4,"4.Foraging","25975","2016-08-09 16:22:12",1.5,0.344,-1.268,-0.56,"feeding","Foraging","water","underwater","",2016-08-09 16:22:12
1,"1.feeding",4,"4.Foraging","25976","2016-08-09 16:22:12",1.53,0.656,-0.968,-0.376,"feeding","Foraging","water","underwater","",2016-08-09 16:22:12
1,"1.feeding",4,"4.Foraging","25977","2016-08-09 16:22:12",1.53,0.672,-0.852,-0.424,"feeding","Foraging","water","underwater","",2016-08-09 16:22:12
1,"1.feeding",4,"4.Foraging","25978","2016-08-09 16:22:12",1.56,0.732,-0.676,-0.472,"feeding","Foraging","water","underwater","",2016-08-09 16:22:12
1,"1.feeding",4,"4.Foraging","25979","2016-08-09 16:22:12",1.56,0.944,-0.552,-0.448,"feeding","Foraging","water","underwater","",2016-08-09 16:22:12
1,"1.feeding",4,"4.Foraging","25980","2016-08-09 16:22:12",1.53,0.872,-0.348,-0.452,"feeding","Foraging","water","underwater","",2016-08-09 16:22:12
1,"1.feeding",4,"4.Foraging","25981","2016-08-09 16:22:12",1.56,0.528,-0.316,-0.496,"feeding","Foraging","water","underwater","",2016-08-09 16:22:12
1,"1.feeding",4,"4.Foraging","25982","2016-08-09 16:22:12",1.56,0.316,-0.516,-0.62,"feeding","Foraging","water","underwater","",2016-08-09 16:22:12
1,"1.feeding",4,"4.Foraging","25983","2016-08-09 16:22:12",1.59,0.192,-0.528,-0.624,"feeding","Foraging","water","underwater","",2016-08-09 16:22:12
1,"1.feeding",4,"4.Foraging","25984","2016-08-09 16:22:12",1.59,0.176,-0.584,-0.584,"feeding","Foraging","water","underwater","",2016-08-09 16:22:12
1,"1.feeding",4,"4.Foraging","25985","2016-08-09 16:22:13",1.62,0.136,-0.544,-0.648,"feeding","Foraging","water","underwater","",2016-08-09 16:22:13
1,"1.feeding",4,"4.Foraging","25986","2016-08-09 16:22:13",1.65,0.092,-0.644,-0.708,"feeding","Foraging","water","underwater","",2016-08-09 16:22:13
1,"1.feeding",4,"4.Foraging","25987","2016-08-09 16:22:13",1.68,0.004,-0.684,-0.796,"feeding","Foraging","water","underwater","",2016-08-09 16:22:13
1,"1.feeding",4,"4.Foraging","25988","2016-08-09 16:22:13",1.68,-0.024,-0.756,-0.8,"feeding","Foraging","water","underwater","",2016-08-09 16:22:13
1,"1.feeding",4,"4.Foraging","25989","2016-08-09 16:22:13",1.71,0.008,-0.904,-0.804,"feeding","Foraging","water","underwater","",2016-08-09 16:22:13
1,"1.feeding",4,"4.Foraging","25990","2016-08-09 16:22:13",1.71,0.056,-0.952,-0.844,"feeding","Foraging","water","underwater","",2016-08-09 16:22:13
1,"1.feeding",4,"4.Foraging","25991","2016-08-09 16:22:13",1.71,0.028,-0.924,-0.888,"feeding","Foraging","water","underwater","",2016-08-09 16:22:13
1,"1.feeding",4,"4.Foraging","25992","2016-08-09 16:22:13",1.71,-0.044,-0.872,-0.852,"feeding","Foraging","water","underwater","",2016-08-09 16:22:13
1,"1.feeding",4,"4.Foraging","25993","2016-08-09 16:22:13",1.75,-0.072,-0.92,-0.808,"feeding","Foraging","water","underwater","",2016-08-09 16:22:13
1,"1.feeding",4,"4.Foraging","25994","2016-08-09 16:22:13",1.71,-0.084,-0.956,-0.812,"feeding","Foraging","water","underwater","",2016-08-09 16:22:13
1,"1.feeding",4,"4.Foraging","25995","2016-08-09 16:22:13",1.75,-0.04,-0.996,-0.744,"feeding","Foraging","water","underwater","",2016-08-09 16:22:13
1,"1.feeding",4,"4.Foraging","25996","2016-08-09 16:22:13",1.71,0.008,-1.04,-0.664,"feeding","Foraging","water","underwater","",2016-08-09 16:22:13
1,"1.feeding",4,"4.Foraging","25997","2016-08-09 16:22:13",1.71,0.044,-1.036,-0.552,"feeding","Foraging","water","underwater","",2016-08-09 16:22:13
1,"1.feeding",4,"4.Foraging","25998","2016-08-09 16:22:13",1.71,0.068,-1.028,-0.436,"feeding","Foraging","water","underwater","",2016-08-09 16:22:13
1,"1.feeding",4,"4.Foraging","25999","2016-08-09 16:22:13",1.71,0.064,-1.008,-0.304,"feeding","Foraging","water","underwater","",2016-08-09 16:22:13
1,"1.feeding",4,"4.Foraging","26000","2016-08-09 16:22:13",1.71,0.044,-1.004,-0.136,"feeding","Foraging","water","underwater","",2016-08-09 16:22:13
1,"1.feeding",4,"4.Foraging","26001","2016-08-09 16:22:13",1.71,0.048,-0.984,-0.008,"feeding","Foraging","water","underwater","",2016-08-09 16:22:13
1,"1.feeding",4,"4.Foraging","26002","2016-08-09 16:22:13",1.71,0.004,-0.948,0.052,"feeding","Foraging","water","underwater","",2016-08-09 16:22:13
1,"1.feeding",4,"4.Foraging","26003","2016-08-09 16:22:13",1.71,-0.012,-0.928,0.1,"feeding","Foraging","water","underwater","",2016-08-09 16:22:13
1,"1.feeding",4,"4.Foraging","26004","2016-08-09 16:22:13",1.68,-0.076,-0.876,0.116,"feeding","Foraging","water","underwater","",2016-08-09 16:22:13
1,"1.feeding",4,"4.Foraging","26005","2016-08-09 16:22:13",1.71,-0.148,-0.852,0.148,"feeding","Foraging","water","underwater","",2016-08-09 16:22:13
1,"1.feeding",4,"4.Foraging","26006","2016-08-09 16:22:13",1.71,-0.16,-0.852,0.208,"feeding","Foraging","water","underwater","",2016-08-09 16:22:13
1,"1.feeding",4,"4.Foraging","26007","2016-08-09 16:22:13",1.71,-0.196,-0.92,0.14,"feeding","Foraging","water","underwater","",2016-08-09 16:22:13
1,"1.feeding",4,"4.Foraging","26008","2016-08-09 16:22:14",1.71,-0.172,-0.984,0.172,"feeding","Foraging","water","underwater","",2016-08-09 16:22:14
1,"1.feeding",4,"4.Foraging","26009","2016-08-09 16:22:14",1.71,-0.088,-1.008,0.272,"feeding","Foraging","water","underwater","",2016-08-09 16:22:14
1,"1.feeding",4,"4.Foraging","26010","2016-08-09 16:22:14",1.71,-0.064,-0.992,0.26,"feeding","Foraging","water","underwater","",2016-08-09 16:22:14
1,"1.feeding",4,"4.Foraging","26011","2016-08-09 16:22:14",1.71,-0.08,-1.008,0.204,"feeding","Foraging","water","underwater","",2016-08-09 16:22:14
1,"1.feeding",4,"4.Foraging","26012","2016-08-09 16:22:14",1.71,-0.056,-1.056,0.144,"feeding","Foraging","water","underwater","",2016-08-09 16:22:14
1,"1.feeding",4,"4.Foraging","26013","2016-08-09 16:22:14",1.71,-0.048,-1.196,0.1,"feeding","Foraging","water","underwater","",2016-08-09 16:22:14
1,"1.feeding",4,"4.Foraging","26014","2016-08-09 16:22:14",1.71,-0.032,-1.3,0.088,"feeding","Foraging","water","underwater","",2016-08-09 16:22:14
1,"1.feeding",4,"4.Foraging","26015","2016-08-09 16:22:14",1.71,-0.284,-1.096,-0.028,"feeding","Foraging","water","underwater","",2016-08-09 16:22:14
1,"1.feeding",4,"4.Foraging","26016","2016-08-09 16:22:14",1.71,-0.304,-0.924,0.092,"feeding","Foraging","water","underwater","",2016-08-09 16:22:14
1,"1.feeding",4,"4.Foraging","26017","2016-08-09 16:22:14",1.75,-0.508,-0.9,0.18,"feeding","Foraging","water","underwater","",2016-08-09 16:22:14
1,"1.feeding",4,"4.Foraging","26018","2016-08-09 16:22:14",1.71,-0.52,-0.648,0.252,"feeding","Foraging","water","underwater","",2016-08-09 16:22:14
1,"1.feeding",4,"4.Foraging","26019","2016-08-09 16:22:14",1.71,-0.596,-0.232,0.384,"feeding","Foraging","water","underwater","",2016-08-09 16:22:14
1,"1.feeding",4,"4.Foraging","26020","2016-08-09 16:22:14",1.75,-0.644,0.036,0.508,"feeding","Foraging","water","underwater","",2016-08-09 16:22:14
1,"1.feeding",4,"4.Foraging","26021","2016-08-09 16:22:14",1.75,-0.568,0.144,0.68,"feeding","Foraging","water","underwater","",2016-08-09 16:22:14
1,"1.feeding",4,"4.Foraging","26022","2016-08-09 16:22:14",1.78,-0.488,0.2,0.764,"feeding","Foraging","water","underwater","",2016-08-09 16:22:14
1,"1.feeding",4,"4.Foraging","26023","2016-08-09 16:22:14",1.75,-0.356,0.176,0.804,"feeding","Foraging","water","underwater","",2016-08-09 16:22:14
1,"1.feeding",4,"4.Foraging","26024","2016-08-09 16:22:14",1.78,-0.296,0.168,0.784,"feeding","Foraging","water","underwater","",2016-08-09 16:22:14
1,"1.feeding",4,"4.Foraging","26025","2016-08-09 16:22:14",1.78,-0.296,0.204,0.812,"feeding","Foraging","water","underwater","",2016-08-09 16:22:14
1,"1.feeding",4,"4.Foraging","26026","2016-08-09 16:22:14",1.81,-0.376,0.296,0.804,"feeding","Foraging","water","underwater","",2016-08-09 16:22:14
1,"1.feeding",4,"4.Foraging","26027","2016-08-09 16:22:14",1.81,-0.428,0.38,0.788,"feeding","Foraging","water","underwater","",2016-08-09 16:22:14
1,"1.feeding",4,"4.Foraging","26028","2016-08-09 16:22:14",1.84,-0.504,0.44,0.7,"feeding","Foraging","water","underwater","",2016-08-09 16:22:14
1,"1.feeding",4,"4.Foraging","26029","2016-08-09 16:22:14",1.84,-0.54,0.452,0.696,"feeding","Foraging","water","underwater","",2016-08-09 16:22:14
1,"1.feeding",4,"4.Foraging","26030","2016-08-09 16:22:14",1.87,-0.588,0.404,0.672,"feeding","Foraging","water","underwater","",2016-08-09 16:22:14
1,"1.feeding",4,"4.Foraging","26031","2016-08-09 16:22:14",1.87,-0.676,0.312,0.624,"feeding","Foraging","water","underwater","",2016-08-09 16:22:14
1,"1.feeding",4,"4.Foraging","26032","2016-08-09 16:22:15",1.87,-0.752,0.236,0.552,"feeding","Foraging","water","underwater","",2016-08-09 16:22:15
1,"1.feeding",4,"4.Foraging","26033","2016-08-09 16:22:15",1.9,-0.728,0.188,0.612,"feeding","Foraging","water","underwater","",2016-08-09 16:22:15
2,"2.slow",5,"5.Travelling","26034","2016-08-09 16:22:15",1.9,-0.736,0.208,0.636,"slow","Travelling","water","underwater","slow",2016-08-09 16:22:15
2,"2.slow",5,"5.Travelling","26035","2016-08-09 16:22:15",1.9,-0.764,0.164,0.544,"slow","Travelling","water","underwater","",2016-08-09 16:22:15
2,"2.slow",5,"5.Travelling","26036","2016-08-09 16:22:15",1.93,-0.776,0.128,0.548,"slow","Travelling","water","underwater","",2016-08-09 16:22:15
2,"2.slow",5,"5.Travelling","26037","2016-08-09 16:22:15",1.93,-0.804,0.072,0.568,"slow","Travelling","water","underwater","",2016-08-09 16:22:15
2,"2.slow",5,"5.Travelling","26038","2016-08-09 16:22:15",1.96,-0.84,0.032,0.532,"slow","Travelling","water","underwater","",2016-08-09 16:22:15
2,"2.slow",5,"5.Travelling","26039","2016-08-09 16:22:15",1.96,-0.856,0,0.484,"slow","Travelling","water","underwater","",2016-08-09 16:22:15
2,"2.slow",5,"5.Travelling","26040","2016-08-09 16:22:15",2,-0.852,-0.044,0.476,"slow","Travelling","water","underwater","",2016-08-09 16:22:15
2,"2.slow",5,"5.Travelling","26041","2016-08-09 16:22:15",2,-0.868,-0.064,0.488,"slow","Travelling","water","underwater","",2016-08-09 16:22:15
2,"2.slow",5,"5.Travelling","26042","2016-08-09 16:22:15",2.03,-0.88,-0.1,0.472,"slow","Travelling","water","underwater","",2016-08-09 16:22:15
2,"2.slow",5,"5.Travelling","26043","2016-08-09 16:22:15",2.03,-0.876,-0.092,0.456,"slow","Travelling","water","underwater","",2016-08-09 16:22:15
2,"2.slow",5,"5.Travelling","26044","2016-08-09 16:22:15",2.03,-0.868,-0.116,0.42,"slow","Travelling","water","underwater","",2016-08-09 16:22:15
2,"2.slow",5,"5.Travelling","26045","2016-08-09 16:22:15",2.06,-0.868,-0.136,0.4,"slow","Travelling","water","underwater","",2016-08-09 16:22:15
2,"2.slow",5,"5.Travelling","26046","2016-08-09 16:22:15",2.06,-0.872,-0.208,0.384,"slow","Travelling","water","underwater","",2016-08-09 16:22:15
2,"2.slow",5,"5.Travelling","26047","2016-08-09 16:22:15",2.06,-0.864,-0.28,0.356,"slow","Travelling","water","underwater","",2016-08-09 16:22:15
2,"2.slow",5,"5.Travelling","26048","2016-08-09 16:22:15",2.09,-0.868,-0.344,0.344,"slow","Travelling","water","underwater","",2016-08-09 16:22:15
2,"2.slow",5,"5.Travelling","26049","2016-08-09 16:22:15",2.12,-0.852,-0.448,0.348,"slow","Travelling","water","underwater","",2016-08-09 16:22:15
2,"2.slow",5,"5.Travelling","26050","2016-08-09 16:22:15",2.12,-0.828,-0.492,0.364,"slow","Travelling","water","underwater","",2016-08-09 16:22:15
2,"2.slow",5,"5.Travelling","26051","2016-08-09 16:22:15",2.12,-0.788,-0.556,0.36,"slow","Travelling","water","underwater","",2016-08-09 16:22:15
2,"2.slow",5,"5.Travelling","26052","2016-08-09 16:22:15",2.15,-0.74,-0.628,0.38,"slow","Travelling","water","underwater","",2016-08-09 16:22:15
2,"2.slow",5,"5.Travelling","26053","2016-08-09 16:22:15",2.15,-0.68,-0.684,0.404,"slow","Travelling","water","underwater","",2016-08-09 16:22:15
2,"2.slow",5,"5.Travelling","26054","2016-08-09 16:22:15",2.15,-0.648,-0.704,0.392,"slow","Travelling","water","underwater","",2016-08-09 16:22:15
2,"2.slow",5,"5.Travelling","26055","2016-08-09 16:22:15",2.15,-0.624,-0.752,0.404,"slow","Travelling","water","underwater","",2016-08-09 16:22:15
2,"2.slow",5,"5.Travelling","26056","2016-08-09 16:22:16",2.18,-0.604,-0.736,0.46,"slow","Travelling","water","underwater","",2016-08-09 16:22:16
2,"2.slow",5,"5.Travelling","26057","2016-08-09 16:22:16",2.18,-0.576,-0.668,0.484,"slow","Travelling","water","underwater","",2016-08-09 16:22:16
2,"2.slow",5,"5.Travelling","26058","2016-08-09 16:22:16",2.18,-0.584,-0.576,0.512,"slow","Travelling","water","underwater","",2016-08-09 16:22:16
2,"2.slow",5,"5.Travelling","26059","2016-08-09 16:22:16",2.18,-0.584,-0.54,0.52,"slow","Travelling","water","underwater","",2016-08-09 16:22:16
2,"2.slow",5,"5.Travelling","26060","2016-08-09 16:22:16",2.18,-0.596,-0.484,0.52,"slow","Travelling","water","underwater","",2016-08-09 16:22:16
2,"2.slow",5,"5.Travelling","26061","2016-08-09 16:22:16",2.18,-0.568,-0.56,0.516,"slow","Travelling","water","underwater","",2016-08-09 16:22:16
2,"2.slow",5,"5.Travelling","26062","2016-08-09 16:22:16",2.18,-0.656,-0.676,0.396,"slow","Travelling","water","underwater","",2016-08-09 16:22:16
2,"2.slow",5,"5.Travelling","26063","2016-08-09 16:22:16",2.18,-0.72,-0.612,0.472,"slow","Travelling","water","underwater","",2016-08-09 16:22:16
2,"2.slow",5,"5.Travelling","26064","2016-08-09 16:22:16",2.21,-0.72,-0.568,0.54,"slow","Travelling","water","underwater","",2016-08-09 16:22:16
2,"2.slow",5,"5.Travelling","26065","2016-08-09 16:22:16",2.21,-0.708,-0.548,0.556,"slow","Travelling","water","underwater","",2016-08-09 16:22:16
2,"2.slow",5,"5.Travelling","26066","2016-08-09 16:22:16",2.21,-0.656,-0.456,0.592,"slow","Travelling","water","underwater","",2016-08-09 16:22:16
2,"2.slow",5,"5.Travelling","26067","2016-08-09 16:22:16",2.21,-0.588,-0.408,0.64,"slow","Travelling","water","underwater","",2016-08-09 16:22:16
2,"2.slow",5,"5.Travelling","26068","2016-08-09 16:22:16",2.18,-0.556,-0.4,0.664,"slow","Travelling","water","underwater","",2016-08-09 16:22:16
2,"2.slow",5,"5.Travelling","26069","2016-08-09 16:22:16",2.18,-0.544,-0.4,0.664,"slow","Travelling","water","underwater","",2016-08-09 16:22:16
2,"2.slow",5,"5.Travelling","26070","2016-08-09 16:22:16",2.18,-0.544,-0.416,0.664,"slow","Travelling","water","underwater","",2016-08-09 16:22:16
2,"2.slow",5,"5.Travelling","26071","2016-08-09 16:22:16",2.18,-0.536,-0.388,0.684,"slow","Travelling","water","underwater","",2016-08-09 16:22:16
2,"2.slow",5,"5.Travelling","26072","2016-08-09 16:22:16",2.18,-0.536,-0.352,0.668,"slow","Travelling","water","underwater","",2016-08-09 16:22:16
2,"2.slow",5,"5.Travelling","26073","2016-08-09 16:22:16",2.18,-0.592,-0.376,0.576,"slow","Travelling","water","underwater","",2016-08-09 16:22:16
2,"2.slow",5,"5.Travelling","26074","2016-08-09 16:22:16",2.18,-0.636,-0.424,0.592,"slow","Travelling","water","underwater","",2016-08-09 16:22:16
2,"2.slow",5,"5.Travelling","26075","2016-08-09 16:22:16",2.18,-0.572,-0.456,0.676,"slow","Travelling","water","underwater","",2016-08-09 16:22:16
2,"2.slow",5,"5.Travelling","26076","2016-08-09 16:22:16",2.18,-0.544,-0.428,0.676,"slow","Travelling","water","underwater","",2016-08-09 16:22:16
2,"2.slow",5,"5.Travelling","26077","2016-08-09 16:22:16",2.18,-0.54,-0.408,0.652,"slow","Travelling","water","underwater","",2016-08-09 16:22:16
2,"2.slow",5,"5.Travelling","26078","2016-08-09 16:22:16",2.18,-0.536,-0.384,0.672,"slow","Travelling","water","underwater","",2016-08-09 16:22:16
2,"2.slow",5,"5.Travelling","26079","2016-08-09 16:22:16",2.18,-0.56,-0.392,0.716,"slow","Travelling","water","underwater","",2016-08-09 16:22:16
2,"2.slow",5,"5.Travelling","26080","2016-08-09 16:22:17",2.18,-0.552,-0.416,0.724,"slow","Travelling","water","underwater","",2016-08-09 16:22:17
2,"2.slow",5,"5.Travelling","26081","2016-08-09 16:22:17",2.15,-0.544,-0.452,0.712,"slow","Travelling","water","underwater","",2016-08-09 16:22:17
2,"2.slow",5,"5.Travelling","26082","2016-08-09 16:22:17",2.18,-0.516,-0.464,0.7,"slow","Travelling","water","underwater","",2016-08-09 16:22:17
2,"2.slow",5,"5.Travelling","26083","2016-08-09 16:22:17",2.15,-0.46,-0.488,0.692,"slow","Travelling","water","underwater","",2016-08-09 16:22:17
2,"2.slow",5,"5.Travelling","26084","2016-08-09 16:22:17",2.15,-0.436,-0.492,0.688,"slow","Travelling","water","underwater","",2016-08-09 16:22:17
2,"2.slow",5,"5.Travelling","26085","2016-08-09 16:22:17",2.15,-0.42,-0.492,0.728,"slow","Travelling","water","underwater","",2016-08-09 16:22:17
2,"2.slow",5,"5.Travelling","26086","2016-08-09 16:22:17",2.15,-0.44,-0.468,0.752,"slow","Travelling","water","underwater","",2016-08-09 16:22:17
2,"2.slow",5,"5.Travelling","26087","2016-08-09 16:22:17",2.15,-0.456,-0.52,0.756,"slow","Travelling","water","underwater","",2016-08-09 16:22:17
2,"2.slow",5,"5.Travelling","26088","2016-08-09 16:22:17",2.15,-0.46,-0.56,0.784,"slow","Travelling","water","underwater","",2016-08-09 16:22:17
2,"2.slow",5,"5.Travelling","26089","2016-08-09 16:22:17",2.12,-0.42,-0.516,0.792,"slow","Travelling","water","underwater","",2016-08-09 16:22:17
2,"2.slow",5,"5.Travelling","26090","2016-08-09 16:22:17",2.12,-0.376,-0.464,0.772,"slow","Travelling","water","underwater","",2016-08-09 16:22:17
2,"2.slow",5,"5.Travelling","26091","2016-08-09 16:22:17",2.12,-0.372,-0.36,0.748,"slow","Travelling","water","underwater","",2016-08-09 16:22:17
2,"2.slow",5,"5.Travelling","26092","2016-08-09 16:22:17",2.09,-0.356,-0.288,0.716,"slow","Travelling","water","underwater","",2016-08-09 16:22:17
2,"2.slow",5,"5.Travelling","26093","2016-08-09 16:22:17",2.09,-0.336,-0.28,0.724,"slow","Travelling","water","underwater","",2016-08-09 16:22:17
2,"2.slow",5,"5.Travelling","26094","2016-08-09 16:22:17",2.09,-0.292,-0.372,0.792,"slow","Travelling","water","underwater","",2016-08-09 16:22:17
2,"2.slow",5,"5.Travelling","26095","2016-08-09 16:22:17",2.09,-0.28,-0.456,0.784,"slow","Travelling","water","underwater","",2016-08-09 16:22:17
2,"2.slow",5,"5.Travelling","26096","2016-08-09 16:22:17",2.09,-0.268,-0.484,0.816,"slow","Travelling","water","underwater","",2016-08-09 16:22:17
2,"2.slow",5,"5.Travelling","26097","2016-08-09 16:22:17",2.06,-0.248,-0.548,0.824,"slow","Travelling","water","underwater","",2016-08-09 16:22:17
2,"2.slow",5,"5.Travelling","26098","2016-08-09 16:22:17",2.06,-0.176,-0.512,0.804,"slow","Travelling","water","underwater","",2016-08-09 16:22:17
2,"2.slow",5,"5.Travelling","26099","2016-08-09 16:22:17",2.06,-0.172,-0.416,0.812,"slow","Travelling","water","underwater","",2016-08-09 16:22:17
2,"2.slow",5,"5.Travelling","26100","2016-08-09 16:22:17",2.06,-0.164,-0.368,0.848,"slow","Travelling","water","underwater","",2016-08-09 16:22:17
2,"2.slow",5,"5.Travelling","26101","2016-08-09 16:22:17",2.06,-0.16,-0.364,0.876,"slow","Travelling","water","underwater","",2016-08-09 16:22:17
2,"2.slow",5,"5.Travelling","26102","2016-08-09 16:22:17",2.03,-0.136,-0.464,0.872,"slow","Travelling","water","underwater","",2016-08-09 16:22:17
2,"2.slow",5,"5.Travelling","26103","2016-08-09 16:22:17",2,-0.068,-0.568,0.848,"slow","Travelling","water","underwater","",2016-08-09 16:22:17
2,"2.slow",5,"5.Travelling","26104","2016-08-09 16:22:18",2,-0.024,-0.572,0.84,"slow","Travelling","water","underwater","",2016-08-09 16:22:18
2,"2.slow",5,"5.Travelling","26105","2016-08-09 16:22:18",1.96,-0.012,-0.532,0.848,"slow","Travelling","water","underwater","",2016-08-09 16:22:18
2,"2.slow",5,"5.Travelling","26106","2016-08-09 16:22:18",1.96,0.012,-0.484,0.876,"slow","Travelling","water","underwater","",2016-08-09 16:22:18
2,"2.slow",5,"5.Travelling","26107","2016-08-09 16:22:18",1.96,-0.012,-0.424,0.896,"slow","Travelling","water","underwater","",2016-08-09 16:22:18
2,"2.slow",5,"5.Travelling","26108","2016-08-09 16:22:18",1.93,-0.064,-0.416,0.9,"slow","Travelling","water","underwater","",2016-08-09 16:22:18
2,"2.slow",5,"5.Travelling","26109","2016-08-09 16:22:18",1.93,-0.064,-0.368,0.868,"slow","Travelling","water","underwater","",2016-08-09 16:22:18
2,"2.slow",5,"5.Travelling","26110","2016-08-09 16:22:18",1.9,-0.036,-0.292,0.888,"slow","Travelling","water","underwater","",2016-08-09 16:22:18
2,"2.slow",5,"5.Travelling","26111","2016-08-09 16:22:18",1.9,0.088,-0.208,0.892,"slow","Travelling","water","underwater","",2016-08-09 16:22:18
2,"2.slow",5,"5.Travelling","26112","2016-08-09 16:22:18",1.87,0.164,-0.108,0.892,"slow","Travelling","water","underwater","",2016-08-09 16:22:18
2,"2.slow",5,"5.Travelling","26113","2016-08-09 16:22:18",1.87,0.212,-0.104,0.884,"slow","Travelling","water","underwater","",2016-08-09 16:22:18
2,"2.slow",5,"5.Travelling","26114","2016-08-09 16:22:18",1.87,0.268,-0.072,0.932,"slow","Travelling","water","underwater","",2016-08-09 16:22:18
2,"2.slow",5,"5.Travelling","26115","2016-08-09 16:22:18",1.84,0.296,-0.056,0.92,"slow","Travelling","water","underwater","",2016-08-09 16:22:18
2,"2.slow",5,"5.Travelling","26116","2016-08-09 16:22:18",1.81,0.284,-0.128,0.892,"slow","Travelling","water","underwater","",2016-08-09 16:22:18
2,"2.slow",5,"5.Travelling","26117","2016-08-09 16:22:18",1.81,0.288,-0.18,0.932,"slow","Travelling","water","underwater","",2016-08-09 16:22:18
2,"2.slow",5,"5.Travelling","26118","2016-08-09 16:22:18",1.81,0.332,-0.18,0.968,"slow","Travelling","water","underwater","",2016-08-09 16:22:18
2,"2.slow",5,"5.Travelling","26119","2016-08-09 16:22:18",1.78,0.336,-0.232,0.912,"slow","Travelling","water","underwater","",2016-08-09 16:22:18
2,"2.slow",5,"5.Travelling","26120","2016-08-09 16:22:18",1.78,0.324,-0.192,0.876,"slow","Travelling","water","underwater","",2016-08-09 16:22:18
2,"2.slow",5,"5.Travelling","26121","2016-08-09 16:22:18",1.75,0.34,-0.208,0.86,"slow","Travelling","water","underwater","",2016-08-09 16:22:18
2,"2.slow",5,"5.Travelling","26122","2016-08-09 16:22:18",1.71,0.364,-0.204,0.864,"slow","Travelling","water","underwater","",2016-08-09 16:22:18
2,"2.slow",5,"5.Travelling","26123","2016-08-09 16:22:18",1.71,0.42,-0.272,0.84,"slow","Travelling","water","underwater","",2016-08-09 16:22:18
2,"2.slow",5,"5.Travelling","26124","2016-08-09 16:22:18",1.68,0.46,-0.28,0.848,"slow","Travelling","water","underwater","",2016-08-09 16:22:18
2,"2.slow",5,"5.Travelling","26125","2016-08-09 16:22:18",1.65,0.48,-0.284,0.828,"slow","Travelling","water","underwater","",2016-08-09 16:22:18
2,"2.slow",5,"5.Travelling","26126","2016-08-09 16:22:18",1.65,0.5,-0.244,0.764,"slow","Travelling","water","underwater","",2016-08-09 16:22:18
2,"2.slow",5,"5.Travelling","26127","2016-08-09 16:22:19",1.62,0.516,-0.252,0.748,"slow","Travelling","water","underwater","",2016-08-09 16:22:19
2,"2.slow",5,"5.Travelling","26128","2016-08-09 16:22:19",1.62,0.532,-0.276,0.756,"slow","Travelling","water","underwater","",2016-08-09 16:22:19
2,"2.slow",5,"5.Travelling","26129","2016-08-09 16:22:19",1.59,0.524,-0.316,0.732,"slow","Travelling","water","underwater","",2016-08-09 16:22:19
2,"2.slow",5,"5.Travelling","26130","2016-08-09 16:22:19",1.59,0.528,-0.356,0.716,"slow","Travelling","water","underwater","",2016-08-09 16:22:19
2,"2.slow",5,"5.Travelling","26131","2016-08-09 16:22:19",1.59,0.536,-0.396,0.708,"slow","Travelling","water","underwater","",2016-08-09 16:22:19
2,"2.slow",5,"5.Travelling","26132","2016-08-09 16:22:19",1.56,0.592,-0.416,0.7,"slow","Travelling","water","underwater","",2016-08-09 16:22:19
2,"2.slow",5,"5.Travelling","26133","2016-08-09 16:22:19",1.56,0.632,-0.424,0.688,"slow","Travelling","water","underwater","",2016-08-09 16:22:19
2,"2.slow",5,"5.Travelling","26134","2016-08-09 16:22:19",1.56,0.64,-0.384,0.68,"slow","Travelling","water","underwater","",2016-08-09 16:22:19
2,"2.slow",5,"5.Travelling","26135","2016-08-09 16:22:19",1.53,0.636,-0.356,0.684,"slow","Travelling","water","underwater","",2016-08-09 16:22:19
2,"2.slow",5,"5.Travelling","26136","2016-08-09 16:22:19",1.5,0.648,-0.372,0.652,"slow","Travelling","water","underwater","",2016-08-09 16:22:19
2,"2.slow",5,"5.Travelling","26137","2016-08-09 16:22:19",1.5,0.66,-0.368,0.636,"slow","Travelling","water","underwater","",2016-08-09 16:22:19
2,"2.slow",5,"5.Travelling","26138","2016-08-09 16:22:19",1.43,0.676,-0.372,0.616,"slow","Travelling","water","underwater","",2016-08-09 16:22:19
2,"2.slow",5,"5.Travelling","26139","2016-08-09 16:22:19",1.43,0.696,-0.372,0.592,"slow","Travelling","water","underwater","",2016-08-09 16:22:19
2,"2.slow",5,"5.Travelling","26140","2016-08-09 16:22:19",1.4,0.684,-0.36,0.596,"slow","Travelling","water","underwater","",2016-08-09 16:22:19
2,"2.slow",5,"5.Travelling","26141","2016-08-09 16:22:19",1.37,0.688,-0.336,0.6,"slow","Travelling","water","underwater","",2016-08-09 16:22:19
2,"2.slow",5,"5.Travelling","26142","2016-08-09 16:22:19",1.34,0.688,-0.32,0.596,"slow","Travelling","water","underwater","",2016-08-09 16:22:19
2,"2.slow",5,"5.Travelling","26143","2016-08-09 16:22:19",1.34,0.696,-0.328,0.58,"slow","Travelling","water","underwater","",2016-08-09 16:22:19
2,"2.slow",5,"5.Travelling","26144","2016-08-09 16:22:19",1.31,0.708,-0.3,0.576,"slow","Travelling","water","underwater","",2016-08-09 16:22:19
2,"2.slow",5,"5.Travelling","26145","2016-08-09 16:22:19",1.31,0.732,-0.284,0.576,"slow","Travelling","water","underwater","",2016-08-09 16:22:19
2,"2.slow",5,"5.Travelling","26146","2016-08-09 16:22:19",1.25,0.76,-0.264,0.608,"slow","Travelling","water","underwater","",2016-08-09 16:22:19
2,"2.slow",5,"5.Travelling","26147","2016-08-09 16:22:19",1.21,0.744,-0.296,0.588,"slow","Travelling","water","underwater","",2016-08-09 16:22:19
2,"2.slow",5,"5.Travelling","26148","2016-08-09 16:22:19",1.21,0.752,-0.3,0.604,"slow","Travelling","water","underwater","",2016-08-09 16:22:19
2,"2.slow",5,"5.Travelling","26149","2016-08-09 16:22:19",1.18,0.772,-0.276,0.596,"slow","Travelling","water","underwater","",2016-08-09 16:22:19
2,"2.slow",5,"5.Travelling","26150","2016-08-09 16:22:19",1.15,0.8,-0.292,0.588,"slow","Travelling","water","underwater","",2016-08-09 16:22:19
2,"2.slow",5,"5.Travelling","26151","2016-08-09 16:22:20",1.12,0.8,-0.264,0.564,"slow","Travelling","water","underwater","",2016-08-09 16:22:20
2,"2.slow",5,"5.Travelling","26152","2016-08-09 16:22:20",1.09,0.772,-0.256,0.564,"slow","Travelling","water","underwater","",2016-08-09 16:22:20
2,"2.slow",5,"5.Travelling","26153","2016-08-09 16:22:20",1.06,0.736,-0.308,0.536,"slow","Travelling","water","underwater","",2016-08-09 16:22:20
2,"2.slow",5,"5.Travelling","26154","2016-08-09 16:22:20",1,0.7,-0.36,0.52,"slow","Travelling","water","surface","",2016-08-09 16:22:20
2,"2.slow",5,"5.Travelling","26155","2016-08-09 16:22:20",0.96,0.72,-0.372,0.512,"slow","Travelling","water","surface","",2016-08-09 16:22:20
2,"2.slow",5,"5.Travelling","26156","2016-08-09 16:22:20",0.9,0.744,-0.352,0.48,"slow","Travelling","water","surface","",2016-08-09 16:22:20
2,"2.slow",5,"5.Travelling","26157","2016-08-09 16:22:20",0.9,0.768,-0.332,0.456,"slow","Travelling","water","surface","",2016-08-09 16:22:20
2,"2.slow",5,"5.Travelling","26158","2016-08-09 16:22:20",0.9,0.752,-0.3,0.404,"slow","Travelling","water","surface","",2016-08-09 16:22:20
2,"2.slow",5,"5.Travelling","26159","2016-08-09 16:22:20",0.84,0.66,-0.26,0.412,"slow","Travelling","water","surface","",2016-08-09 16:22:20
2,"2.slow",5,"5.Travelling","26160","2016-08-09 16:22:20",0.87,0.588,-0.188,0.444,"slow","Travelling","water","surface","",2016-08-09 16:22:20
2,"2.slow",5,"5.Travelling","26161","2016-08-09 16:22:20",0.87,0.512,-0.108,0.536,"slow","Travelling","water","surface","",2016-08-09 16:22:20
2,"2.slow",5,"5.Travelling","26162","2016-08-09 16:22:20",0.84,0.42,-0.052,0.592,"slow","Travelling","water","surface","",2016-08-09 16:22:20
2,"2.slow",5,"5.Travelling","26163","2016-08-09 16:22:20",0.84,0.336,-0.02,0.632,"slow","Travelling","water","surface","",2016-08-09 16:22:20
2,"2.slow",5,"5.Travelling","26164","2016-08-09 16:22:20",0.87,0.276,0.056,0.688,"slow","Travelling","water","surface","",2016-08-09 16:22:20
2,"2.slow",5,"5.Travelling","26165","2016-08-09 16:22:20",0.87,0.256,0.088,0.696,"slow","Travelling","water","surface","",2016-08-09 16:22:20
2,"2.slow",5,"5.Travelling","26166","2016-08-09 16:22:20",0.84,0.252,0.148,0.732,"slow","Travelling","water","surface","",2016-08-09 16:22:20
2,"2.slow",5,"5.Travelling","26167","2016-08-09 16:22:20",0.84,0.244,0.208,0.748,"slow","Travelling","water","surface","",2016-08-09 16:22:20
2,"2.slow",5,"5.Travelling","26168","2016-08-09 16:22:20",0.84,0.232,0.256,0.768,"slow","Travelling","water","surface","",2016-08-09 16:22:20
2,"2.slow",5,"5.Travelling","26169","2016-08-09 16:22:20",0.87,0.24,0.292,0.824,"slow","Travelling","water","surface","",2016-08-09 16:22:20
2,"2.slow",5,"5.Travelling","26170","2016-08-09 16:22:20",0.84,0.244,0.336,0.824,"slow","Travelling","water","surface","",2016-08-09 16:22:20
2,"2.slow",5,"5.Travelling","26171","2016-08-09 16:22:20",0.84,0.244,0.404,0.84,"slow","Travelling","water","surface","",2016-08-09 16:22:20
2,"2.slow",5,"5.Travelling","26172","2016-08-09 16:22:20",0.87,0.268,0.436,0.868,"slow","Travelling","water","surface","",2016-08-09 16:22:20
2,"2.slow",5,"5.Travelling","26173","2016-08-09 16:22:20",0.87,0.276,0.428,0.852,"slow","Travelling","water","surface","",2016-08-09 16:22:20
2,"2.slow",5,"5.Travelling","26174","2016-08-09 16:22:20",0.87,0.276,0.424,0.852,"slow","Travelling","water","surface","",2016-08-09 16:22:20
2,"2.slow",5,"5.Travelling","26175","2016-08-09 16:22:21",0.87,0.264,0.42,0.86,"slow","Travelling","water","surface","",2016-08-09 16:22:21
2,"2.slow",5,"5.Travelling","26176","2016-08-09 16:22:21",0.84,0.248,0.392,0.876,"slow","Travelling","water","surface","",2016-08-09 16:22:21
2,"2.slow",5,"5.Travelling","26177","2016-08-09 16:22:21",0.84,0.236,0.352,0.872,"slow","Travelling","water","surface","",2016-08-09 16:22:21
2,"2.slow",5,"5.Travelling","26178","2016-08-09 16:22:21",0.87,0.232,0.308,0.892,"slow","Travelling","water","surface","",2016-08-09 16:22:21
2,"2.slow",5,"5.Travelling","26179","2016-08-09 16:22:21",0.84,0.212,0.328,0.892,"slow","Travelling","water","surface","",2016-08-09 16:22:21
2,"2.slow",5,"5.Travelling","26180","2016-08-09 16:22:21",0.84,0.232,0.308,0.904,"slow","Travelling","water","surface","",2016-08-09 16:22:21
2,"2.slow",5,"5.Travelling","26181","2016-08-09 16:22:21",0.84,0.252,0.348,0.864,"slow","Travelling","water","surface","",2016-08-09 16:22:21
2,"2.slow",5,"5.Travelling","26182","2016-08-09 16:22:21",0.84,0.232,0.372,0.812,"slow","Travelling","water","surface","",2016-08-09 16:22:21
2,"2.slow",5,"5.Travelling","26183","2016-08-09 16:22:21",0.84,0.232,0.312,0.828,"slow","Travelling","water","surface","",2016-08-09 16:22:21
2,"2.slow",5,"5.Travelling","26184","2016-08-09 16:22:21",0.84,0.216,0.212,0.8,"slow","Travelling","water","surface","",2016-08-09 16:22:21
2,"2.slow",5,"5.Travelling","26185","2016-08-09 16:22:21",0.84,0.208,0.068,0.812,"slow","Travelling","water","surface","",2016-08-09 16:22:21
2,"2.slow",5,"5.Travelling","26186","2016-08-09 16:22:21",0.84,0.188,-0.044,0.852,"slow","Travelling","water","surface","",2016-08-09 16:22:21
2,"2.slow",5,"5.Travelling","26187","2016-08-09 16:22:21",0.84,0.192,-0.024,0.92,"slow","Travelling","water","surface","",2016-08-09 16:22:21
2,"2.slow",5,"5.Travelling","26188","2016-08-09 16:22:21",0.84,0.212,-0.02,0.956,"slow","Travelling","water","surface","",2016-08-09 16:22:21
2,"2.slow",5,"5.Travelling","26189","2016-08-09 16:22:21",0.84,0.212,0.004,0.976,"slow","Travelling","water","surface","",2016-08-09 16:22:21
2,"2.slow",5,"5.Travelling","26190","2016-08-09 16:22:21",0.84,0.248,-0.04,0.968,"slow","Travelling","water","surface","",2016-08-09 16:22:21
2,"2.slow",5,"5.Travelling","26191","2016-08-09 16:22:21",0.84,0.28,-0.036,0.9,"slow","Travelling","water","surface","",2016-08-09 16:22:21
2,"2.slow",5,"5.Travelling","26192","2016-08-09 16:22:21",0.84,0.34,-0.004,0.936,"slow","Travelling","water","surface","",2016-08-09 16:22:21
2,"2.slow",5,"5.Travelling","26193","2016-08-09 16:22:21",0.84,0.388,0.04,0.932,"slow","Travelling","water","surface","",2016-08-09 16:22:21
2,"2.slow",5,"5.Travelling","26194","2016-08-09 16:22:21",0.84,0.392,0.092,0.92,"slow","Travelling","water","surface","",2016-08-09 16:22:21
2,"2.slow",5,"5.Travelling","26195","2016-08-09 16:22:21",0.84,0.324,0.152,0.924,"slow","Travelling","water","surface","",2016-08-09 16:22:21
2,"2.slow",5,"5.Travelling","26196","2016-08-09 16:22:21",0.84,0.252,0.308,0.872,"slow","Travelling","water","surface","",2016-08-09 16:22:21
2,"2.slow",5,"5.Travelling","26197","2016-08-09 16:22:21",0.87,0.204,0.388,0.844,"slow","Travelling","water","surface","",2016-08-09 16:22:21
2,"2.slow",5,"5.Travelling","26198","2016-08-09 16:22:21",0.84,0.128,0.4,0.812,"slow","Travelling","water","surface","",2016-08-09 16:22:21
2,"2.slow",5,"5.Travelling","26199","2016-08-09 16:22:22",0.84,0.048,0.364,0.8,"slow","Travelling","water","surface","",2016-08-09 16:22:22
2,"2.slow",5,"5.Travelling","26200","2016-08-09 16:22:22",0.84,-0.072,0.352,0.772,"slow","Travelling","water","surface","",2016-08-09 16:22:22
2,"2.slow",5,"5.Travelling","26201","2016-08-09 16:22:22",0.84,-0.164,0.3,0.728,"slow","Travelling","water","surface","",2016-08-09 16:22:22
2,"2.slow",5,"5.Travelling","26202","2016-08-09 16:22:22",0.87,-0.252,0.276,0.66,"slow","Travelling","water","surface","",2016-08-09 16:22:22
2,"2.slow",5,"5.Travelling","26203","2016-08-09 16:22:22",0.84,-0.304,0.264,0.66,"slow","Travelling","water","surface","",2016-08-09 16:22:22
2,"2.slow",5,"5.Travelling","26204","2016-08-09 16:22:22",0.84,-0.348,0.256,0.636,"slow","Travelling","water","surface","",2016-08-09 16:22:22
2,"2.slow",5,"5.Travelling","26205","2016-08-09 16:22:22",0.84,-0.424,0.256,0.608,"slow","Travelling","water","surface","",2016-08-09 16:22:22
2,"2.slow",5,"5.Travelling","26206","2016-08-09 16:22:22",0.84,-0.508,0.228,0.6,"slow","Travelling","water","surface","",2016-08-09 16:22:22
2,"2.slow",5,"5.Travelling","26207","2016-08-09 16:22:22",0.84,-0.572,0.236,0.556,"slow","Travelling","water","surface","",2016-08-09 16:22:22
2,"2.slow",5,"5.Travelling","26208","2016-08-09 16:22:22",0.84,-0.604,0.152,0.6,"slow","Travelling","water","surface","",2016-08-09 16:22:22
2,"2.slow",5,"5.Travelling","26209","2016-08-09 16:22:22",0.87,-0.584,0.104,0.56,"slow","Travelling","water","surface","",2016-08-09 16:22:22
2,"2.slow",5,"5.Travelling","26210","2016-08-09 16:22:22",0.9,-0.66,0.064,0.536,"slow","Travelling","water","surface","",2016-08-09 16:22:22
2,"2.slow",5,"5.Travelling","26211","2016-08-09 16:22:22",0.93,-0.728,0.04,0.504,"slow","Travelling","water","surface","",2016-08-09 16:22:22
2,"2.slow",5,"5.Travelling","26212","2016-08-09 16:22:22",0.93,-0.764,-0.008,0.464,"slow","Travelling","water","surface","",2016-08-09 16:22:22
2,"2.slow",5,"5.Travelling","26213","2016-08-09 16:22:22",0.96,-0.768,-0.02,0.476,"slow","Travelling","water","surface","",2016-08-09 16:22:22
2,"2.slow",5,"5.Travelling","26214","2016-08-09 16:22:22",1,-0.804,-0.092,0.48,"slow","Travelling","water","surface","",2016-08-09 16:22:22
2,"2.slow",5,"5.Travelling","26215","2016-08-09 16:22:22",1.03,-0.824,-0.092,0.484,"slow","Travelling","water","surface","",2016-08-09 16:22:22
2,"2.slow",5,"5.Travelling","26216","2016-08-09 16:22:22",1.06,-0.84,-0.124,0.532,"slow","Travelling","water","underwater","",2016-08-09 16:22:22
2,"2.slow",5,"5.Travelling","26217","2016-08-09 16:22:22",1.06,-0.848,-0.136,0.548,"slow","Travelling","water","underwater","",2016-08-09 16:22:22
2,"2.slow",5,"5.Travelling","26218","2016-08-09 16:22:22",1.09,-0.832,-0.18,0.572,"slow","Travelling","water","underwater","",2016-08-09 16:22:22
2,"2.slow",5,"5.Travelling","26219","2016-08-09 16:22:22",1.12,-0.824,-0.216,0.596,"slow","Travelling","water","underwater","",2016-08-09 16:22:22
2,"2.slow",5,"5.Travelling","26220","2016-08-09 16:22:22",1.12,-0.804,-0.22,0.608,"slow","Travelling","water","underwater","",2016-08-09 16:22:22
2,"2.slow",5,"5.Travelling","26221","2016-08-09 16:22:22",1.15,-0.78,-0.192,0.624,"slow","Travelling","water","underwater","",2016-08-09 16:22:22
2,"2.slow",5,"5.Travelling","26222","2016-08-09 16:22:22",1.18,-0.756,-0.176,0.632,"slow","Travelling","water","underwater","",2016-08-09 16:22:22
2,"2.slow",5,"5.Travelling","26223","2016-08-09 16:22:23",1.18,-0.708,-0.112,0.672,"slow","Travelling","water","underwater","",2016-08-09 16:22:23
2,"2.slow",5,"5.Travelling","26224","2016-08-09 16:22:23",1.18,-0.648,-0.044,0.708,"slow","Travelling","water","underwater","",2016-08-09 16:22:23
2,"2.slow",5,"5.Travelling","26225","2016-08-09 16:22:23",1.21,-0.604,0.004,0.768,"slow","Travelling","water","underwater","",2016-08-09 16:22:23
2,"2.slow",5,"5.Travelling","26226","2016-08-09 16:22:23",1.21,-0.556,0.044,0.804,"slow","Travelling","water","underwater","",2016-08-09 16:22:23
2,"2.slow",5,"5.Travelling","26227","2016-08-09 16:22:23",1.25,-0.52,0.1,0.812,"slow","Travelling","water","underwater","",2016-08-09 16:22:23
2,"2.slow",5,"5.Travelling","26228","2016-08-09 16:22:23",1.25,-0.496,0.164,0.808,"slow","Travelling","water","underwater","",2016-08-09 16:22:23
2,"2.slow",5,"5.Travelling","26229","2016-08-09 16:22:23",1.28,-0.48,0.272,0.828,"slow","Travelling","water","underwater","",2016-08-09 16:22:23
2,"2.slow",5,"5.Travelling","26230","2016-08-09 16:22:23",1.28,-0.448,0.34,0.816,"slow","Travelling","water","underwater","",2016-08-09 16:22:23
2,"2.slow",5,"5.Travelling","26231","2016-08-09 16:22:23",1.31,-0.372,0.428,0.844,"slow","Travelling","water","underwater","",2016-08-09 16:22:23
2,"2.slow",5,"5.Travelling","26232","2016-08-09 16:22:23",1.31,-0.332,0.452,0.88,"slow","Travelling","water","underwater","",2016-08-09 16:22:23
2,"2.slow",5,"5.Travelling","26233","2016-08-09 16:22:23",1.31,-0.272,0.476,0.888,"slow","Travelling","water","underwater","",2016-08-09 16:22:23
2,"2.slow",5,"5.Travelling","26234","2016-08-09 16:22:23",1.31,-0.252,0.504,0.868,"slow","Travelling","water","underwater","",2016-08-09 16:22:23
2,"2.slow",5,"5.Travelling","26235","2016-08-09 16:22:23",1.31,-0.236,0.48,0.86,"slow","Travelling","water","underwater","",2016-08-09 16:22:23
2,"2.slow",5,"5.Travelling","26236","2016-08-09 16:22:23",1.34,-0.236,0.464,0.856,"slow","Travelling","water","underwater","",2016-08-09 16:22:23
2,"2.slow",5,"5.Travelling","26237","2016-08-09 16:22:23",1.34,-0.228,0.452,0.836,"slow","Travelling","water","underwater","",2016-08-09 16:22:23
2,"2.slow",5,"5.Travelling","26238","2016-08-09 16:22:23",1.34,-0.216,0.468,0.82,"slow","Travelling","water","underwater","",2016-08-09 16:22:23
2,"2.slow",5,"5.Travelling","26239","2016-08-09 16:22:23",1.34,-0.172,0.48,0.852,"slow","Travelling","water","underwater","",2016-08-09 16:22:23
2,"2.slow",5,"5.Travelling","26240","2016-08-09 16:22:23",1.34,-0.132,0.492,0.86,"slow","Travelling","water","underwater","",2016-08-09 16:22:23
2,"2.slow",5,"5.Travelling","26241","2016-08-09 16:22:23",1.34,-0.14,0.46,0.84,"slow","Travelling","water","underwater","",2016-08-09 16:22:23
2,"2.slow",5,"5.Travelling","26242","2016-08-09 16:22:23",1.34,-0.14,0.452,0.832,"slow","Travelling","water","underwater","",2016-08-09 16:22:23
2,"2.slow",5,"5.Travelling","26243","2016-08-09 16:22:23",1.34,-0.136,0.484,0.812,"slow","Travelling","water","underwater","",2016-08-09 16:22:23
2,"2.slow",5,"5.Travelling","26244","2016-08-09 16:22:23",1.34,-0.1,0.5,0.84,"slow","Travelling","water","underwater","",2016-08-09 16:22:23
2,"2.slow",5,"5.Travelling","26245","2016-08-09 16:22:23",1.34,-0.092,0.52,0.82,"slow","Travelling","water","underwater","",2016-08-09 16:22:23
2,"2.slow",5,"5.Travelling","26246","2016-08-09 16:22:23",1.34,-0.104,0.552,0.824,"slow","Travelling","water","underwater","",2016-08-09 16:22:23
2,"2.slow",5,"5.Travelling","26247","2016-08-09 16:22:24",1.34,-0.124,0.588,0.776,"slow","Travelling","water","underwater","",2016-08-09 16:22:24
2,"2.slow",5,"5.Travelling","26248","2016-08-09 16:22:24",1.34,-0.156,0.616,0.704,"slow","Travelling","water","underwater","",2016-08-09 16:22:24
2,"2.slow",5,"5.Travelling","26249","2016-08-09 16:22:24",1.34,-0.152,0.648,0.672,"slow","Travelling","water","underwater","",2016-08-09 16:22:24
2,"2.slow",5,"5.Travelling","26250","2016-08-09 16:22:24",1.37,-0.164,0.664,0.628,"slow","Travelling","water","underwater","",2016-08-09 16:22:24
2,"2.slow",5,"5.Travelling","26251","2016-08-09 16:22:24",1.37,-0.2,0.696,0.58,"slow","Travelling","water","underwater","",2016-08-09 16:22:24
2,"2.slow",5,"5.Travelling","26252","2016-08-09 16:22:24",1.37,-0.24,0.752,0.556,"slow","Travelling","water","underwater","",2016-08-09 16:22:24
2,"2.slow",5,"5.Travelling","26253","2016-08-09 16:22:24",1.37,-0.252,0.792,0.552,"slow","Travelling","water","underwater","",2016-08-09 16:22:24
2,"2.slow",5,"5.Travelling","26254","2016-08-09 16:22:24",1.37,-0.272,0.764,0.512,"slow","Travelling","water","underwater","",2016-08-09 16:22:24
2,"2.slow",5,"5.Travelling","26255","2016-08-09 16:22:24",1.37,-0.288,0.752,0.488,"slow","Travelling","water","underwater","",2016-08-09 16:22:24
2,"2.slow",5,"5.Travelling","26256","2016-08-09 16:22:24",1.4,-0.284,0.768,0.472,"slow","Travelling","water","underwater","",2016-08-09 16:22:24
2,"2.slow",5,"5.Travelling","26257","2016-08-09 16:22:24",1.4,-0.292,0.832,0.44,"slow","Travelling","water","underwater","",2016-08-09 16:22:24
2,"2.slow",5,"5.Travelling","26258","2016-08-09 16:22:24",1.4,-0.26,0.872,0.368,"slow","Travelling","water","underwater","",2016-08-09 16:22:24
2,"2.slow",5,"5.Travelling","26259","2016-08-09 16:22:24",1.43,-0.24,0.936,0.296,"slow","Travelling","water","underwater","",2016-08-09 16:22:24
2,"2.slow",5,"5.Travelling","26260","2016-08-09 16:22:24",1.43,-0.2,0.988,0.248,"slow","Travelling","water","underwater","",2016-08-09 16:22:24
2,"2.slow",5,"5.Travelling","26261","2016-08-09 16:22:24",1.43,-0.168,1.02,0.268,"slow","Travelling","water","underwater","",2016-08-09 16:22:24
2,"2.slow",5,"5.Travelling","26262","2016-08-09 16:22:24",1.43,-0.184,1.04,0.26,"slow","Travelling","water","underwater","",2016-08-09 16:22:24
2,"2.slow",5,"5.Travelling","26263","2016-08-09 16:22:24",1.43,-0.228,1.04,0.24,"slow","Travelling","water","underwater","",2016-08-09 16:22:24
2,"2.slow",5,"5.Travelling","26264","2016-08-09 16:22:24",1.43,-0.264,1.016,0.212,"slow","Travelling","water","underwater","",2016-08-09 16:22:24
2,"2.slow",5,"5.Travelling","26265","2016-08-09 16:22:24",1.43,-0.292,0.944,0.172,"slow","Travelling","water","underwater","",2016-08-09 16:22:24
2,"2.slow",5,"5.Travelling","26266","2016-08-09 16:22:24",1.46,-0.336,0.884,0.152,"slow","Travelling","water","underwater","",2016-08-09 16:22:24
2,"2.slow",5,"5.Travelling","26267","2016-08-09 16:22:24",1.46,-0.38,0.932,0.16,"slow","Travelling","water","underwater","",2016-08-09 16:22:24
2,"2.slow",5,"5.Travelling","26268","2016-08-09 16:22:24",1.46,-0.4,0.948,0.136,"slow","Travelling","water","underwater","",2016-08-09 16:22:24
2,"2.slow",5,"5.Travelling","26269","2016-08-09 16:22:24",1.46,-0.408,0.972,0.132,"slow","Travelling","water","underwater","",2016-08-09 16:22:24
2,"2.slow",5,"5.Travelling","26270","2016-08-09 16:22:25",1.46,-0.42,0.984,0.112,"slow","Travelling","water","underwater","",2016-08-09 16:22:25
2,"2.slow",5,"5.Travelling","26271","2016-08-09 16:22:25",1.5,-0.432,0.996,0.124,"slow","Travelling","water","underwater","",2016-08-09 16:22:25
2,"2.slow",5,"5.Travelling","26272","2016-08-09 16:22:25",1.5,-0.408,0.996,0.144,"slow","Travelling","water","underwater","",2016-08-09 16:22:25
2,"2.slow",5,"5.Travelling","26273","2016-08-09 16:22:25",1.5,-0.38,1.02,0.132,"slow","Travelling","water","underwater","",2016-08-09 16:22:25
2,"2.slow",5,"5.Travelling","26274","2016-08-09 16:22:25",1.5,-0.4,1.044,0.156,"slow","Travelling","water","underwater","",2016-08-09 16:22:25
2,"2.slow",5,"5.Travelling","26275","2016-08-09 16:22:25",1.5,-0.436,1.012,0.216,"slow","Travelling","water","underwater","",2016-08-09 16:22:25
2,"2.slow",5,"5.Travelling","26276","2016-08-09 16:22:25",1.5,-0.452,0.896,0.232,"slow","Travelling","water","underwater","",2016-08-09 16:22:25
2,"2.slow",5,"5.Travelling","26277","2016-08-09 16:22:25",1.5,-0.476,0.856,0.276,"slow","Travelling","water","underwater","",2016-08-09 16:22:25
2,"2.slow",5,"5.Travelling","26278","2016-08-09 16:22:25",1.5,-0.5,0.804,0.316,"slow","Travelling","water","underwater","",2016-08-09 16:22:25
2,"2.slow",5,"5.Travelling","26279","2016-08-09 16:22:25",1.5,-0.496,0.768,0.32,"slow","Travelling","water","underwater","",2016-08-09 16:22:25
2,"2.slow",5,"5.Travelling","26280","2016-08-09 16:22:25",1.5,-0.428,0.728,0.32,"slow","Travelling","water","underwater","",2016-08-09 16:22:25
2,"2.slow",5,"5.Travelling","26281","2016-08-09 16:22:25",1.5,-0.436,0.764,0.332,"slow","Travelling","water","underwater","",2016-08-09 16:22:25
2,"2.slow",5,"5.Travelling","26282","2016-08-09 16:22:25",1.5,-0.48,0.8,0.344,"slow","Travelling","water","underwater","",2016-08-09 16:22:25
2,"2.slow",5,"5.Travelling","26283","2016-08-09 16:22:25",1.5,-0.48,0.808,0.336,"slow","Travelling","water","underwater","",2016-08-09 16:22:25
2,"2.slow",5,"5.Travelling","26284","2016-08-09 16:22:25",1.5,-0.488,0.784,0.348,"slow","Travelling","water","underwater","",2016-08-09 16:22:25
2,"2.slow",5,"5.Travelling","26285","2016-08-09 16:22:25",1.5,-0.516,0.748,0.364,"slow","Travelling","water","underwater","",2016-08-09 16:22:25
2,"2.slow",5,"5.Travelling","26286","2016-08-09 16:22:25",1.5,-0.576,0.676,0.384,"slow","Travelling","water","underwater","",2016-08-09 16:22:25
2,"2.slow",5,"5.Travelling","26287","2016-08-09 16:22:25",1.5,-0.612,0.592,0.412,"slow","Travelling","water","underwater","",2016-08-09 16:22:25
2,"2.slow",5,"5.Travelling","26288","2016-08-09 16:22:25",1.5,-0.648,0.548,0.428,"slow","Travelling","water","underwater","",2016-08-09 16:22:25
2,"2.slow",5,"5.Travelling","26289","2016-08-09 16:22:25",1.53,-0.676,0.5,0.472,"slow","Travelling","water","underwater","",2016-08-09 16:22:25
2,"2.slow",5,"5.Travelling","26290","2016-08-09 16:22:25",1.5,-0.684,0.436,0.472,"slow","Travelling","water","underwater","",2016-08-09 16:22:25
2,"2.slow",5,"5.Travelling","26291","2016-08-09 16:22:25",1.5,-0.696,0.376,0.468,"slow","Travelling","water","underwater","",2016-08-09 16:22:25
2,"2.slow",5,"5.Travelling","26292","2016-08-09 16:22:25",1.53,-0.696,0.332,0.476,"slow","Travelling","water","underwater","",2016-08-09 16:22:25
2,"2.slow",5,"5.Travelling","26293","2016-08-09 16:22:25",1.53,-0.716,0.364,0.536,"slow","Travelling","water","underwater","",2016-08-09 16:22:25
2,"2.slow",5,"5.Travelling","26294","2016-08-09 16:22:26",1.56,-0.728,0.328,0.52,"slow","Travelling","water","underwater","",2016-08-09 16:22:26
2,"2.slow",5,"5.Travelling","26295","2016-08-09 16:22:26",1.56,-0.736,0.308,0.492,"slow","Travelling","water","underwater","",2016-08-09 16:22:26
2,"2.slow",5,"5.Travelling","26296","2016-08-09 16:22:26",1.56,-0.74,0.284,0.532,"slow","Travelling","water","underwater","",2016-08-09 16:22:26
2,"2.slow",5,"5.Travelling","26297","2016-08-09 16:22:26",1.56,-0.736,0.248,0.548,"slow","Travelling","water","underwater","",2016-08-09 16:22:26
2,"2.slow",5,"5.Travelling","26298","2016-08-09 16:22:26",1.56,-0.74,0.188,0.528,"slow","Travelling","water","underwater","",2016-08-09 16:22:26
2,"2.slow",5,"5.Travelling","26299","2016-08-09 16:22:26",1.56,-0.724,0.16,0.572,"slow","Travelling","water","underwater","",2016-08-09 16:22:26
2,"2.slow",5,"5.Travelling","26300","2016-08-09 16:22:26",1.56,-0.724,0.112,0.576,"slow","Travelling","water","underwater","",2016-08-09 16:22:26
2,"2.slow",5,"5.Travelling","26301","2016-08-09 16:22:26",1.56,-0.736,0.076,0.564,"slow","Travelling","water","underwater","",2016-08-09 16:22:26
2,"2.slow",5,"5.Travelling","26302","2016-08-09 16:22:26",1.59,-0.74,0.04,0.568,"slow","Travelling","water","underwater","",2016-08-09 16:22:26
2,"2.slow",5,"5.Travelling","26303","2016-08-09 16:22:26",1.59,-0.736,-0.004,0.56,"slow","Travelling","water","underwater","",2016-08-09 16:22:26
2,"2.slow",5,"5.Travelling","26304","2016-08-09 16:22:26",1.62,-0.756,-0.048,0.532,"slow","Travelling","water","underwater","",2016-08-09 16:22:26
2,"2.slow",5,"5.Travelling","26305","2016-08-09 16:22:26",1.62,-0.764,-0.084,0.54,"slow","Travelling","water","underwater","",2016-08-09 16:22:26
2,"2.slow",5,"5.Travelling","26306","2016-08-09 16:22:26",1.62,-0.744,-0.108,0.568,"slow","Travelling","water","underwater","",2016-08-09 16:22:26
2,"2.slow",5,"5.Travelling","26307","2016-08-09 16:22:26",1.65,-0.74,-0.172,0.556,"slow","Travelling","water","underwater","",2016-08-09 16:22:26
2,"2.slow",5,"5.Travelling","26308","2016-08-09 16:22:26",1.65,-0.74,-0.228,0.548,"slow","Travelling","water","underwater","",2016-08-09 16:22:26
2,"2.slow",5,"5.Travelling","26309","2016-08-09 16:22:26",1.65,-0.748,-0.24,0.56,"slow","Travelling","water","underwater","",2016-08-09 16:22:26
2,"2.slow",5,"5.Travelling","26310","2016-08-09 16:22:26",1.68,-0.732,-0.276,0.572,"slow","Travelling","water","underwater","",2016-08-09 16:22:26
2,"2.slow",5,"5.Travelling","26311","2016-08-09 16:22:26",1.68,-0.724,-0.3,0.564,"slow","Travelling","water","underwater","",2016-08-09 16:22:26
2,"2.slow",5,"5.Travelling","26312","2016-08-09 16:22:26",1.71,-0.732,-0.332,0.536,"slow","Travelling","water","underwater","",2016-08-09 16:22:26
2,"2.slow",5,"5.Travelling","26313","2016-08-09 16:22:26",1.71,-0.728,-0.36,0.52,"slow","Travelling","water","underwater","",2016-08-09 16:22:26
2,"2.slow",5,"5.Travelling","26314","2016-08-09 16:22:26",1.75,-0.716,-0.388,0.524,"slow","Travelling","water","underwater","",2016-08-09 16:22:26
2,"2.slow",5,"5.Travelling","26315","2016-08-09 16:22:26",1.75,-0.696,-0.42,0.528,"slow","Travelling","water","underwater","",2016-08-09 16:22:26
2,"2.slow",5,"5.Travelling","26316","2016-08-09 16:22:26",1.75,-0.708,-0.44,0.5,"slow","Travelling","water","underwater","",2016-08-09 16:22:26
2,"2.slow",5,"5.Travelling","26317","2016-08-09 16:22:26",1.78,-0.724,-0.464,0.476,"slow","Travelling","water","underwater","",2016-08-09 16:22:26
2,"2.slow",5,"5.Travelling","26318","2016-08-09 16:22:27",1.78,-0.724,-0.48,0.46,"slow","Travelling","water","underwater","",2016-08-09 16:22:27
2,"2.slow",5,"5.Travelling","26319","2016-08-09 16:22:27",1.78,-0.724,-0.48,0.444,"slow","Travelling","water","underwater","",2016-08-09 16:22:27
2,"2.slow",5,"5.Travelling","26320","2016-08-09 16:22:27",1.81,-0.716,-0.492,0.4,"slow","Travelling","water","underwater","",2016-08-09 16:22:27
2,"2.slow",5,"5.Travelling","26321","2016-08-09 16:22:27",1.81,-0.72,-0.496,0.384,"slow","Travelling","water","underwater","",2016-08-09 16:22:27
2,"2.slow",5,"5.Travelling","26322","2016-08-09 16:22:27",1.81,-0.7,-0.524,0.368,"slow","Travelling","water","underwater","",2016-08-09 16:22:27
2,"2.slow",5,"5.Travelling","26323","2016-08-09 16:22:27",1.84,-0.668,-0.576,0.352,"slow","Travelling","water","underwater","",2016-08-09 16:22:27
2,"2.slow",5,"5.Travelling","26324","2016-08-09 16:22:27",1.84,-0.636,-0.624,0.336,"slow","Travelling","water","underwater","",2016-08-09 16:22:27
2,"2.slow",5,"5.Travelling","26325","2016-08-09 16:22:27",1.87,-0.612,-0.664,0.312,"slow","Travelling","water","underwater","",2016-08-09 16:22:27
2,"2.slow",5,"5.Travelling","26326","2016-08-09 16:22:27",1.87,-0.572,-0.74,0.284,"slow","Travelling","water","underwater","",2016-08-09 16:22:27
2,"2.slow",5,"5.Travelling","26327","2016-08-09 16:22:27",1.9,-0.536,-0.808,0.284,"slow","Travelling","water","underwater","",2016-08-09 16:22:27
2,"2.slow",5,"5.Travelling","26328","2016-08-09 16:22:27",1.9,-0.508,-0.88,0.284,"slow","Travelling","water","underwater","",2016-08-09 16:22:27
2,"2.slow",5,"5.Travelling","26329","2016-08-09 16:22:27",1.93,-0.5,-0.9,0.288,"slow","Travelling","water","underwater","",2016-08-09 16:22:27
2,"2.slow",5,"5.Travelling","26330","2016-08-09 16:22:27",1.93,-0.484,-0.896,0.276,"slow","Travelling","water","underwater","",2016-08-09 16:22:27
2,"2.slow",5,"5.Travelling","26331","2016-08-09 16:22:27",1.93,-0.48,-0.884,0.228,"slow","Travelling","water","underwater","",2016-08-09 16:22:27
2,"2.slow",5,"5.Travelling","26332","2016-08-09 16:22:27",1.93,-0.48,-0.864,0.184,"slow","Travelling","water","underwater","",2016-08-09 16:22:27
2,"2.slow",5,"5.Travelling","26333","2016-08-09 16:22:27",1.96,-0.5,-0.876,0.172,"slow","Travelling","water","underwater","",2016-08-09 16:22:27
2,"2.slow",5,"5.Travelling","26334","2016-08-09 16:22:27",1.96,-0.512,-0.832,0.136,"slow","Travelling","water","underwater","",2016-08-09 16:22:27
2,"2.slow",5,"5.Travelling","26335","2016-08-09 16:22:27",1.96,-0.528,-0.836,0.112,"slow","Travelling","water","underwater","",2016-08-09 16:22:27
2,"2.slow",5,"5.Travelling","26336","2016-08-09 16:22:27",2,-0.532,-0.84,0.104,"slow","Travelling","water","underwater","",2016-08-09 16:22:27
2,"2.slow",5,"5.Travelling","26337","2016-08-09 16:22:27",2,-0.544,-0.832,0.088,"slow","Travelling","water","underwater","",2016-08-09 16:22:27
2,"2.slow",5,"5.Travelling","26338","2016-08-09 16:22:27",2,-0.552,-0.836,0.072,"slow","Travelling","water","underwater","",2016-08-09 16:22:27
2,"2.slow",5,"5.Travelling","26339","2016-08-09 16:22:27",2.03,-0.576,-0.836,0.056,"slow","Travelling","water","underwater","",2016-08-09 16:22:27
2,"2.slow",5,"5.Travelling","26340","2016-08-09 16:22:27",2,-0.62,-0.84,0.024,"slow","Travelling","water","underwater","",2016-08-09 16:22:27
2,"2.slow",5,"5.Travelling","26341","2016-08-09 16:22:27",2.03,-0.656,-0.808,0.004,"slow","Travelling","water","underwater","",2016-08-09 16:22:27
2,"2.slow",5,"5.Travelling","26342","2016-08-09 16:22:28",2.03,-0.676,-0.828,0,"slow","Travelling","water","underwater","",2016-08-09 16:22:28
2,"2.slow",5,"5.Travelling","26343","2016-08-09 16:22:28",2.03,-0.688,-0.808,-0.048,"slow","Travelling","water","underwater","",2016-08-09 16:22:28
2,"2.slow",5,"5.Travelling","26344","2016-08-09 16:22:28",2.03,-0.724,-0.752,-0.072,"slow","Travelling","water","underwater","",2016-08-09 16:22:28
2,"2.slow",5,"5.Travelling","26345","2016-08-09 16:22:28",2.06,-0.74,-0.724,-0.012,"slow","Travelling","water","underwater","",2016-08-09 16:22:28
2,"2.slow",5,"5.Travelling","26346","2016-08-09 16:22:28",2.06,-0.72,-0.748,0.044,"slow","Travelling","water","underwater","",2016-08-09 16:22:28
2,"2.slow",5,"5.Travelling","26347","2016-08-09 16:22:28",2.06,-0.68,-0.768,0.088,"slow","Travelling","water","underwater","",2016-08-09 16:22:28
2,"2.slow",5,"5.Travelling","26348","2016-08-09 16:22:28",2.06,-0.64,-0.756,0.088,"slow","Travelling","water","underwater","",2016-08-09 16:22:28
2,"2.slow",5,"5.Travelling","26349","2016-08-09 16:22:28",2.06,-0.652,-0.704,0.112,"slow","Travelling","water","underwater","",2016-08-09 16:22:28
2,"2.slow",5,"5.Travelling","26350","2016-08-09 16:22:28",2.09,-0.692,-0.64,0.172,"slow","Travelling","water","underwater","",2016-08-09 16:22:28
2,"2.slow",5,"5.Travelling","26351","2016-08-09 16:22:28",2.09,-0.744,-0.588,0.252,"slow","Travelling","water","underwater","",2016-08-09 16:22:28
2,"2.slow",5,"5.Travelling","26352","2016-08-09 16:22:28",2.09,-0.76,-0.54,0.304,"slow","Travelling","water","underwater","",2016-08-09 16:22:28
2,"2.slow",5,"5.Travelling","26353","2016-08-09 16:22:28",2.09,-0.752,-0.492,0.344,"slow","Travelling","water","underwater","",2016-08-09 16:22:28
2,"2.slow",5,"5.Travelling","26354","2016-08-09 16:22:28",2.09,-0.712,-0.504,0.424,"slow","Travelling","water","underwater","",2016-08-09 16:22:28
2,"2.slow",5,"5.Travelling","26355","2016-08-09 16:22:28",2.09,-0.688,-0.468,0.484,"slow","Travelling","water","underwater","",2016-08-09 16:22:28
2,"2.slow",5,"5.Travelling","26356","2016-08-09 16:22:28",2.06,-0.648,-0.408,0.524,"slow","Travelling","water","underwater","",2016-08-09 16:22:28
2,"2.slow",5,"5.Travelling","26357","2016-08-09 16:22:28",2.06,-0.604,-0.416,0.516,"slow","Travelling","water","underwater","",2016-08-09 16:22:28
2,"2.slow",5,"5.Travelling","26358","2016-08-09 16:22:28",2.06,-0.56,-0.388,0.544,"slow","Travelling","water","underwater","",2016-08-09 16:22:28
2,"2.slow",5,"5.Travelling","26359","2016-08-09 16:22:28",2.09,-0.508,-0.328,0.608,"slow","Travelling","water","underwater","",2016-08-09 16:22:28
2,"2.slow",5,"5.Travelling","26360","2016-08-09 16:22:28",2.06,-0.468,-0.248,0.648,"slow","Travelling","water","underwater","",2016-08-09 16:22:28
2,"2.slow",5,"5.Travelling","26361","2016-08-09 16:22:28",2.09,-0.476,-0.172,0.732,"slow","Travelling","water","underwater","",2016-08-09 16:22:28
2,"2.slow",5,"5.Travelling","26362","2016-08-09 16:22:28",2.09,-0.54,-0.148,0.756,"slow","Travelling","water","underwater","",2016-08-09 16:22:28
2,"2.slow",5,"5.Travelling","26363","2016-08-09 16:22:28",2.12,-0.572,-0.072,0.808,"slow","Travelling","water","underwater","",2016-08-09 16:22:28
2,"2.slow",5,"5.Travelling","26364","2016-08-09 16:22:28",2.12,-0.496,-0.04,0.852,"slow","Travelling","water","underwater","",2016-08-09 16:22:28
2,"2.slow",5,"5.Travelling","26365","2016-08-09 16:22:28",2.12,-0.432,-0.06,0.848,"slow","Travelling","water","underwater","",2016-08-09 16:22:28
2,"2.slow",5,"5.Travelling","26366","2016-08-09 16:22:29",2.12,-0.4,-0.052,0.816,"slow","Travelling","water","underwater","",2016-08-09 16:22:29
2,"2.slow",5,"5.Travelling","26367","2016-08-09 16:22:29",2.15,-0.384,-0.036,0.772,"slow","Travelling","water","underwater","",2016-08-09 16:22:29
2,"2.slow",5,"5.Travelling","26368","2016-08-09 16:22:29",2.15,-0.34,-0.008,0.78,"slow","Travelling","water","underwater","",2016-08-09 16:22:29
2,"2.slow",5,"5.Travelling","26369","2016-08-09 16:22:29",2.15,-0.268,-0.008,0.82,"slow","Travelling","water","underwater","",2016-08-09 16:22:29
2,"2.slow",5,"5.Travelling","26370","2016-08-09 16:22:29",2.18,-0.232,-0.036,0.868,"slow","Travelling","water","underwater","",2016-08-09 16:22:29
2,"2.slow",5,"5.Travelling","26371","2016-08-09 16:22:29",2.21,-0.284,-0.044,0.912,"slow","Travelling","water","underwater","",2016-08-09 16:22:29
2,"2.slow",5,"5.Travelling","26372","2016-08-09 16:22:29",2.25,-0.256,-0.012,1.02,"slow","Travelling","water","underwater","",2016-08-09 16:22:29
2,"2.slow",5,"5.Travelling","26373","2016-08-09 16:22:29",2.21,-0.152,-0.06,0.996,"slow","Travelling","water","underwater","",2016-08-09 16:22:29
2,"2.slow",5,"5.Travelling","26374","2016-08-09 16:22:29",2.25,-0.14,-0.052,0.952,"slow","Travelling","water","underwater","",2016-08-09 16:22:29
2,"2.slow",5,"5.Travelling","26375","2016-08-09 16:22:29",2.28,-0.08,-0.108,1.044,"slow","Travelling","water","underwater","",2016-08-09 16:22:29
2,"2.slow",5,"5.Travelling","26376","2016-08-09 16:22:29",2.28,-0.036,-0.088,1.068,"slow","Travelling","water","underwater","",2016-08-09 16:22:29
2,"2.slow",5,"5.Travelling","26377","2016-08-09 16:22:29",2.28,0.004,-0.088,1.064,"slow","Travelling","water","underwater","",2016-08-09 16:22:29
2,"2.slow",5,"5.Travelling","26378","2016-08-09 16:22:29",2.25,0.048,-0.148,1.08,"slow","Travelling","water","underwater","",2016-08-09 16:22:29
2,"2.slow",5,"5.Travelling","26379","2016-08-09 16:22:29",2.25,0.08,-0.14,1.044,"slow","Travelling","water","underwater","",2016-08-09 16:22:29
2,"2.slow",5,"5.Travelling","26380","2016-08-09 16:22:29",2.25,0.124,-0.12,1,"slow","Travelling","water","underwater","",2016-08-09 16:22:29
2,"2.slow",5,"5.Travelling","26381","2016-08-09 16:22:29",2.21,0.108,-0.044,1.004,"slow","Travelling","water","underwater","",2016-08-09 16:22:29
2,"2.slow",5,"5.Travelling","26382","2016-08-09 16:22:29",2.21,0.072,0.02,1.016,"slow","Travelling","water","underwater","",2016-08-09 16:22:29
2,"2.slow",5,"5.Travelling","26383","2016-08-09 16:22:29",2.18,0.036,0.032,0.996,"slow","Travelling","water","underwater","",2016-08-09 16:22:29
2,"2.slow",5,"5.Travelling","26384","2016-08-09 16:22:29",2.18,0.024,0.028,0.988,"slow","Travelling","water","underwater","",2016-08-09 16:22:29
2,"2.slow",5,"5.Travelling","26385","2016-08-09 16:22:29",2.18,0.028,-0.016,0.96,"slow","Travelling","water","underwater","",2016-08-09 16:22:29
2,"2.slow",5,"5.Travelling","26386","2016-08-09 16:22:29",2.15,0.028,-0.052,0.964,"slow","Travelling","water","underwater","",2016-08-09 16:22:29
2,"2.slow",5,"5.Travelling","26387","2016-08-09 16:22:29",2.15,0.056,-0.036,0.944,"slow","Travelling","water","underwater","",2016-08-09 16:22:29
2,"2.slow",5,"5.Travelling","26388","2016-08-09 16:22:29",2.15,0.06,-0.032,0.936,"slow","Travelling","water","underwater","",2016-08-09 16:22:29
2,"2.slow",5,"5.Travelling","26389","2016-08-09 16:22:30",2.12,0.08,0.004,0.924,"slow","Travelling","water","underwater","",2016-08-09 16:22:30
2,"2.slow",5,"5.Travelling","26390","2016-08-09 16:22:30",2.15,0.096,0,0.932,"slow","Travelling","water","underwater","",2016-08-09 16:22:30
2,"2.slow",5,"5.Travelling","26391","2016-08-09 16:22:30",2.12,0.112,0,0.936,"slow","Travelling","water","underwater","",2016-08-09 16:22:30
2,"2.slow",5,"5.Travelling","26392","2016-08-09 16:22:30",2.12,0.136,0.016,0.952,"slow","Travelling","water","underwater","",2016-08-09 16:22:30
2,"2.slow",5,"5.Travelling","26393","2016-08-09 16:22:30",2.09,0.132,0.04,0.952,"slow","Travelling","water","underwater","",2016-08-09 16:22:30
2,"2.slow",5,"5.Travelling","26394","2016-08-09 16:22:30",2.09,0.14,0.056,0.936,"slow","Travelling","water","underwater","",2016-08-09 16:22:30
2,"2.slow",5,"5.Travelling","26395","2016-08-09 16:22:30",2.09,0.172,0.092,0.956,"slow","Travelling","water","underwater","",2016-08-09 16:22:30
2,"2.slow",5,"5.Travelling","26396","2016-08-09 16:22:30",2.06,0.184,0.12,0.956,"slow","Travelling","water","underwater","",2016-08-09 16:22:30
2,"2.slow",5,"5.Travelling","26397","2016-08-09 16:22:30",2.06,0.252,0.06,0.948,"slow","Travelling","water","underwater","",2016-08-09 16:22:30
2,"2.slow",5,"5.Travelling","26398","2016-08-09 16:22:30",2.06,0.352,0.04,0.976,"slow","Travelling","water","underwater","",2016-08-09 16:22:30
2,"2.slow",5,"5.Travelling","26399","2016-08-09 16:22:30",2.03,0.388,0.048,0.988,"slow","Travelling","water","underwater","",2016-08-09 16:22:30
2,"2.slow",5,"5.Travelling","26400","2016-08-09 16:22:30",2,0.368,0.028,0.964,"slow","Travelling","water","underwater","",2016-08-09 16:22:30
2,"2.slow",5,"5.Travelling","26401","2016-08-09 16:22:30",2,0.396,-0.004,0.936,"slow","Travelling","water","underwater","",2016-08-09 16:22:30
2,"2.slow",5,"5.Travelling","26402","2016-08-09 16:22:30",1.96,0.444,-0.02,0.892,"slow","Travelling","water","underwater","",2016-08-09 16:22:30
2,"2.slow",5,"5.Travelling","26403","2016-08-09 16:22:30",1.93,0.484,-0.008,0.872,"slow","Travelling","water","underwater","",2016-08-09 16:22:30
2,"2.slow",5,"5.Travelling","26404","2016-08-09 16:22:30",1.9,0.516,-0.008,0.852,"slow","Travelling","water","underwater","",2016-08-09 16:22:30
2,"2.slow",5,"5.Travelling","26405","2016-08-09 16:22:30",1.9,0.508,0.076,0.824,"slow","Travelling","water","underwater","",2016-08-09 16:22:30
2,"2.slow",5,"5.Travelling","26406","2016-08-09 16:22:30",1.84,0.576,0.156,0.82,"slow","Travelling","water","underwater","",2016-08-09 16:22:30
2,"2.slow",5,"5.Travelling","26407","2016-08-09 16:22:30",1.84,0.576,0.084,0.828,"slow","Travelling","water","underwater","",2016-08-09 16:22:30
2,"2.slow",5,"5.Travelling","26408","2016-08-09 16:22:30",1.81,0.532,0.044,0.784,"slow","Travelling","water","underwater","",2016-08-09 16:22:30
2,"2.slow",5,"5.Travelling","26409","2016-08-09 16:22:30",1.78,0.54,0,0.784,"slow","Travelling","water","underwater","",2016-08-09 16:22:30
2,"2.slow",5,"5.Travelling","26410","2016-08-09 16:22:30",1.78,0.524,-0.004,0.768,"slow","Travelling","water","underwater","",2016-08-09 16:22:30
2,"2.slow",5,"5.Travelling","26411","2016-08-09 16:22:30",1.75,0.496,-0.088,0.796,"slow","Travelling","water","underwater","",2016-08-09 16:22:30
2,"2.slow",5,"5.Travelling","26412","2016-08-09 16:22:30",1.68,0.452,-0.14,0.78,"slow","Travelling","water","underwater","",2016-08-09 16:22:30
2,"2.slow",5,"5.Travelling","26413","2016-08-09 16:22:31",1.68,0.436,-0.1,0.784,"slow","Travelling","water","underwater","",2016-08-09 16:22:31
2,"2.slow",5,"5.Travelling","26414","2016-08-09 16:22:31",1.65,0.44,0.02,0.828,"slow","Travelling","water","underwater","",2016-08-09 16:22:31
2,"2.slow",5,"5.Travelling","26415","2016-08-09 16:22:31",1.65,0.484,0.048,0.904,"slow","Travelling","water","underwater","",2016-08-09 16:22:31
2,"2.slow",5,"5.Travelling","26416","2016-08-09 16:22:31",1.62,0.488,0.044,0.856,"slow","Travelling","water","underwater","",2016-08-09 16:22:31
2,"2.slow",5,"5.Travelling","26417","2016-08-09 16:22:31",1.59,0.428,0.092,0.86,"slow","Travelling","water","underwater","",2016-08-09 16:22:31
2,"2.slow",5,"5.Travelling","26418","2016-08-09 16:22:31",1.56,0.484,0.176,0.884,"slow","Travelling","water","underwater","",2016-08-09 16:22:31
2,"2.slow",5,"5.Travelling","26419","2016-08-09 16:22:31",1.56,0.536,0.152,0.808,"slow","Travelling","water","underwater","",2016-08-09 16:22:31
2,"2.slow",5,"5.Travelling","26420","2016-08-09 16:22:31",1.56,0.436,0.096,0.752,"slow","Travelling","water","underwater","",2016-08-09 16:22:31
2,"2.slow",5,"5.Travelling","26421","2016-08-09 16:22:31",1.53,0.348,0.16,0.808,"slow","Travelling","water","underwater","",2016-08-09 16:22:31
2,"2.slow",5,"5.Travelling","26422","2016-08-09 16:22:31",1.5,0.364,0.192,0.856,"slow","Travelling","water","underwater","",2016-08-09 16:22:31
2,"2.slow",5,"5.Travelling","26423","2016-08-09 16:22:31",1.46,0.44,0.36,0.868,"slow","Travelling","water","underwater","",2016-08-09 16:22:31
2,"2.slow",5,"5.Travelling","26424","2016-08-09 16:22:31",1.43,0.464,0.416,0.816,"slow","Travelling","water","underwater","",2016-08-09 16:22:31
2,"2.slow",5,"5.Travelling","26425","2016-08-09 16:22:31",1.4,0.38,0.456,0.772,"slow","Travelling","water","underwater","",2016-08-09 16:22:31
2,"2.slow",5,"5.Travelling","26426","2016-08-09 16:22:31",1.37,0.288,0.516,0.748,"slow","Travelling","water","underwater","",2016-08-09 16:22:31
2,"2.slow",5,"5.Travelling","26427","2016-08-09 16:22:31",1.34,0.228,0.584,0.704,"slow","Travelling","water","underwater","",2016-08-09 16:22:31
2,"2.slow",5,"5.Travelling","26428","2016-08-09 16:22:31",1.34,0.212,0.636,0.672,"slow","Travelling","water","underwater","",2016-08-09 16:22:31
2,"2.slow",5,"5.Travelling","26429","2016-08-09 16:22:31",1.31,0.26,0.672,0.644,"slow","Travelling","water","underwater","",2016-08-09 16:22:31
2,"2.slow",5,"5.Travelling","26430","2016-08-09 16:22:31",1.31,0.336,0.716,0.712,"slow","Travelling","water","underwater","",2016-08-09 16:22:31
2,"2.slow",5,"5.Travelling","26431","2016-08-09 16:22:31",1.28,0.336,0.66,0.736,"slow","Travelling","water","underwater","",2016-08-09 16:22:31
2,"2.slow",5,"5.Travelling","26432","2016-08-09 16:22:31",1.31,0.316,0.696,0.796,"slow","Travelling","water","underwater","",2016-08-09 16:22:31
2,"2.slow",5,"5.Travelling","26433","2016-08-09 16:22:31",1.28,0.132,0.52,0.64,"slow","Travelling","water","underwater","",2016-08-09 16:22:31
2,"2.slow",5,"5.Travelling","26434","2016-08-09 16:22:31",1.25,0.12,0.256,0.66,"slow","Travelling","water","underwater","",2016-08-09 16:22:31
2,"2.slow",5,"5.Travelling","26435","2016-08-09 16:22:31",1.25,0.056,0.172,0.62,"slow","Travelling","water","underwater","",2016-08-09 16:22:31
2,"2.slow",5,"5.Travelling","26436","2016-08-09 16:22:31",1.25,0.144,0.256,0.78,"slow","Travelling","water","underwater","",2016-08-09 16:22:31
2,"2.slow",5,"5.Travelling","26437","2016-08-09 16:22:32",1.18,0.184,0.272,0.788,"slow","Travelling","water","underwater","",2016-08-09 16:22:32
2,"2.slow",5,"5.Travelling","26438","2016-08-09 16:22:32",1.18,0.132,0.248,0.724,"slow","Travelling","water","underwater","",2016-08-09 16:22:32
2,"2.slow",5,"5.Travelling","26439","2016-08-09 16:22:32",1.18,0.132,0.248,0.74,"slow","Travelling","water","underwater","",2016-08-09 16:22:32
2,"2.slow",5,"5.Travelling","26440","2016-08-09 16:22:32",1.18,0.124,0.256,0.796,"slow","Travelling","water","underwater","",2016-08-09 16:22:32
2,"2.slow",5,"5.Travelling","26441","2016-08-09 16:22:32",1.15,0.084,0.228,0.828,"slow","Travelling","water","underwater","",2016-08-09 16:22:32
2,"2.slow",5,"5.Travelling","26442","2016-08-09 16:22:32",1.15,0.052,0.24,0.852,"slow","Travelling","water","underwater","",2016-08-09 16:22:32
2,"2.slow",5,"5.Travelling","26443","2016-08-09 16:22:32",1.18,0.04,0.264,0.912,"slow","Travelling","water","underwater","",2016-08-09 16:22:32
2,"2.slow",5,"5.Travelling","26444","2016-08-09 16:22:32",1.15,0.048,0.244,0.948,"slow","Travelling","water","underwater","",2016-08-09 16:22:32
2,"2.slow",5,"5.Travelling","26445","2016-08-09 16:22:32",1.18,0.108,0.232,0.952,"slow","Travelling","water","underwater","",2016-08-09 16:22:32
2,"2.slow",5,"5.Travelling","26446","2016-08-09 16:22:32",1.15,0.18,0.244,0.968,"slow","Travelling","water","underwater","",2016-08-09 16:22:32
2,"2.slow",5,"5.Travelling","26447","2016-08-09 16:22:32",1.15,0.232,0.264,0.988,"slow","Travelling","water","underwater","",2016-08-09 16:22:32
2,"2.slow",5,"5.Travelling","26448","2016-08-09 16:22:32",1.15,0.288,0.268,0.988,"slow","Travelling","water","underwater","",2016-08-09 16:22:32
2,"2.slow",5,"5.Travelling","26449","2016-08-09 16:22:32",1.12,0.344,0.256,0.956,"slow","Travelling","water","underwater","",2016-08-09 16:22:32
2,"2.slow",5,"5.Travelling","26450","2016-08-09 16:22:32",1.12,0.384,0.26,0.916,"slow","Travelling","water","underwater","",2016-08-09 16:22:32
2,"2.slow",5,"5.Travelling","26451","2016-08-09 16:22:32",1.09,0.404,0.228,0.884,"slow","Travelling","water","underwater","",2016-08-09 16:22:32
2,"2.slow",5,"5.Travelling","26452","2016-08-09 16:22:32",1.09,0.412,0.176,0.872,"slow","Travelling","water","underwater","",2016-08-09 16:22:32
2,"2.slow",5,"5.Travelling","26453","2016-08-09 16:22:32",1.06,0.436,0.168,0.852,"slow","Travelling","water","underwater","",2016-08-09 16:22:32
2,"2.slow",5,"5.Travelling","26454","2016-08-09 16:22:32",1.06,0.516,0.176,0.832,"slow","Travelling","water","underwater","",2016-08-09 16:22:32
2,"2.slow",5,"5.Travelling","26455","2016-08-09 16:22:32",1.03,0.668,0.148,0.776,"slow","Travelling","water","surface","",2016-08-09 16:22:32
2,"2.slow",5,"5.Travelling","26456","2016-08-09 16:22:32",1.03,0.704,0.148,0.664,"slow","Travelling","water","surface","",2016-08-09 16:22:32
2,"2.slow",5,"5.Travelling","26457","2016-08-09 16:22:32",1,0.624,0.156,0.628,"slow","Travelling","water","surface","",2016-08-09 16:22:32
2,"2.slow",5,"5.Travelling","26458","2016-08-09 16:22:32",0.96,0.664,0.104,0.612,"slow","Travelling","water","surface","",2016-08-09 16:22:32
2,"2.slow",5,"5.Travelling","26459","2016-08-09 16:22:32",0.96,0.712,0.104,0.596,"slow","Travelling","water","surface","",2016-08-09 16:22:32
2,"2.slow",5,"5.Travelling","26460","2016-08-09 16:22:32",0.93,0.668,0.148,0.592,"slow","Travelling","water","surface","",2016-08-09 16:22:32
2,"2.slow",5,"5.Travelling","26461","2016-08-09 16:22:33",0.93,0.604,0.252,0.688,"slow","Travelling","water","surface","",2016-08-09 16:22:33
2,"2.slow",5,"5.Travelling","26462","2016-08-09 16:22:33",0.93,0.604,0.244,0.768,"slow","Travelling","water","surface","",2016-08-09 16:22:33
2,"2.slow",5,"5.Travelling","26463","2016-08-09 16:22:33",0.9,0.52,0.16,0.672,"slow","Travelling","water","surface","",2016-08-09 16:22:33
2,"2.slow",5,"5.Travelling","26464","2016-08-09 16:22:33",0.9,0.444,0.072,0.66,"slow","Travelling","water","surface","",2016-08-09 16:22:33
2,"2.slow",5,"5.Travelling","26465","2016-08-09 16:22:33",0.9,0.5,0.088,0.816,"slow","Travelling","water","surface","",2016-08-09 16:22:33
2,"2.slow",5,"5.Travelling","26466","2016-08-09 16:22:33",0.9,0.648,0.2,0.812,"slow","Travelling","water","surface","",2016-08-09 16:22:33
2,"2.slow",5,"5.Travelling","26467","2016-08-09 16:22:33",0.9,0.724,0.176,0.792,"slow","Travelling","water","surface","",2016-08-09 16:22:33
2,"2.slow",5,"5.Travelling","26468","2016-08-09 16:22:33",0.87,0.624,0.136,0.748,"slow","Travelling","water","surface","",2016-08-09 16:22:33
2,"2.slow",5,"5.Travelling","26469","2016-08-09 16:22:33",0.87,0.516,0.12,0.748,"slow","Travelling","water","surface","",2016-08-09 16:22:33
2,"2.slow",5,"5.Travelling","26470","2016-08-09 16:22:33",0.87,0.412,0.184,0.72,"slow","Travelling","water","surface","",2016-08-09 16:22:33
2,"2.slow",5,"5.Travelling","26471","2016-08-09 16:22:33",0.87,0.364,0.304,0.712,"slow","Travelling","water","surface","",2016-08-09 16:22:33
2,"2.slow",5,"5.Travelling","26472","2016-08-09 16:22:33",0.84,0.324,0.32,0.772,"slow","Travelling","water","surface","",2016-08-09 16:22:33
2,"2.slow",5,"5.Travelling","26473","2016-08-09 16:22:33",0.87,0.292,0.296,0.864,"slow","Travelling","water","surface","",2016-08-09 16:22:33
2,"2.feeding",6,"6.Foraging","26474","2016-08-09 16:22:33",0.87,0.28,0.292,0.832,"feeding","Foraging","water","surface","feeding",2016-08-09 16:22:33
2,"2.feeding",6,"6.Foraging","26475","2016-08-09 16:22:33",0.84,0.248,0.3,0.752,"feeding","Foraging","water","surface","",2016-08-09 16:22:33
2,"2.feeding",6,"6.Foraging","26476","2016-08-09 16:22:33",0.87,0.156,0.268,0.72,"feeding","Foraging","water","surface","",2016-08-09 16:22:33
2,"2.feeding",6,"6.Foraging","26477","2016-08-09 16:22:33",0.87,0.116,0.2,0.744,"feeding","Foraging","water","surface","",2016-08-09 16:22:33
2,"2.feeding",6,"6.Foraging","26478","2016-08-09 16:22:33",0.87,0.096,0.168,0.676,"feeding","Foraging","water","surface","",2016-08-09 16:22:33
2,"2.feeding",6,"6.Foraging","26479","2016-08-09 16:22:33",0.84,0.104,0.076,0.808,"feeding","Foraging","water","surface","",2016-08-09 16:22:33
2,"2.feeding",6,"6.Foraging","26480","2016-08-09 16:22:33",0.87,0.052,0.052,0.82,"feeding","Foraging","water","surface","",2016-08-09 16:22:33
2,"2.feeding",6,"6.Foraging","26481","2016-08-09 16:22:33",0.87,0.008,0.024,0.86,"feeding","Foraging","water","surface","",2016-08-09 16:22:33
2,"2.feeding",6,"6.Foraging","26482","2016-08-09 16:22:33",0.87,-0.016,0.012,0.904,"feeding","Foraging","water","surface","",2016-08-09 16:22:33
2,"2.feeding",6,"6.Foraging","26483","2016-08-09 16:22:33",0.87,-0.084,-0.036,0.868,"feeding","Foraging","water","surface","",2016-08-09 16:22:33
2,"2.feeding",6,"6.Foraging","26484","2016-08-09 16:22:33",0.87,-0.144,-0.04,0.94,"feeding","Foraging","water","surface","",2016-08-09 16:22:33
2,"2.feeding",6,"6.Foraging","26485","2016-08-09 16:22:34",0.87,-0.168,-0.076,0.952,"feeding","Foraging","water","surface","",2016-08-09 16:22:34
2,"2.feeding",6,"6.Foraging","26486","2016-08-09 16:22:34",0.87,-0.204,-0.124,0.94,"feeding","Foraging","water","surface","",2016-08-09 16:22:34
2,"2.feeding",6,"6.Foraging","26487","2016-08-09 16:22:34",0.87,-0.18,-0.148,0.976,"feeding","Foraging","water","surface","",2016-08-09 16:22:34
2,"2.feeding",6,"6.Foraging","26488","2016-08-09 16:22:34",0.87,-0.196,-0.24,0.928,"feeding","Foraging","water","surface","",2016-08-09 16:22:34
2,"2.feeding",6,"6.Foraging","26489","2016-08-09 16:22:34",0.87,-0.18,-0.26,0.884,"feeding","Foraging","water","surface","",2016-08-09 16:22:34
2,"2.feeding",6,"6.Foraging","26490","2016-08-09 16:22:34",0.84,-0.136,-0.208,0.88,"feeding","Foraging","water","surface","",2016-08-09 16:22:34
2,"2.feeding",6,"6.Foraging","26491","2016-08-09 16:22:34",0.84,-0.108,-0.164,0.872,"feeding","Foraging","water","surface","",2016-08-09 16:22:34
2,"2.feeding",6,"6.Foraging","26492","2016-08-09 16:22:34",0.87,-0.132,-0.092,0.828,"feeding","Foraging","water","surface","",2016-08-09 16:22:34
2,"2.feeding",6,"6.Foraging","26493","2016-08-09 16:22:34",0.65,-0.148,-0.048,0.888,"feeding","Foraging","water","surface","",2016-08-09 16:22:34
2,"2.feeding",6,"6.Foraging","26494","2016-08-09 16:22:34",0.87,-0.168,0.04,0.924,"feeding","Foraging","water","surface","",2016-08-09 16:22:34
2,"2.feeding",6,"6.Foraging","26495","2016-08-09 16:22:34",0.87,-0.204,0.056,0.884,"feeding","Foraging","water","surface","",2016-08-09 16:22:34
2,"2.feeding",6,"6.Foraging","26496","2016-08-09 16:22:34",0.9,-0.288,0.08,0.844,"feeding","Foraging","water","surface","",2016-08-09 16:22:34
2,"2.feeding",6,"6.Foraging","26497","2016-08-09 16:22:34",0.9,-0.344,0.096,0.92,"feeding","Foraging","water","surface","",2016-08-09 16:22:34
2,"2.feeding",6,"6.Foraging","26498","2016-08-09 16:22:34",0.9,-0.388,0.052,0.876,"feeding","Foraging","water","surface","",2016-08-09 16:22:34
2,"2.feeding",6,"6.Foraging","26499","2016-08-09 16:22:34",0.9,-0.356,0.044,0.944,"feeding","Foraging","water","surface","",2016-08-09 16:22:34
2,"2.feeding",6,"6.Foraging","26500","2016-08-09 16:22:34",0.9,-0.344,0.208,0.86,"feeding","Foraging","water","surface","",2016-08-09 16:22:34
2,"2.feeding",6,"6.Foraging","26501","2016-08-09 16:22:34",0.9,-0.304,0.308,0.788,"feeding","Foraging","water","surface","",2016-08-09 16:22:34
2,"2.feeding",6,"6.Foraging","26502","2016-08-09 16:22:34",0.9,-0.296,0.376,0.784,"feeding","Foraging","water","surface","",2016-08-09 16:22:34
2,"2.feeding",6,"6.Foraging","26503","2016-08-09 16:22:34",0.93,-0.3,0.456,0.724,"feeding","Foraging","water","surface","",2016-08-09 16:22:34
2,"2.feeding",6,"6.Foraging","26504","2016-08-09 16:22:34",0.93,-0.312,0.488,0.672,"feeding","Foraging","water","surface","",2016-08-09 16:22:34
2,"2.feeding",6,"6.Foraging","26505","2016-08-09 16:22:34",0.93,-0.328,0.496,0.624,"feeding","Foraging","water","surface","",2016-08-09 16:22:34
2,"2.feeding",6,"6.Foraging","26506","2016-08-09 16:22:34",0.93,-0.372,0.516,0.604,"feeding","Foraging","water","surface","",2016-08-09 16:22:34
2,"2.feeding",6,"6.Foraging","26507","2016-08-09 16:22:34",0.93,-0.404,0.516,0.584,"feeding","Foraging","water","surface","",2016-08-09 16:22:34
2,"2.feeding",6,"6.Foraging","26508","2016-08-09 16:22:35",0.96,-0.464,0.508,0.496,"feeding","Foraging","water","surface","",2016-08-09 16:22:35
2,"2.feeding",6,"6.Foraging","26509","2016-08-09 16:22:35",0.96,-0.516,0.532,0.42,"feeding","Foraging","water","surface","",2016-08-09 16:22:35
2,"2.feeding",6,"6.Foraging","26510","2016-08-09 16:22:35",0.81,-0.564,0.58,0.396,"feeding","Foraging","water","surface","",2016-08-09 16:22:35
2,"2.feeding",6,"6.Foraging","26511","2016-08-09 16:22:35",1.03,-0.576,0.652,0.368,"feeding","Foraging","water","surface","",2016-08-09 16:22:35
2,"2.feeding",6,"6.Foraging","26512","2016-08-09 16:22:35",0.87,-0.588,0.716,0.364,"feeding","Foraging","water","surface","",2016-08-09 16:22:35
2,"2.feeding",6,"6.Foraging","26513","2016-08-09 16:22:35",0.87,-0.612,0.8,0.376,"feeding","Foraging","water","surface","",2016-08-09 16:22:35
2,"2.feeding",6,"6.Foraging","26514","2016-08-09 16:22:35",1.09,-0.604,0.844,0.38,"feeding","Foraging","water","underwater","",2016-08-09 16:22:35
2,"2.feeding",6,"6.Foraging","26515","2016-08-09 16:22:35",1.09,-0.596,0.852,0.364,"feeding","Foraging","water","underwater","",2016-08-09 16:22:35
2,"2.feeding",6,"6.Foraging","26516","2016-08-09 16:22:35",0.93,-0.604,0.852,0.328,"feeding","Foraging","water","surface","",2016-08-09 16:22:35
2,"2.feeding",6,"6.Foraging","26517","2016-08-09 16:22:35",1.12,-0.584,0.904,0.336,"feeding","Foraging","water","underwater","",2016-08-09 16:22:35
2,"2.feeding",6,"6.Foraging","26518","2016-08-09 16:22:35",0.96,-0.52,0.936,0.368,"feeding","Foraging","water","surface","",2016-08-09 16:22:35
2,"2.feeding",6,"6.Foraging","26519","2016-08-09 16:22:35",1.15,-0.46,0.932,0.392,"feeding","Foraging","water","underwater","",2016-08-09 16:22:35
2,"2.feeding",6,"6.Foraging","26520","2016-08-09 16:22:35",1.15,-0.42,0.924,0.42,"feeding","Foraging","water","underwater","",2016-08-09 16:22:35
3,"3.slow",7,"7.Travelling","26521","2016-08-09 16:22:35",1.18,-0.38,0.888,0.44,"slow","Travelling","water","underwater","slow",2016-08-09 16:22:35
3,"3.slow",7,"7.Travelling","26522","2016-08-09 16:22:35",1,-0.368,0.888,0.408,"slow","Travelling","water","surface","",2016-08-09 16:22:35
3,"3.slow",7,"7.Travelling","26523","2016-08-09 16:22:35",1,-0.304,0.852,0.48,"slow","Travelling","water","surface","",2016-08-09 16:22:35
3,"3.slow",7,"7.Travelling","26524","2016-08-09 16:22:35",1,-0.22,0.828,0.56,"slow","Travelling","water","surface","",2016-08-09 16:22:35
3,"3.slow",7,"7.Travelling","26525","2016-08-09 16:22:35",1,-0.172,0.82,0.584,"slow","Travelling","water","surface","",2016-08-09 16:22:35
3,"3.slow",7,"7.Travelling","26526","2016-08-09 16:22:35",1,-0.14,0.828,0.528,"slow","Travelling","water","surface","",2016-08-09 16:22:35
3,"3.slow",7,"7.Travelling","26527","2016-08-09 16:22:35",1,-0.144,0.864,0.48,"slow","Travelling","water","surface","",2016-08-09 16:22:35
3,"3.slow",7,"7.Travelling","26528","2016-08-09 16:22:35",1.21,-0.148,0.88,0.46,"slow","Travelling","water","underwater","",2016-08-09 16:22:35
3,"3.slow",7,"7.Travelling","26529","2016-08-09 16:22:35",1.03,-0.18,0.924,0.42,"slow","Travelling","water","surface","",2016-08-09 16:22:35
3,"3.slow",7,"7.Travelling","26530","2016-08-09 16:22:35",1.18,-0.16,0.968,0.396,"slow","Travelling","water","underwater","",2016-08-09 16:22:35
3,"3.slow",7,"7.Travelling","26531","2016-08-09 16:22:35",1.21,-0.136,0.976,0.372,"slow","Travelling","water","underwater","",2016-08-09 16:22:35
3,"3.slow",7,"7.Travelling","26532","2016-08-09 16:22:36",1.21,-0.156,0.956,0.32,"slow","Travelling","water","underwater","",2016-08-09 16:22:36
3,"3.slow",7,"7.Travelling","26533","2016-08-09 16:22:36",1.03,-0.18,0.932,0.296,"slow","Travelling","water","surface","",2016-08-09 16:22:36
3,"3.slow",7,"7.Travelling","26534","2016-08-09 16:22:36",1.03,-0.188,0.92,0.316,"slow","Travelling","water","surface","",2016-08-09 16:22:36
3,"3.slow",7,"7.Travelling","26535","2016-08-09 16:22:36",1.03,-0.188,0.924,0.288,"slow","Travelling","water","surface","",2016-08-09 16:22:36
3,"3.slow",7,"7.Travelling","26536","2016-08-09 16:22:36",1.06,-0.22,0.952,0.24,"slow","Travelling","water","underwater","",2016-08-09 16:22:36
3,"3.slow",7,"7.Travelling","26537","2016-08-09 16:22:36",1.25,-0.232,0.96,0.232,"slow","Travelling","water","underwater","",2016-08-09 16:22:36
3,"3.slow",7,"7.Travelling","26538","2016-08-09 16:22:36",1.06,-0.252,0.984,0.236,"slow","Travelling","water","underwater","",2016-08-09 16:22:36
3,"3.slow",7,"7.Travelling","26539","2016-08-09 16:22:36",1.25,-0.276,0.964,0.204,"slow","Travelling","water","underwater","",2016-08-09 16:22:36
3,"3.slow",7,"7.Travelling","26540","2016-08-09 16:22:36",1.09,-0.312,0.936,0.176,"slow","Travelling","water","underwater","",2016-08-09 16:22:36
3,"3.slow",7,"7.Travelling","26541","2016-08-09 16:22:36",1.09,-0.356,0.904,0.124,"slow","Travelling","water","underwater","",2016-08-09 16:22:36
3,"3.slow",7,"7.Travelling","26542","2016-08-09 16:22:36",1.09,-0.408,0.896,0.088,"slow","Travelling","water","underwater","",2016-08-09 16:22:36
3,"3.slow",7,"7.Travelling","26543","2016-08-09 16:22:36",1.31,-0.44,0.892,0.092,"slow","Travelling","water","underwater","",2016-08-09 16:22:36
3,"3.slow",7,"7.Travelling","26544","2016-08-09 16:22:36",1.12,-0.464,0.92,0.088,"slow","Travelling","water","underwater","",2016-08-09 16:22:36
3,"3.slow",7,"7.Travelling","26545","2016-08-09 16:22:36",1.12,-0.48,0.916,0.084,"slow","Travelling","water","underwater","",2016-08-09 16:22:36
3,"3.slow",7,"7.Travelling","26546","2016-08-09 16:22:36",1.15,-0.464,0.928,0.092,"slow","Travelling","water","underwater","",2016-08-09 16:22:36
3,"3.slow",7,"7.Travelling","26547","2016-08-09 16:22:36",1.34,-0.472,0.94,0.08,"slow","Travelling","water","underwater","",2016-08-09 16:22:36
3,"3.slow",7,"7.Travelling","26548","2016-08-09 16:22:36",1.15,-0.472,0.96,0.068,"slow","Travelling","water","underwater","",2016-08-09 16:22:36
3,"3.slow",7,"7.Travelling","26549","2016-08-09 16:22:36",1.34,-0.496,0.956,0.06,"slow","Travelling","water","underwater","",2016-08-09 16:22:36
3,"3.slow",7,"7.Travelling","26550","2016-08-09 16:22:36",1.15,-0.528,0.948,0.06,"slow","Travelling","water","underwater","",2016-08-09 16:22:36
3,"3.slow",7,"7.Travelling","26551","2016-08-09 16:22:36",1.18,-0.56,0.928,0.068,"slow","Travelling","water","underwater","",2016-08-09 16:22:36
3,"3.slow",7,"7.Travelling","26552","2016-08-09 16:22:36",1.21,-0.584,0.916,0.072,"slow","Travelling","water","underwater","",2016-08-09 16:22:36
3,"3.slow",7,"7.Travelling","26553","2016-08-09 16:22:36",1.21,-0.588,0.912,0.072,"slow","Travelling","water","underwater","",2016-08-09 16:22:36
3,"3.slow",7,"7.Travelling","26554","2016-08-09 16:22:36",1.21,-0.608,0.88,0.088,"slow","Travelling","water","underwater","",2016-08-09 16:22:36
3,"3.slow",7,"7.Travelling","26555","2016-08-09 16:22:36",1.21,-0.612,0.84,0.096,"slow","Travelling","water","underwater","",2016-08-09 16:22:36
3,"3.slow",7,"7.Travelling","26556","2016-08-09 16:22:37",1.21,-0.628,0.776,0.108,"slow","Travelling","water","underwater","",2016-08-09 16:22:37
3,"3.slow",7,"7.Travelling","26557","2016-08-09 16:22:37",1.37,-0.652,0.76,0.12,"slow","Travelling","water","underwater","",2016-08-09 16:22:37
3,"3.slow",7,"7.Travelling","26558","2016-08-09 16:22:37",1.21,-0.664,0.72,0.188,"slow","Travelling","water","underwater","",2016-08-09 16:22:37
3,"3.slow",7,"7.Travelling","26559","2016-08-09 16:22:37",1.25,-0.664,0.688,0.216,"slow","Travelling","water","underwater","",2016-08-09 16:22:37
3,"3.slow",7,"7.Travelling","26560","2016-08-09 16:22:37",1.25,-0.68,0.664,0.224,"slow","Travelling","water","underwater","",2016-08-09 16:22:37
3,"3.slow",7,"7.Travelling","26561","2016-08-09 16:22:37",1.25,-0.712,0.62,0.22,"slow","Travelling","water","underwater","",2016-08-09 16:22:37
3,"3.slow",7,"7.Travelling","26562","2016-08-09 16:22:37",1.25,-0.74,0.564,0.232,"slow","Travelling","water","underwater","",2016-08-09 16:22:37
3,"3.slow",7,"7.Travelling","26563","2016-08-09 16:22:37",1.25,-0.76,0.532,0.256,"slow","Travelling","water","underwater","",2016-08-09 16:22:37
3,"3.slow",7,"7.Travelling","26564","2016-08-09 16:22:37",1.25,-0.78,0.52,0.272,"slow","Travelling","water","underwater","",2016-08-09 16:22:37
3,"3.slow",7,"7.Travelling","26565","2016-08-09 16:22:37",1.28,-0.772,0.46,0.292,"slow","Travelling","water","underwater","",2016-08-09 16:22:37
3,"3.slow",7,"7.Travelling","26566","2016-08-09 16:22:37",1.28,-0.768,0.44,0.304,"slow","Travelling","water","underwater","",2016-08-09 16:22:37
3,"3.slow",7,"7.Travelling","26567","2016-08-09 16:22:37",1.31,-0.8,0.416,0.352,"slow","Travelling","water","underwater","",2016-08-09 16:22:37
3,"3.slow",7,"7.Travelling","26568","2016-08-09 16:22:37",1.31,-0.848,0.356,0.344,"slow","Travelling","water","underwater","",2016-08-09 16:22:37
3,"3.slow",7,"7.Travelling","26569","2016-08-09 16:22:37",1.31,-0.868,0.272,0.36,"slow","Travelling","water","underwater","",2016-08-09 16:22:37
3,"3.slow",7,"7.Travelling","26570","2016-08-09 16:22:37",1.31,-0.848,0.212,0.408,"slow","Travelling","water","underwater","",2016-08-09 16:22:37
3,"3.slow",7,"7.Travelling","26571","2016-08-09 16:22:37",1.34,-0.868,0.204,0.432,"slow","Travelling","water","underwater","",2016-08-09 16:22:37
3,"3.slow",7,"7.Travelling","26572","2016-08-09 16:22:37",1.37,-0.868,0.164,0.416,"slow","Travelling","water","underwater","",2016-08-09 16:22:37
3,"3.slow",7,"7.Travelling","26573","2016-08-09 16:22:37",1.34,-0.868,0.16,0.44,"slow","Travelling","water","underwater","",2016-08-09 16:22:37
3,"3.slow",7,"7.Travelling","26574","2016-08-09 16:22:37",1.34,-0.864,0.148,0.42,"slow","Travelling","water","underwater","",2016-08-09 16:22:37
3,"3.slow",7,"7.Travelling","26575","2016-08-09 16:22:37",1.37,-0.872,0.148,0.452,"slow","Travelling","water","underwater","",2016-08-09 16:22:37
3,"3.slow",7,"7.Travelling","26576","2016-08-09 16:22:37",1.37,-0.876,0.168,0.472,"slow","Travelling","water","underwater","",2016-08-09 16:22:37
3,"3.slow",7,"7.Travelling","26577","2016-08-09 16:22:37",1.4,-0.86,0.156,0.48,"slow","Travelling","water","underwater","",2016-08-09 16:22:37
3,"3.slow",7,"7.Travelling","26578","2016-08-09 16:22:37",1.4,-0.852,0.136,0.516,"slow","Travelling","water","underwater","",2016-08-09 16:22:37
3,"3.slow",7,"7.Travelling","26579","2016-08-09 16:22:37",1.4,-0.828,0.14,0.512,"slow","Travelling","water","underwater","",2016-08-09 16:22:37
3,"3.slow",7,"7.Travelling","26580","2016-08-09 16:22:38",1.4,-0.82,0.184,0.516,"slow","Travelling","water","underwater","",2016-08-09 16:22:38
3,"3.slow",7,"7.Travelling","26581","2016-08-09 16:22:38",1.4,-0.768,0.288,0.58,"slow","Travelling","water","underwater","",2016-08-09 16:22:38
3,"3.slow",7,"7.Travelling","26582","2016-08-09 16:22:38",1.4,-0.74,0.32,0.636,"slow","Travelling","water","underwater","",2016-08-09 16:22:38
3,"3.slow",7,"7.Travelling","26583","2016-08-09 16:22:38",1.4,-0.68,0.356,0.648,"slow","Travelling","water","underwater","",2016-08-09 16:22:38
3,"3.slow",7,"7.Travelling","26584","2016-08-09 16:22:38",1.43,-0.608,0.412,0.676,"slow","Travelling","water","underwater","",2016-08-09 16:22:38
3,"3.slow",7,"7.Travelling","26585","2016-08-09 16:22:38",1.43,-0.528,0.456,0.688,"slow","Travelling","water","underwater","",2016-08-09 16:22:38
3,"3.slow",7,"7.Travelling","26586","2016-08-09 16:22:38",1.43,-0.48,0.52,0.692,"slow","Travelling","water","underwater","",2016-08-09 16:22:38
3,"3.slow",7,"7.Travelling","26587","2016-08-09 16:22:38",1.43,-0.44,0.54,0.696,"slow","Travelling","water","underwater","",2016-08-09 16:22:38
3,"3.slow",7,"7.Travelling","26588","2016-08-09 16:22:38",1.46,-0.428,0.536,0.716,"slow","Travelling","water","underwater","",2016-08-09 16:22:38
3,"3.slow",7,"7.Travelling","26589","2016-08-09 16:22:38",1.46,-0.376,0.56,0.728,"slow","Travelling","water","underwater","",2016-08-09 16:22:38
3,"3.slow",7,"7.Travelling","26590","2016-08-09 16:22:38",1.43,-0.336,0.568,0.732,"slow","Travelling","water","underwater","",2016-08-09 16:22:38
3,"3.slow",7,"7.Travelling","26591","2016-08-09 16:22:38",1.46,-0.308,0.564,0.764,"slow","Travelling","water","underwater","",2016-08-09 16:22:38
3,"3.slow",7,"7.Travelling","26592","2016-08-09 16:22:38",1.46,-0.272,0.584,0.796,"slow","Travelling","water","underwater","",2016-08-09 16:22:38
3,"3.slow",7,"7.Travelling","26593","2016-08-09 16:22:38",1.46,-0.276,0.552,0.796,"slow","Travelling","water","underwater","",2016-08-09 16:22:38
3,"3.slow",7,"7.Travelling","26594","2016-08-09 16:22:38",1.46,-0.296,0.564,0.78,"slow","Travelling","water","underwater","",2016-08-09 16:22:38
3,"3.slow",7,"7.Travelling","26595","2016-08-09 16:22:38",1.46,-0.284,0.592,0.776,"slow","Travelling","water","underwater","",2016-08-09 16:22:38
3,"3.slow",7,"7.Travelling","26596","2016-08-09 16:22:38",1.46,-0.196,0.636,0.788,"slow","Travelling","water","underwater","",2016-08-09 16:22:38
3,"3.slow",7,"7.Travelling","26597","2016-08-09 16:22:38",1.46,-0.156,0.648,0.772,"slow","Travelling","water","underwater","",2016-08-09 16:22:38
3,"3.slow",7,"7.Travelling","26598","2016-08-09 16:22:38",1.43,-0.156,0.628,0.748,"slow","Travelling","water","underwater","",2016-08-09 16:22:38
3,"3.slow",7,"7.Travelling","26599","2016-08-09 16:22:38",1.43,-0.2,0.568,0.732,"slow","Travelling","water","underwater","",2016-08-09 16:22:38
3,"3.slow",7,"7.Travelling","26600","2016-08-09 16:22:38",1.43,-0.228,0.588,0.748,"slow","Travelling","water","underwater","",2016-08-09 16:22:38
3,"3.slow",7,"7.Travelling","26601","2016-08-09 16:22:38",1.43,-0.224,0.552,0.732,"slow","Travelling","water","underwater","",2016-08-09 16:22:38
3,"3.slow",7,"7.Travelling","26602","2016-08-09 16:22:38",1.43,-0.22,0.472,0.764,"slow","Travelling","water","underwater","",2016-08-09 16:22:38
3,"3.slow",7,"7.Travelling","26603","2016-08-09 16:22:38",1.46,-0.192,0.408,0.772,"slow","Travelling","water","underwater","",2016-08-09 16:22:38
3,"3.slow",7,"7.Travelling","26604","2016-08-09 16:22:39",1.46,-0.216,0.504,0.82,"slow","Travelling","water","underwater","",2016-08-09 16:22:39
3,"3.slow",7,"7.Travelling","26605","2016-08-09 16:22:39",1.46,-0.272,0.548,0.832,"slow","Travelling","water","underwater","",2016-08-09 16:22:39
3,"3.slow",7,"7.Travelling","26606","2016-08-09 16:22:39",1.46,-0.244,0.624,0.804,"slow","Travelling","water","underwater","",2016-08-09 16:22:39
3,"3.slow",7,"7.Travelling","26607","2016-08-09 16:22:39",1.46,-0.236,0.544,0.76,"slow","Travelling","water","underwater","",2016-08-09 16:22:39
3,"3.slow",7,"7.Travelling","26608","2016-08-09 16:22:39",1.46,-0.26,0.456,0.792,"slow","Travelling","water","underwater","",2016-08-09 16:22:39
3,"3.slow",7,"7.Travelling","26609","2016-08-09 16:22:39",1.46,-0.264,0.376,0.808,"slow","Travelling","water","underwater","",2016-08-09 16:22:39
3,"3.slow",7,"7.Travelling","26610","2016-08-09 16:22:39",1.43,-0.272,0.4,0.8,"slow","Travelling","water","underwater","",2016-08-09 16:22:39
3,"3.slow",7,"7.Travelling","26611","2016-08-09 16:22:39",1.46,-0.256,0.424,0.792,"slow","Travelling","water","underwater","",2016-08-09 16:22:39
3,"3.slow",7,"7.Travelling","26612","2016-08-09 16:22:39",1.46,-0.268,0.468,0.772,"slow","Travelling","water","underwater","",2016-08-09 16:22:39
3,"3.slow",7,"7.Travelling","26613","2016-08-09 16:22:39",1.46,-0.24,0.516,0.868,"slow","Travelling","water","underwater","",2016-08-09 16:22:39
3,"3.slow",7,"7.Travelling","26614","2016-08-09 16:22:39",1.43,-0.26,0.536,0.896,"slow","Travelling","water","underwater","",2016-08-09 16:22:39
3,"3.slow",7,"7.Travelling","26615","2016-08-09 16:22:39",1.43,-0.3,0.496,0.88,"slow","Travelling","water","underwater","",2016-08-09 16:22:39
3,"3.slow",7,"7.Travelling","26616","2016-08-09 16:22:39",1.43,-0.32,0.396,0.844,"slow","Travelling","water","underwater","",2016-08-09 16:22:39
3,"3.slow",7,"7.Travelling","26617","2016-08-09 16:22:39",1.43,-0.34,0.228,0.824,"slow","Travelling","water","underwater","",2016-08-09 16:22:39
3,"3.slow",7,"7.Travelling","26618","2016-08-09 16:22:39",1.43,-0.328,0.1,0.832,"slow","Travelling","water","underwater","",2016-08-09 16:22:39
3,"3.slow",7,"7.Travelling","26619","2016-08-09 16:22:39",1.4,-0.28,0.036,0.816,"slow","Travelling","water","underwater","",2016-08-09 16:22:39
3,"3.slow",7,"7.Travelling","26620","2016-08-09 16:22:39",1.4,-0.296,-0.012,0.744,"slow","Travelling","water","underwater","",2016-08-09 16:22:39
3,"3.slow",7,"7.Travelling","26621","2016-08-09 16:22:39",1.4,-0.296,-0.104,0.732,"slow","Travelling","water","underwater","",2016-08-09 16:22:39
3,"3.slow",7,"7.Travelling","26622","2016-08-09 16:22:39",1.4,-0.268,-0.196,0.72,"slow","Travelling","water","underwater","",2016-08-09 16:22:39
3,"3.slow",7,"7.Travelling","26623","2016-08-09 16:22:39",1.4,-0.24,-0.292,0.748,"slow","Travelling","water","underwater","",2016-08-09 16:22:39
3,"3.slow",7,"7.Travelling","26624","2016-08-09 16:22:39",1.4,-0.188,-0.392,0.816,"slow","Travelling","water","underwater","",2016-08-09 16:22:39
3,"3.slow",7,"7.Travelling","26625","2016-08-09 16:22:39",1.4,-0.124,-0.428,0.848,"slow","Travelling","water","underwater","",2016-08-09 16:22:39
3,"3.slow",7,"7.Travelling","26626","2016-08-09 16:22:39",1.43,-0.076,-0.508,0.84,"slow","Travelling","water","underwater","",2016-08-09 16:22:39
3,"3.slow",7,"7.Travelling","26627","2016-08-09 16:22:40",1.43,-0.08,-0.544,0.816,"slow","Travelling","water","underwater","",2016-08-09 16:22:40
3,"3.slow",7,"7.Travelling","26628","2016-08-09 16:22:40",1.43,-0.068,-0.572,0.808,"slow","Travelling","water","underwater","",2016-08-09 16:22:40
3,"3.slow",7,"7.Travelling","26629","2016-08-09 16:22:40",1.4,-0.044,-0.6,0.812,"slow","Travelling","water","underwater","",2016-08-09 16:22:40
3,"3.slow",7,"7.Travelling","26630","2016-08-09 16:22:40",1.43,-0.02,-0.608,0.808,"slow","Travelling","water","underwater","",2016-08-09 16:22:40
3,"3.slow",7,"7.Travelling","26631","2016-08-09 16:22:40",1.4,0,-0.624,0.76,"slow","Travelling","water","underwater","",2016-08-09 16:22:40
3,"3.slow",7,"7.Travelling","26632","2016-08-09 16:22:40",1.4,0.008,-0.64,0.724,"slow","Travelling","water","underwater","",2016-08-09 16:22:40
3,"3.slow",7,"7.Travelling","26633","2016-08-09 16:22:40",1.4,0.048,-0.632,0.66,"slow","Travelling","water","underwater","",2016-08-09 16:22:40
3,"3.slow",7,"7.Travelling","26634","2016-08-09 16:22:40",1.4,0.052,-0.652,0.644,"slow","Travelling","water","underwater","",2016-08-09 16:22:40
3,"3.slow",7,"7.Travelling","26635","2016-08-09 16:22:40",1.43,0.028,-0.66,0.648,"slow","Travelling","water","underwater","",2016-08-09 16:22:40
3,"3.slow",7,"7.Travelling","26636","2016-08-09 16:22:40",1.4,0.004,-0.708,0.628,"slow","Travelling","water","underwater","",2016-08-09 16:22:40
3,"3.slow",7,"7.Travelling","26637","2016-08-09 16:22:40",1.43,0.016,-0.744,0.616,"slow","Travelling","water","underwater","",2016-08-09 16:22:40
3,"3.slow",7,"7.Travelling","26638","2016-08-09 16:22:40",1.43,0.068,-0.788,0.628,"slow","Travelling","water","underwater","",2016-08-09 16:22:40
3,"3.slow",7,"7.Travelling","26639","2016-08-09 16:22:40",1.43,0.108,-0.792,0.632,"slow","Travelling","water","underwater","",2016-08-09 16:22:40
3,"3.slow",7,"7.Travelling","26640","2016-08-09 16:22:40",1.43,0.128,-0.812,0.6,"slow","Travelling","water","underwater","",2016-08-09 16:22:40
3,"3.slow",7,"7.Travelling","26641","2016-08-09 16:22:40",1.43,0.128,-0.824,0.576,"slow","Travelling","water","underwater","",2016-08-09 16:22:40
3,"3.slow",7,"7.Travelling","26642","2016-08-09 16:22:40",1.4,0.14,-0.84,0.556,"slow","Travelling","water","underwater","",2016-08-09 16:22:40
3,"3.slow",7,"7.Travelling","26643","2016-08-09 16:22:40",1.4,0.18,-0.848,0.512,"slow","Travelling","water","underwater","",2016-08-09 16:22:40
3,"3.slow",7,"7.Travelling","26644","2016-08-09 16:22:40",1.43,0.192,-0.84,0.508,"slow","Travelling","water","underwater","",2016-08-09 16:22:40
3,"3.slow",7,"7.Travelling","26645","2016-08-09 16:22:40",1.4,0.176,-0.832,0.52,"slow","Travelling","water","underwater","",2016-08-09 16:22:40
3,"3.slow",7,"7.Travelling","26646","2016-08-09 16:22:40",1.4,0.144,-0.856,0.516,"slow","Travelling","water","underwater","",2016-08-09 16:22:40
3,"3.slow",7,"7.Travelling","26647","2016-08-09 16:22:40",1.4,0.128,-0.884,0.508,"slow","Travelling","water","underwater","",2016-08-09 16:22:40
3,"3.slow",7,"7.Travelling","26648","2016-08-09 16:22:40",1.4,0.116,-0.9,0.472,"slow","Travelling","water","underwater","",2016-08-09 16:22:40
3,"3.slow",7,"7.Travelling","26649","2016-08-09 16:22:40",1.4,0.128,-0.928,0.444,"slow","Travelling","water","underwater","",2016-08-09 16:22:40
3,"3.slow",7,"7.Travelling","26650","2016-08-09 16:22:40",1.4,0.108,-0.924,0.456,"slow","Travelling","water","underwater","",2016-08-09 16:22:40
3,"3.slow",7,"7.Travelling","26651","2016-08-09 16:22:41",1.4,0.084,-0.928,0.448,"slow","Travelling","water","underwater","",2016-08-09 16:22:41
3,"3.slow",7,"7.Travelling","26652","2016-08-09 16:22:41",1.37,0.064,-0.956,0.444,"slow","Travelling","water","underwater","",2016-08-09 16:22:41
3,"3.slow",7,"7.Travelling","26653","2016-08-09 16:22:41",1.34,0.064,-0.988,0.476,"slow","Travelling","water","underwater","",2016-08-09 16:22:41
3,"3.slow",7,"7.Travelling","26654","2016-08-09 16:22:41",1.34,0.048,-1,0.516,"slow","Travelling","water","underwater","",2016-08-09 16:22:41
3,"3.slow",7,"7.Travelling","26655","2016-08-09 16:22:41",1.31,0.048,-1.012,0.532,"slow","Travelling","water","underwater","",2016-08-09 16:22:41
3,"3.slow",7,"7.Travelling","26656","2016-08-09 16:22:41",1.31,0.052,-0.988,0.544,"slow","Travelling","water","underwater","",2016-08-09 16:22:41
3,"3.slow",7,"7.Travelling","26657","2016-08-09 16:22:41",1.28,0.02,-0.884,0.56,"slow","Travelling","water","underwater","",2016-08-09 16:22:41
3,"3.slow",7,"7.Travelling","26658","2016-08-09 16:22:41",1.28,0.028,-0.76,0.648,"slow","Travelling","water","underwater","",2016-08-09 16:22:41
3,"3.slow",7,"7.Travelling","26659","2016-08-09 16:22:41",1.4,0,-0.696,0.64,"slow","Travelling","water","underwater","",2016-08-09 16:22:41
3,"3.slow",7,"7.Travelling","26660","2016-08-09 16:22:41",1.21,-0.08,-0.616,0.6,"slow","Travelling","water","underwater","",2016-08-09 16:22:41
3,"3.slow",7,"7.Travelling","26661","2016-08-09 16:22:41",1.18,-0.052,-0.556,0.612,"slow","Travelling","water","underwater","",2016-08-09 16:22:41
3,"3.slow",7,"7.Travelling","26662","2016-08-09 16:22:41",1.15,-0.036,-0.532,0.636,"slow","Travelling","water","underwater","",2016-08-09 16:22:41
3,"3.slow",7,"7.Travelling","26663","2016-08-09 16:22:41",1.15,-0.044,-0.46,0.664,"slow","Travelling","water","underwater","",2016-08-09 16:22:41
3,"3.slow",7,"7.Travelling","26664","2016-08-09 16:22:41",1.15,-0.092,-0.392,0.716,"slow","Travelling","water","underwater","",2016-08-09 16:22:41
3,"3.slow",7,"7.Travelling","26665","2016-08-09 16:22:41",1.15,-0.204,-0.32,0.712,"slow","Travelling","water","underwater","",2016-08-09 16:22:41
3,"3.slow",7,"7.Travelling","26666","2016-08-09 16:22:41",1.15,-0.276,-0.268,0.736,"slow","Travelling","water","underwater","",2016-08-09 16:22:41
3,"3.slow",7,"7.Travelling","26667","2016-08-09 16:22:41",1.15,-0.304,-0.2,0.756,"slow","Travelling","water","underwater","",2016-08-09 16:22:41
3,"3.slow",7,"7.Travelling","26668","2016-08-09 16:22:41",1.15,-0.356,-0.104,0.78,"slow","Travelling","water","underwater","",2016-08-09 16:22:41
3,"3.slow",7,"7.Travelling","26669","2016-08-09 16:22:41",1.15,-0.356,-0.064,0.796,"slow","Travelling","water","underwater","",2016-08-09 16:22:41
3,"3.slow",7,"7.Travelling","26670","2016-08-09 16:22:41",1.15,-0.368,-0.02,0.808,"slow","Travelling","water","underwater","",2016-08-09 16:22:41
3,"3.slow",7,"7.Travelling","26671","2016-08-09 16:22:41",1.15,-0.34,0.04,0.88,"slow","Travelling","water","underwater","",2016-08-09 16:22:41
3,"3.slow",7,"7.Travelling","26672","2016-08-09 16:22:41",1.15,-0.292,0.108,0.932,"slow","Travelling","water","underwater","",2016-08-09 16:22:41
3,"3.slow",7,"7.Travelling","26673","2016-08-09 16:22:41",1.12,-0.208,0.14,0.952,"slow","Travelling","water","underwater","",2016-08-09 16:22:41
3,"3.slow",7,"7.Travelling","26674","2016-08-09 16:22:41",1.12,-0.112,0.152,0.916,"slow","Travelling","water","underwater","",2016-08-09 16:22:41
3,"3.slow",7,"7.Travelling","26675","2016-08-09 16:22:42",1.12,-0.02,0.156,0.924,"slow","Travelling","water","underwater","",2016-08-09 16:22:42
3,"3.slow",7,"7.Travelling","26676","2016-08-09 16:22:42",1.09,0.068,0.14,0.952,"slow","Travelling","water","underwater","",2016-08-09 16:22:42
3,"3.slow",7,"7.Travelling","26677","2016-08-09 16:22:42",1.12,0.16,0.136,0.956,"slow","Travelling","water","underwater","",2016-08-09 16:22:42
3,"3.slow",7,"7.Travelling","26678","2016-08-09 16:22:42",1.12,0.24,0.16,0.96,"slow","Travelling","water","underwater","",2016-08-09 16:22:42
3,"3.slow",7,"7.Travelling","26679","2016-08-09 16:22:42",1.09,0.28,0.184,0.956,"slow","Travelling","water","underwater","",2016-08-09 16:22:42
3,"3.slow",7,"7.Travelling","26680","2016-08-09 16:22:42",1.09,0.312,0.164,0.94,"slow","Travelling","water","underwater","",2016-08-09 16:22:42
3,"3.slow",7,"7.Travelling","26681","2016-08-09 16:22:42",1.06,0.352,0.176,0.908,"slow","Travelling","water","underwater","",2016-08-09 16:22:42
3,"3.slow",7,"7.Travelling","26682","2016-08-09 16:22:42",1.06,0.388,0.188,0.884,"slow","Travelling","water","underwater","",2016-08-09 16:22:42
3,"3.slow",7,"7.Travelling","26683","2016-08-09 16:22:42",1.03,0.448,0.212,0.86,"slow","Travelling","water","surface","",2016-08-09 16:22:42
3,"3.slow",7,"7.Travelling","26684","2016-08-09 16:22:42",1.03,0.504,0.224,0.852,"slow","Travelling","water","surface","",2016-08-09 16:22:42
3,"3.slow",7,"7.Travelling","26685","2016-08-09 16:22:42",1.03,0.56,0.228,0.804,"slow","Travelling","water","surface","",2016-08-09 16:22:42
3,"3.slow",7,"7.Travelling","26686","2016-08-09 16:22:42",1.03,0.632,0.232,0.772,"slow","Travelling","water","surface","",2016-08-09 16:22:42
3,"3.slow",7,"7.Travelling","26687","2016-08-09 16:22:42",1,0.692,0.276,0.76,"slow","Travelling","water","surface","",2016-08-09 16:22:42
3,"3.slow",7,"7.Travelling","26688","2016-08-09 16:22:42",1,0.716,0.256,0.74,"slow","Travelling","water","surface","",2016-08-09 16:22:42
3,"3.slow",7,"7.Travelling","26689","2016-08-09 16:22:42",1,0.704,0.26,0.696,"slow","Travelling","water","surface","",2016-08-09 16:22:42
3,"3.slow",7,"7.Travelling","26690","2016-08-09 16:22:42",0.96,0.7,0.336,0.636,"slow","Travelling","water","surface","",2016-08-09 16:22:42
3,"3.slow",7,"7.Travelling","26691","2016-08-09 16:22:42",0.96,0.736,0.412,0.6,"slow","Travelling","water","surface","",2016-08-09 16:22:42
3,"3.slow",7,"7.Travelling","26692","2016-08-09 16:22:42",0.96,0.756,0.468,0.544,"slow","Travelling","water","surface","",2016-08-09 16:22:42
3,"3.slow",7,"7.Travelling","26693","2016-08-09 16:22:42",0.9,0.796,0.472,0.476,"slow","Travelling","water","surface","",2016-08-09 16:22:42
3,"3.slow",7,"7.Travelling","26694","2016-08-09 16:22:42",0.9,0.836,0.452,0.4,"slow","Travelling","water","surface","",2016-08-09 16:22:42
3,"3.slow",7,"7.Travelling","26695","2016-08-09 16:22:42",0.87,0.86,0.384,0.352,"slow","Travelling","water","surface","",2016-08-09 16:22:42
3,"3.slow",7,"7.Travelling","26696","2016-08-09 16:22:42",0.84,0.908,0.308,0.292,"slow","Travelling","water","surface","",2016-08-09 16:22:42
3,"3.slow",7,"7.Travelling","26697","2016-08-09 16:22:42",0.81,0.928,0.292,0.292,"slow","Travelling","water","surface","",2016-08-09 16:22:42
3,"3.slow",7,"7.Travelling","26698","2016-08-09 16:22:42",0.81,0.94,0.304,0.292,"slow","Travelling","water","surface","",2016-08-09 16:22:42
3,"3.slow",7,"7.Travelling","26699","2016-08-09 16:22:43",0.78,0.872,0.312,0.32,"slow","Travelling","water","surface","",2016-08-09 16:22:43
3,"3.slow",7,"7.Travelling","26700","2016-08-09 16:22:43",0.78,0.78,0.256,0.352,"slow","Travelling","water","surface","",2016-08-09 16:22:43
3,"3.slow",7,"7.Travelling","26701","2016-08-09 16:22:43",0.75,0.704,0.152,0.388,"slow","Travelling","water","surface","",2016-08-09 16:22:43
3,"3.slow",7,"7.Travelling","26702","2016-08-09 16:22:43",0.75,0.676,0.04,0.436,"slow","Travelling","water","surface","",2016-08-09 16:22:43
3,"3.slow",7,"7.Travelling","26703","2016-08-09 16:22:43",0.75,0.688,-0.1,0.464,"slow","Travelling","water","surface","",2016-08-09 16:22:43
3,"3.slow",7,"7.Travelling","26704","2016-08-09 16:22:43",0.71,0.688,-0.228,0.472,"slow","Travelling","water","surface","",2016-08-09 16:22:43
3,"3.slow",7,"7.Travelling","26705","2016-08-09 16:22:43",0.68,0.676,-0.312,0.456,"slow","Travelling","water","surface","",2016-08-09 16:22:43
3,"3.slow",7,"7.Travelling","26706","2016-08-09 16:22:43",0.68,0.668,-0.408,0.456,"slow","Travelling","water","surface","",2016-08-09 16:22:43
3,"3.slow",7,"7.Travelling","26707","2016-08-09 16:22:43",0.68,0.664,-0.492,0.452,"slow","Travelling","water","surface","",2016-08-09 16:22:43
3,"3.slow",7,"7.Travelling","26708","2016-08-09 16:22:43",0.68,0.652,-0.5,0.476,"slow","Travelling","water","surface","",2016-08-09 16:22:43
3,"3.slow",7,"7.Travelling","26709","2016-08-09 16:22:43",0.68,0.616,-0.48,0.532,"slow","Travelling","water","surface","",2016-08-09 16:22:43
3,"3.slow",7,"7.Travelling","26710","2016-08-09 16:22:43",0.68,0.592,-0.456,0.552,"slow","Travelling","water","surface","",2016-08-09 16:22:43
3,"3.slow",7,"7.Travelling","26711","2016-08-09 16:22:43",0.68,0.588,-0.444,0.556,"slow","Travelling","water","surface","",2016-08-09 16:22:43
3,"3.slow",7,"7.Travelling","26712","2016-08-09 16:22:43",0.68,0.568,-0.488,0.584,"slow","Travelling","water","surface","",2016-08-09 16:22:43
3,"3.slow",7,"7.Travelling","26713","2016-08-09 16:22:43",0.68,0.528,-0.564,0.632,"slow","Travelling","water","surface","",2016-08-09 16:22:43
3,"3.slow",7,"7.Travelling","26714","2016-08-09 16:22:43",0.68,0.484,-0.616,0.648,"slow","Travelling","water","surface","",2016-08-09 16:22:43
3,"3.slow",7,"7.Travelling","26715","2016-08-09 16:22:43",0.68,0.456,-0.604,0.648,"slow","Travelling","water","surface","",2016-08-09 16:22:43
3,"3.slow",7,"7.Travelling","26716","2016-08-09 16:22:43",0.68,0.428,-0.572,0.648,"slow","Travelling","water","surface","",2016-08-09 16:22:43
3,"3.slow",7,"7.Travelling","26717","2016-08-09 16:22:43",0.68,0.456,-0.516,0.728,"slow","Travelling","water","surface","",2016-08-09 16:22:43
3,"3.slow",7,"7.Travelling","26718","2016-08-09 16:22:43",0.68,0.412,-0.472,0.696,"slow","Travelling","water","surface","",2016-08-09 16:22:43
3,"3.slow",7,"7.Travelling","26719","2016-08-09 16:22:43",0.68,0.384,-0.368,0.668,"slow","Travelling","water","surface","",2016-08-09 16:22:43
3,"3.slow",7,"7.Travelling","26720","2016-08-09 16:22:43",0.68,0.336,-0.296,0.688,"slow","Travelling","water","surface","",2016-08-09 16:22:43
3,"3.slow",7,"7.Travelling","26721","2016-08-09 16:22:43",0.65,0.304,-0.268,0.716,"slow","Travelling","water","surface","",2016-08-09 16:22:43
3,"3.slow",7,"7.Travelling","26722","2016-08-09 16:22:43",0.68,0.284,-0.304,0.728,"slow","Travelling","water","surface","",2016-08-09 16:22:43
3,"3.slow",7,"7.Travelling","26723","2016-08-09 16:22:44",0.65,0.276,-0.292,0.752,"slow","Travelling","water","surface","",2016-08-09 16:22:44
3,"3.slow",7,"7.Travelling","26724","2016-08-09 16:22:44",0.65,0.252,-0.292,0.78,"slow","Travelling","water","surface","",2016-08-09 16:22:44
3,"3.slow",7,"7.Travelling","26725","2016-08-09 16:22:44",0.68,0.212,-0.28,0.796,"slow","Travelling","water","surface","",2016-08-09 16:22:44
3,"3.slow",7,"7.Travelling","26726","2016-08-09 16:22:44",0.68,0.16,-0.28,0.808,"slow","Travelling","water","surface","",2016-08-09 16:22:44
3,"3.slow",7,"7.Travelling","26727","2016-08-09 16:22:44",0.68,0.088,-0.3,0.832,"slow","Travelling","water","surface","",2016-08-09 16:22:44
3,"3.slow",7,"7.Travelling","26728","2016-08-09 16:22:44",0.68,0.08,-0.344,0.824,"slow","Travelling","water","surface","",2016-08-09 16:22:44
3,"3.slow",7,"7.Travelling","26729","2016-08-09 16:22:44",0.68,0.108,-0.404,0.824,"slow","Travelling","water","surface","",2016-08-09 16:22:44
3,"3.slow",7,"7.Travelling","26730","2016-08-09 16:22:44",0.71,0.14,-0.452,0.832,"slow","Travelling","water","surface","",2016-08-09 16:22:44
3,"3.slow",7,"7.Travelling","26731","2016-08-09 16:22:44",0.71,0.164,-0.504,0.848,"slow","Travelling","water","surface","",2016-08-09 16:22:44
3,"3.slow",7,"7.Travelling","26732","2016-08-09 16:22:44",0.71,0.144,-0.508,0.848,"slow","Travelling","water","surface","",2016-08-09 16:22:44
3,"3.slow",7,"7.Travelling","26733","2016-08-09 16:22:44",0.71,0.14,-0.516,0.828,"slow","Travelling","water","surface","",2016-08-09 16:22:44
3,"3.slow",7,"7.Travelling","26734","2016-08-09 16:22:44",0.75,0.12,-0.516,0.804,"slow","Travelling","water","surface","",2016-08-09 16:22:44
3,"3.slow",7,"7.Travelling","26735","2016-08-09 16:22:44",0.75,0.116,-0.576,0.796,"slow","Travelling","water","surface","",2016-08-09 16:22:44
3,"3.slow",7,"7.Travelling","26736","2016-08-09 16:22:44",0.75,0.124,-0.62,0.812,"slow","Travelling","water","surface","",2016-08-09 16:22:44
3,"3.slow",7,"7.Travelling","26737","2016-08-09 16:22:44",0.75,0.132,-0.68,0.792,"slow","Travelling","water","surface","",2016-08-09 16:22:44
3,"3.slow",7,"7.Travelling","26738","2016-08-09 16:22:44",0.75,0.14,-0.676,0.768,"slow","Travelling","water","surface","",2016-08-09 16:22:44
3,"3.slow",7,"7.Travelling","26739","2016-08-09 16:22:44",0.75,0.16,-0.636,0.76,"slow","Travelling","water","surface","",2016-08-09 16:22:44
3,"3.slow",7,"7.Travelling","26740","2016-08-09 16:22:44",0.75,0.164,-0.6,0.776,"slow","Travelling","water","surface","",2016-08-09 16:22:44
3,"3.slow",7,"7.Travelling","26741","2016-08-09 16:22:44",0.75,0.204,-0.624,0.72,"slow","Travelling","water","surface","",2016-08-09 16:22:44
3,"3.slow",7,"7.Travelling","26742","2016-08-09 16:22:44",0.75,0.252,-0.536,0.784,"slow","Travelling","water","surface","",2016-08-09 16:22:44
3,"3.slow",7,"7.Travelling","26743","2016-08-09 16:22:44",0.75,0.336,-0.372,0.916,"slow","Travelling","water","surface","",2016-08-09 16:22:44
3,"3.slow",7,"7.Travelling","26744","2016-08-09 16:22:44",0.75,0.332,-0.292,0.848,"slow","Travelling","water","surface","",2016-08-09 16:22:44
3,"3.slow",7,"7.Travelling","26745","2016-08-09 16:22:44",0.71,0.332,-0.304,0.776,"slow","Travelling","water","surface","",2016-08-09 16:22:44
3,"3.slow",7,"7.Travelling","26746","2016-08-09 16:22:44",0.75,0.32,-0.348,0.724,"slow","Travelling","water","surface","",2016-08-09 16:22:44
3,"3.slow",7,"7.Travelling","26747","2016-08-09 16:22:45",0.71,0.34,-0.336,0.728,"slow","Travelling","water","surface","",2016-08-09 16:22:45
3,"3.slow",7,"7.Travelling","26748","2016-08-09 16:22:45",0.75,0.412,-0.296,0.8,"slow","Travelling","water","surface","",2016-08-09 16:22:45
3,"3.slow",7,"7.Travelling","26749","2016-08-09 16:22:45",0.75,0.424,-0.224,0.888,"slow","Travelling","water","surface","",2016-08-09 16:22:45
3,"3.slow",7,"7.Travelling","26750","2016-08-09 16:22:45",0.75,0.416,-0.256,0.94,"slow","Travelling","water","surface","",2016-08-09 16:22:45
3,"3.slow",7,"7.Travelling","26751","2016-08-09 16:22:45",0.75,0.392,-0.276,0.884,"slow","Travelling","water","surface","",2016-08-09 16:22:45
3,"3.slow",7,"7.Travelling","26752","2016-08-09 16:22:45",0.71,0.348,-0.3,0.772,"slow","Travelling","water","surface","",2016-08-09 16:22:45
3,"3.slow",7,"7.Travelling","26753","2016-08-09 16:22:45",0.71,0.316,-0.28,0.72,"slow","Travelling","water","surface","",2016-08-09 16:22:45
3,"3.slow",7,"7.Travelling","26754","2016-08-09 16:22:45",0.71,0.288,-0.324,0.7,"slow","Travelling","water","surface","",2016-08-09 16:22:45
3,"3.slow",7,"7.Travelling","26755","2016-08-09 16:22:45",0.71,0.336,-0.388,0.788,"slow","Travelling","water","surface","",2016-08-09 16:22:45
3,"3.slow",7,"7.Travelling","26756","2016-08-09 16:22:45",0.75,0.364,-0.396,0.876,"slow","Travelling","water","surface","",2016-08-09 16:22:45
3,"3.slow",7,"7.Travelling","26757","2016-08-09 16:22:45",0.75,0.42,-0.468,0.88,"slow","Travelling","water","surface","",2016-08-09 16:22:45
3,"3.slow",7,"7.Travelling","26758","2016-08-09 16:22:45",0.71,0.48,-0.544,0.808,"slow","Travelling","water","surface","",2016-08-09 16:22:45
3,"3.slow",7,"7.Travelling","26759","2016-08-09 16:22:45",0.71,0.464,-0.524,0.768,"slow","Travelling","water","surface","",2016-08-09 16:22:45
3,"3.slow",7,"7.Travelling","26760","2016-08-09 16:22:45",0.71,0.4,-0.468,0.792,"slow","Travelling","water","surface","",2016-08-09 16:22:45
3,"3.slow",7,"7.Travelling","26761","2016-08-09 16:22:45",0.71,0.328,-0.468,0.768,"slow","Travelling","water","surface","",2016-08-09 16:22:45
3,"3.slow",7,"7.Travelling","26762","2016-08-09 16:22:45",0.71,0.284,-0.464,0.756,"slow","Travelling","water","surface","",2016-08-09 16:22:45
3,"3.slow",7,"7.Travelling","26763","2016-08-09 16:22:45",0.71,0.268,-0.444,0.76,"slow","Travelling","water","surface","",2016-08-09 16:22:45
3,"3.slow",7,"7.Travelling","26764","2016-08-09 16:22:45",0.71,0.3,-0.396,0.788,"slow","Travelling","water","surface","",2016-08-09 16:22:45
3,"3.slow",7,"7.Travelling","26765","2016-08-09 16:22:45",0.68,0.324,-0.332,0.804,"slow","Travelling","water","surface","",2016-08-09 16:22:45
3,"3.slow",7,"7.Travelling","26766","2016-08-09 16:22:45",0.68,0.324,-0.248,0.832,"slow","Travelling","water","surface","",2016-08-09 16:22:45
3,"3.slow",7,"7.Travelling","26767","2016-08-09 16:22:45",0.65,0.328,-0.164,0.832,"slow","Travelling","water","surface","",2016-08-09 16:22:45
3,"3.slow",7,"7.Travelling","26768","2016-08-09 16:22:45",0.68,0.344,-0.124,0.816,"slow","Travelling","water","surface","",2016-08-09 16:22:45
3,"3.slow",7,"7.Travelling","26769","2016-08-09 16:22:45",0.68,0.332,-0.084,0.816,"slow","Travelling","water","surface","",2016-08-09 16:22:45
3,"3.slow",7,"7.Travelling","26770","2016-08-09 16:22:46",0.68,0.312,-0.04,0.828,"slow","Travelling","water","surface","",2016-08-09 16:22:46
3,"3.slow",7,"7.Travelling","26771","2016-08-09 16:22:46",0.68,0.296,0.012,0.828,"slow","Travelling","water","surface","",2016-08-09 16:22:46
3,"3.slow",7,"7.Travelling","26772","2016-08-09 16:22:46",0.68,0.272,0.092,0.86,"slow","Travelling","water","surface","",2016-08-09 16:22:46
3,"3.slow",7,"7.Travelling","26773","2016-08-09 16:22:46",0.65,0.236,0.168,0.88,"slow","Travelling","water","surface","",2016-08-09 16:22:46
3,"3.slow",7,"7.Travelling","26774","2016-08-09 16:22:46",0.68,0.2,0.216,0.9,"slow","Travelling","water","surface","",2016-08-09 16:22:46
3,"3.slow",7,"7.Travelling","26775","2016-08-09 16:22:46",0.65,0.164,0.216,0.876,"slow","Travelling","water","surface","",2016-08-09 16:22:46
3,"3.slow",7,"7.Travelling","26776","2016-08-09 16:22:46",0.68,0.16,0.228,0.836,"slow","Travelling","water","surface","",2016-08-09 16:22:46
3,"3.slow",7,"7.Travelling","26777","2016-08-09 16:22:46",0.68,0.124,0.336,0.712,"slow","Travelling","water","surface","",2016-08-09 16:22:46
3,"3.slow",7,"7.Travelling","26778","2016-08-09 16:22:46",0.68,0.148,0.46,0.736,"slow","Travelling","water","surface","",2016-08-09 16:22:46
3,"3.slow",7,"7.Travelling","26779","2016-08-09 16:22:46",0.68,0.164,0.58,0.74,"slow","Travelling","water","surface","",2016-08-09 16:22:46
3,"3.slow",7,"7.Travelling","26780","2016-08-09 16:22:46",0.68,0.172,0.652,0.744,"slow","Travelling","water","surface","",2016-08-09 16:22:46
3,"3.slow",7,"7.Travelling","26781","2016-08-09 16:22:46",0.68,0.188,0.496,0.78,"slow","Travelling","water","surface","",2016-08-09 16:22:46
3,"3.slow",7,"7.Travelling","26782","2016-08-09 16:22:46",0.68,0.184,0.6,0.76,"slow","Travelling","water","surface","",2016-08-09 16:22:46
3,"3.slow",7,"7.Travelling","26783","2016-08-09 16:22:46",0.68,0.14,0.612,0.752,"slow","Travelling","water","surface","",2016-08-09 16:22:46
3,"3.slow",7,"7.Travelling","26784","2016-08-09 16:22:46",0.68,0.128,0.584,0.772,"slow","Travelling","water","surface","",2016-08-09 16:22:46
3,"3.slow",7,"7.Travelling","26785","2016-08-09 16:22:46",0.68,0.096,0.564,0.78,"slow","Travelling","water","surface","",2016-08-09 16:22:46
3,"3.slow",7,"7.Travelling","26786","2016-08-09 16:22:46",0.68,0.08,0.556,0.8,"slow","Travelling","water","surface","",2016-08-09 16:22:46
3,"3.slow",7,"7.Travelling","26787","2016-08-09 16:22:46",0.68,0.056,0.556,0.784,"slow","Travelling","water","surface","",2016-08-09 16:22:46
3,"3.slow",7,"7.Travelling","26788","2016-08-09 16:22:46",0.68,0.052,0.568,0.804,"slow","Travelling","water","surface","",2016-08-09 16:22:46
3,"3.slow",7,"7.Travelling","26789","2016-08-09 16:22:46",0.68,0.072,0.56,0.828,"slow","Travelling","water","surface","",2016-08-09 16:22:46
3,"3.slow",7,"7.Travelling","26790","2016-08-09 16:22:46",0.65,0.104,0.54,0.836,"slow","Travelling","water","surface","",2016-08-09 16:22:46
3,"3.slow",7,"7.Travelling","26791","2016-08-09 16:22:46",0.65,0.12,0.54,0.832,"slow","Travelling","water","surface","",2016-08-09 16:22:46
3,"3.slow",7,"7.Travelling","26792","2016-08-09 16:22:46",0.65,0.136,0.516,0.832,"slow","Travelling","water","surface","",2016-08-09 16:22:46
3,"3.slow",7,"7.Travelling","26793","2016-08-09 16:22:46",0.65,0.156,0.496,0.792,"slow","Travelling","water","surface","",2016-08-09 16:22:46
3,"3.slow",7,"7.Travelling","26794","2016-08-09 16:22:47",0.65,0.164,0.496,0.784,"slow","Travelling","water","surface","",2016-08-09 16:22:47
3,"3.slow",7,"7.Travelling","26795","2016-08-09 16:22:47",0.68,0.156,0.484,0.78,"slow","Travelling","water","surface","",2016-08-09 16:22:47
3,"3.slow",7,"7.Travelling","26796","2016-08-09 16:22:47",0.68,0.18,0.452,0.812,"slow","Travelling","water","surface","",2016-08-09 16:22:47
3,"3.slow",7,"7.Travelling","26797","2016-08-09 16:22:47",0.65,0.184,0.428,0.804,"slow","Travelling","water","surface","",2016-08-09 16:22:47
3,"3.slow",7,"7.Travelling","26798","2016-08-09 16:22:47",0.65,0.18,0.416,0.84,"slow","Travelling","water","surface","",2016-08-09 16:22:47
3,"3.slow",7,"7.Travelling","26799","2016-08-09 16:22:47",0.68,0.144,0.404,0.82,"slow","Travelling","water","surface","",2016-08-09 16:22:47
3,"3.slow",7,"7.Travelling","26800","2016-08-09 16:22:47",0.68,0.12,0.384,0.832,"slow","Travelling","water","surface","",2016-08-09 16:22:47
3,"3.slow",7,"7.Travelling","26801","2016-08-09 16:22:47",0.68,0.132,0.384,0.848,"slow","Travelling","water","surface","",2016-08-09 16:22:47
3,"3.slow",7,"7.Travelling","26802","2016-08-09 16:22:47",0.68,0.136,0.4,0.864,"slow","Travelling","water","surface","",2016-08-09 16:22:47
3,"3.slow",7,"7.Travelling","26803","2016-08-09 16:22:47",0.68,0.136,0.38,0.86,"slow","Travelling","water","surface","",2016-08-09 16:22:47
3,"3.slow",7,"7.Travelling","26804","2016-08-09 16:22:47",0.68,0.104,0.312,0.864,"slow","Travelling","water","surface","",2016-08-09 16:22:47
3,"3.slow",7,"7.Travelling","26805","2016-08-09 16:22:47",0.68,0.112,0.248,0.9,"slow","Travelling","water","surface","",2016-08-09 16:22:47
3,"3.slow",7,"7.Travelling","26806","2016-08-09 16:22:47",0.68,0.148,0.116,0.912,"slow","Travelling","water","surface","",2016-08-09 16:22:47
3,"3.slow",7,"7.Travelling","26807","2016-08-09 16:22:47",0.65,0.16,0.044,0.9,"slow","Travelling","water","surface","",2016-08-09 16:22:47
3,"3.slow",7,"7.Travelling","26808","2016-08-09 16:22:47",0.68,0.14,0.024,0.876,"slow","Travelling","water","surface","",2016-08-09 16:22:47
3,"3.slow",7,"7.Travelling","26809","2016-08-09 16:22:47",0.68,0.132,0.08,0.916,"slow","Travelling","water","surface","",2016-08-09 16:22:47
3,"3.slow",7,"7.Travelling","26810","2016-08-09 16:22:47",0.68,0.148,0.148,0.936,"slow","Travelling","water","surface","",2016-08-09 16:22:47
3,"3.slow",7,"7.Travelling","26811","2016-08-09 16:22:47",0.68,0.132,0.196,0.94,"slow","Travelling","water","surface","",2016-08-09 16:22:47
3,"3.slow",7,"7.Travelling","26812","2016-08-09 16:22:47",0.68,0.152,0.228,0.916,"slow","Travelling","water","surface","",2016-08-09 16:22:47
3,"3.slow",7,"7.Travelling","26813","2016-08-09 16:22:47",0.68,0.164,0.276,0.9,"slow","Travelling","water","surface","",2016-08-09 16:22:47
3,"3.slow",7,"7.Travelling","26814","2016-08-09 16:22:47",0.68,0.16,0.26,0.884,"slow","Travelling","water","surface","",2016-08-09 16:22:47
3,"3.slow",7,"7.Travelling","26815","2016-08-09 16:22:47",0.65,0.168,0.276,0.932,"slow","Travelling","water","surface","",2016-08-09 16:22:47
3,"3.slow",7,"7.Travelling","26816","2016-08-09 16:22:47",0.68,0.176,0.256,0.94,"slow","Travelling","water","surface","",2016-08-09 16:22:47
3,"3.slow",7,"7.Travelling","26817","2016-08-09 16:22:47",0.68,0.212,0.204,0.932,"slow","Travelling","water","surface","",2016-08-09 16:22:47
3,"3.slow",7,"7.Travelling","26818","2016-08-09 16:22:48",0.68,0.228,0.168,0.924,"slow","Travelling","water","surface","",2016-08-09 16:22:48
3,"3.slow",7,"7.Travelling","26819","2016-08-09 16:22:48",0.68,0.24,0.136,0.924,"slow","Travelling","water","surface","",2016-08-09 16:22:48
3,"3.slow",7,"7.Travelling","26820","2016-08-09 16:22:48",0.68,0.256,0.092,0.94,"slow","Travelling","water","surface","",2016-08-09 16:22:48
3,"3.slow",7,"7.Travelling","26821","2016-08-09 16:22:48",0.65,0.26,0.092,0.924,"slow","Travelling","water","surface","",2016-08-09 16:22:48
3,"3.slow",7,"7.Travelling","26822","2016-08-09 16:22:48",0.65,0.24,0.064,0.916,"slow","Travelling","water","surface","",2016-08-09 16:22:48
3,"3.slow",7,"7.Travelling","26823","2016-08-09 16:22:48",0.65,0.252,0.056,0.896,"slow","Travelling","water","surface","",2016-08-09 16:22:48
3,"3.slow",7,"7.Travelling","26824","2016-08-09 16:22:48",0.68,0.248,0.048,0.9,"slow","Travelling","water","surface","",2016-08-09 16:22:48
3,"3.slow",7,"7.Travelling","26825","2016-08-09 16:22:48",0.68,0.248,0.056,0.928,"slow","Travelling","water","surface","",2016-08-09 16:22:48
3,"3.slow",7,"7.Travelling","26826","2016-08-09 16:22:48",0.65,0.24,0.028,0.888,"slow","Travelling","water","surface","",2016-08-09 16:22:48
3,"3.slow",7,"7.Travelling","26827","2016-08-09 16:22:48",0.68,0.224,0.068,0.92,"slow","Travelling","water","surface","",2016-08-09 16:22:48
3,"3.slow",7,"7.Travelling","26828","2016-08-09 16:22:48",0.68,0.132,0.076,0.544,"slow","Travelling","water","surface","",2016-08-09 16:22:48
3,"3.slow",7,"7.Travelling","26829","2016-08-09 16:22:48",0.68,0.22,0.064,0.764,"slow","Travelling","water","surface","",2016-08-09 16:22:48
3,"3.slow",7,"7.Travelling","26830","2016-08-09 16:22:48",0.68,0.296,0.056,0.808,"slow","Travelling","water","surface","",2016-08-09 16:22:48
3,"3.slow",7,"7.Travelling","26831","2016-08-09 16:22:48",0.68,0.372,0.044,0.828,"slow","Travelling","water","surface","",2016-08-09 16:22:48
3,"3.slow",7,"7.Travelling","26832","2016-08-09 16:22:48",0.68,0.448,0.02,0.824,"slow","Travelling","water","surface","",2016-08-09 16:22:48
3,"3.slow",7,"7.Travelling","26833","2016-08-09 16:22:48",0.68,0.524,0.02,0.796,"slow","Travelling","water","surface","",2016-08-09 16:22:48
3,"3.slow",7,"7.Travelling","26834","2016-08-09 16:22:48",0.68,0.592,0.032,0.76,"slow","Travelling","water","surface","",2016-08-09 16:22:48
3,"3.slow",7,"7.Travelling","26835","2016-08-09 16:22:48",0.68,0.636,0.024,0.712,"slow","Travelling","water","surface","",2016-08-09 16:22:48
3,"3.slow",7,"7.Travelling","26836","2016-08-09 16:22:48",0.68,0.668,0.012,0.656,"slow","Travelling","water","surface","",2016-08-09 16:22:48
3,"3.slow",7,"7.Travelling","26837","2016-08-09 16:22:48",0.68,0.716,-0.04,0.644,"slow","Travelling","water","surface","",2016-08-09 16:22:48
3,"3.slow",7,"7.Travelling","26838","2016-08-09 16:22:48",0.68,0.792,-0.076,0.652,"slow","Travelling","water","surface","",2016-08-09 16:22:48
3,"3.slow",7,"7.Travelling","26839","2016-08-09 16:22:48",0.68,0.772,-0.148,0.552,"slow","Travelling","water","surface","",2016-08-09 16:22:48
3,"3.slow",7,"7.Travelling","26840","2016-08-09 16:22:48",0.71,0.8,-0.12,0.736,"slow","Travelling","water","surface","",2016-08-09 16:22:48
3,"3.slow",7,"7.Travelling","26841","2016-08-09 16:22:48",0.71,0.708,-0.24,0.816,"slow","Travelling","water","surface","",2016-08-09 16:22:48
3,"3.slow",7,"7.Travelling","26842","2016-08-09 16:22:49",0.71,0.988,-0.232,0.968,"slow","Travelling","water","surface","",2016-08-09 16:22:49
3,"3.slow",7,"7.Travelling","26843","2016-08-09 16:22:49",0.71,0.848,-0.32,0.792,"slow","Travelling","water","surface","",2016-08-09 16:22:49
3,"3.slow",7,"7.Travelling","26844","2016-08-09 16:22:49",0.68,1.108,0.388,0.496,"slow","Travelling","water","surface","",2016-08-09 16:22:49
3,"3.slow",7,"7.Travelling","26845","2016-08-09 16:22:49",0.71,1.16,0.76,0.752,"slow","Travelling","water","surface","",2016-08-09 16:22:49
3,"3.slow",7,"7.Travelling","26846","2016-08-09 16:22:49",0.68,0.888,0.512,1.1,"slow","Travelling","water","surface","",2016-08-09 16:22:49
3,"3.slow",7,"7.Travelling","26847","2016-08-09 16:22:49",0.62,1.4,-0.064,0.176,"slow","Travelling","water","surface","",2016-08-09 16:22:49
3,"3.slow",7,"7.Travelling","26848","2016-08-09 16:22:49",0.68,1.036,-0.628,-0.012,"slow","Travelling","water","surface","",2016-08-09 16:22:49
3,"3.slow",7,"7.Travelling","26849","2016-08-09 16:22:49",0.68,-0.136,-0.876,0.4,"slow","Travelling","water","surface","",2016-08-09 16:22:49
3,"3.slow",7,"7.Travelling","26850","2016-08-09 16:22:49",0.68,0,-0.564,0.26,"slow","Travelling","water","surface","",2016-08-09 16:22:49
3,"3.slow",7,"7.Travelling","26851","2016-08-09 16:22:49",0.65,-0.108,-0.5,0.524,"slow","Travelling","water","surface","",2016-08-09 16:22:49
3,"3.slow",7,"7.Travelling","26852","2016-08-09 16:22:49",0.68,-0.18,-0.484,-0.028,"slow","Travelling","water","surface","",2016-08-09 16:22:49
3,"3.slow",7,"7.Travelling","26853","2016-08-09 16:22:49",0.68,-0.032,-0.42,0.308,"slow","Travelling","water","surface","",2016-08-09 16:22:49
3,"3.slow",7,"7.Travelling","26854","2016-08-09 16:22:49",0.68,-0.376,0.164,0.664,"slow","Travelling","water","surface","",2016-08-09 16:22:49
3,"3.slow",7,"7.Travelling","26855","2016-08-09 16:22:49",0.65,-0.336,0.472,0.5,"slow","Travelling","water","surface","",2016-08-09 16:22:49
3,"3.slow",7,"7.Travelling","26856","2016-08-09 16:22:49",0.65,-0.452,0.072,0.604,"slow","Travelling","water","surface","",2016-08-09 16:22:49
3,"3.slow",7,"7.Travelling","26857","2016-08-09 16:22:49",0.68,-0.692,-0.232,0.496,"slow","Travelling","water","surface","",2016-08-09 16:22:49
3,"3.slow",7,"7.Travelling","26858","2016-08-09 16:22:49",0.84,-1.244,-0.164,0.38,"slow","Travelling","water","surface","",2016-08-09 16:22:49
3,"3.slow",7,"7.Travelling","26859","2016-08-09 16:22:49",0.9,-0.652,-0.248,0.496,"slow","Travelling","water","surface","",2016-08-09 16:22:49
3,"3.slow",7,"7.Travelling","26860","2016-08-09 16:22:49",0.93,-1.064,-0.408,0.316,"slow","Travelling","water","surface","",2016-08-09 16:22:49
3,"3.slow",7,"7.Travelling","26861","2016-08-09 16:22:49",0.96,-0.948,-0.304,0.2,"slow","Travelling","water","surface","",2016-08-09 16:22:49
3,"3.slow",7,"7.Travelling","26862","2016-08-09 16:22:49",1,-0.936,0.048,0.568,"slow","Travelling","water","surface","",2016-08-09 16:22:49
3,"3.slow",7,"7.Travelling","26863","2016-08-09 16:22:49",1,-0.78,-0.312,0.516,"slow","Travelling","water","surface","",2016-08-09 16:22:49
3,"3.slow",7,"7.Travelling","26864","2016-08-09 16:22:49",1,-0.348,-0.98,0.448,"slow","Travelling","water","surface","",2016-08-09 16:22:49
3,"3.slow",7,"7.Travelling","26865","2016-08-09 16:22:49",1,-0.596,-1.188,0.26,"slow","Travelling","water","surface","",2016-08-09 16:22:49
3,"3.slow",7,"7.Travelling","26866","2016-08-09 16:22:50",1.03,-0.94,-0.836,0.416,"slow","Travelling","water","surface","",2016-08-09 16:22:50
3,"3.slow",7,"7.Travelling","26867","2016-08-09 16:22:50",1.03,-0.972,-0.612,0.412,"slow","Travelling","water","surface","",2016-08-09 16:22:50
3,"3.slow",7,"7.Travelling","26868","2016-08-09 16:22:50",1.12,-1.048,-0.5,0.464,"slow","Travelling","water","underwater","",2016-08-09 16:22:50
3,"3.slow",7,"7.Travelling","26869","2016-08-09 16:22:50",1.18,-1.036,-0.284,0.272,"slow","Travelling","water","underwater","",2016-08-09 16:22:50
3,"3.slow",7,"7.Travelling","26870","2016-08-09 16:22:50",1.21,-1.104,-0.288,0.216,"slow","Travelling","water","underwater","",2016-08-09 16:22:50
3,"3.slow",7,"7.Travelling","26871","2016-08-09 16:22:50",1.25,-1.112,-0.152,0.164,"slow","Travelling","water","underwater","",2016-08-09 16:22:50
3,"3.slow",7,"7.Travelling","26872","2016-08-09 16:22:50",1.28,-1.108,-0.196,0.224,"slow","Travelling","water","underwater","",2016-08-09 16:22:50
3,"3.slow",7,"7.Travelling","26873","2016-08-09 16:22:50",1.28,-0.904,-0.292,0.204,"slow","Travelling","water","underwater","",2016-08-09 16:22:50
3,"3.slow",7,"7.Travelling","26874","2016-08-09 16:22:50",1.31,-0.732,-0.36,0.152,"slow","Travelling","water","underwater","",2016-08-09 16:22:50
3,"3.slow",7,"7.Travelling","26875","2016-08-09 16:22:50",1.34,-0.66,-0.232,0.288,"slow","Travelling","water","underwater","",2016-08-09 16:22:50
3,"3.slow",7,"7.Travelling","26876","2016-08-09 16:22:50",1.4,-0.584,-0.08,0.492,"slow","Travelling","water","underwater","",2016-08-09 16:22:50
3,"3.slow",7,"7.Travelling","26877","2016-08-09 16:22:50",1.43,-0.496,0.164,0.544,"slow","Travelling","water","underwater","",2016-08-09 16:22:50
3,"3.slow",7,"7.Travelling","26878","2016-08-09 16:22:50",1.46,-0.376,0.356,0.672,"slow","Travelling","water","underwater","",2016-08-09 16:22:50
3,"3.slow",7,"7.Travelling","26879","2016-08-09 16:22:50",1.53,-0.284,0.552,0.72,"slow","Travelling","water","underwater","",2016-08-09 16:22:50
3,"3.slow",7,"7.Travelling","26880","2016-08-09 16:22:50",1.53,-0.22,0.7,0.728,"slow","Travelling","water","underwater","",2016-08-09 16:22:50
3,"3.slow",7,"7.Travelling","26881","2016-08-09 16:22:50",1.56,-0.264,0.768,0.608,"slow","Travelling","water","underwater","",2016-08-09 16:22:50
3,"3.slow",7,"7.Travelling","26882","2016-08-09 16:22:50",1.56,-0.236,0.892,0.544,"slow","Travelling","water","underwater","",2016-08-09 16:22:50
3,"3.slow",7,"7.Travelling","26883","2016-08-09 16:22:50",1.59,-0.156,1.016,0.576,"slow","Travelling","water","underwater","",2016-08-09 16:22:50
3,"3.slow",7,"7.Travelling","26884","2016-08-09 16:22:50",1.62,-0.176,1.048,0.612,"slow","Travelling","water","underwater","",2016-08-09 16:22:50
3,"3.slow",7,"7.Travelling","26885","2016-08-09 16:22:50",1.62,-0.208,0.976,0.612,"slow","Travelling","water","underwater","",2016-08-09 16:22:50
3,"3.slow",7,"7.Travelling","26886","2016-08-09 16:22:50",1.65,-0.172,0.908,0.608,"slow","Travelling","water","underwater","",2016-08-09 16:22:50
3,"3.slow",7,"7.Travelling","26887","2016-08-09 16:22:50",1.65,-0.156,0.868,0.612,"slow","Travelling","water","underwater","",2016-08-09 16:22:50
3,"3.slow",7,"7.Travelling","26888","2016-08-09 16:22:50",1.68,-0.16,0.864,0.588,"slow","Travelling","water","underwater","",2016-08-09 16:22:50
3,"3.slow",7,"7.Travelling","26889","2016-08-09 16:22:51",1.71,-0.16,0.872,0.56,"slow","Travelling","water","underwater","",2016-08-09 16:22:51
3,"3.slow",7,"7.Travelling","26890","2016-08-09 16:22:51",1.71,-0.152,0.884,0.596,"slow","Travelling","water","underwater","",2016-08-09 16:22:51
3,"3.slow",7,"7.Travelling","26891","2016-08-09 16:22:51",1.75,-0.124,0.868,0.644,"slow","Travelling","water","underwater","",2016-08-09 16:22:51
3,"3.slow",7,"7.Travelling","26892","2016-08-09 16:22:51",1.75,-0.148,0.828,0.66,"slow","Travelling","water","underwater","",2016-08-09 16:22:51
3,"3.slow",7,"7.Travelling","26893","2016-08-09 16:22:51",1.78,-0.144,0.864,0.648,"slow","Travelling","water","underwater","",2016-08-09 16:22:51
3,"3.slow",7,"7.Travelling","26894","2016-08-09 16:22:51",1.75,-0.132,0.784,0.704,"slow","Travelling","water","underwater","",2016-08-09 16:22:51
3,"3.slow",7,"7.Travelling","26895","2016-08-09 16:22:51",1.75,-0.176,0.804,0.632,"slow","Travelling","water","underwater","",2016-08-09 16:22:51
3,"3.slow",7,"7.Travelling","26896","2016-08-09 16:22:51",1.78,-0.204,0.744,0.616,"slow","Travelling","water","underwater","",2016-08-09 16:22:51
3,"3.slow",7,"7.Travelling","26897","2016-08-09 16:22:51",1.81,-0.216,0.66,0.664,"slow","Travelling","water","underwater","",2016-08-09 16:22:51
3,"3.slow",7,"7.Travelling","26898","2016-08-09 16:22:51",1.81,-0.212,0.612,0.704,"slow","Travelling","water","underwater","",2016-08-09 16:22:51
3,"3.slow",7,"7.Travelling","26899","2016-08-09 16:22:51",1.81,-0.22,0.588,0.708,"slow","Travelling","water","underwater","",2016-08-09 16:22:51
3,"3.slow",7,"7.Travelling","26900","2016-08-09 16:22:51",1.81,-0.204,0.568,0.716,"slow","Travelling","water","underwater","",2016-08-09 16:22:51
3,"3.slow",7,"7.Travelling","26901","2016-08-09 16:22:51",1.84,-0.188,0.6,0.724,"slow","Travelling","water","underwater","",2016-08-09 16:22:51
3,"3.slow",7,"7.Travelling","26902","2016-08-09 16:22:51",1.84,-0.184,0.616,0.728,"slow","Travelling","water","underwater","",2016-08-09 16:22:51
3,"3.slow",7,"7.Travelling","26903","2016-08-09 16:22:51",1.87,-0.176,0.612,0.716,"slow","Travelling","water","underwater","",2016-08-09 16:22:51
3,"3.slow",7,"7.Travelling","26904","2016-08-09 16:22:51",1.87,-0.2,0.552,0.712,"slow","Travelling","water","underwater","",2016-08-09 16:22:51
3,"3.slow",7,"7.Travelling","26905","2016-08-09 16:22:51",1.87,-0.24,0.548,0.752,"slow","Travelling","water","underwater","",2016-08-09 16:22:51
3,"3.slow",7,"7.Travelling","26906","2016-08-09 16:22:51",1.9,-0.288,0.58,0.724,"slow","Travelling","water","underwater","",2016-08-09 16:22:51
3,"3.slow",7,"7.Travelling","26907","2016-08-09 16:22:51",1.9,-0.328,0.564,0.712,"slow","Travelling","water","underwater","",2016-08-09 16:22:51
3,"3.slow",7,"7.Travelling","26908","2016-08-09 16:22:51",1.93,-0.356,0.564,0.704,"slow","Travelling","water","underwater","",2016-08-09 16:22:51
3,"3.slow",7,"7.Travelling","26909","2016-08-09 16:22:51",1.93,-0.356,0.512,0.712,"slow","Travelling","water","underwater","",2016-08-09 16:22:51
3,"3.slow",7,"7.Travelling","26910","2016-08-09 16:22:51",1.96,-0.36,0.42,0.756,"slow","Travelling","water","underwater","",2016-08-09 16:22:51
3,"3.slow",7,"7.Travelling","26911","2016-08-09 16:22:51",1.96,-0.408,0.416,0.728,"slow","Travelling","water","underwater","",2016-08-09 16:22:51
3,"3.slow",7,"7.Travelling","26912","2016-08-09 16:22:51",1.96,-0.452,0.444,0.7,"slow","Travelling","water","underwater","",2016-08-09 16:22:51
3,"3.slow",7,"7.Travelling","26913","2016-08-09 16:22:52",2,-0.468,0.432,0.664,"slow","Travelling","water","underwater","",2016-08-09 16:22:52
3,"3.slow",7,"7.Travelling","26914","2016-08-09 16:22:52",2,-0.512,0.44,0.612,"slow","Travelling","water","underwater","",2016-08-09 16:22:52
3,"3.slow",7,"7.Travelling","26915","2016-08-09 16:22:52",2.03,-0.552,0.432,0.596,"slow","Travelling","water","underwater","",2016-08-09 16:22:52
3,"3.slow",7,"7.Travelling","26916","2016-08-09 16:22:52",2.06,-0.564,0.416,0.6,"slow","Travelling","water","underwater","",2016-08-09 16:22:52
3,"3.slow",7,"7.Travelling","26917","2016-08-09 16:22:52",2.06,-0.588,0.42,0.564,"slow","Travelling","water","underwater","",2016-08-09 16:22:52
3,"3.slow",7,"7.Travelling","26918","2016-08-09 16:22:52",2.09,-0.608,0.46,0.548,"slow","Travelling","water","underwater","",2016-08-09 16:22:52
3,"3.slow",7,"7.Travelling","26919","2016-08-09 16:22:52",2.09,-0.636,0.496,0.512,"slow","Travelling","water","underwater","",2016-08-09 16:22:52
3,"3.slow",7,"7.Travelling","26920","2016-08-09 16:22:52",2.12,-0.676,0.5,0.504,"slow","Travelling","water","underwater","",2016-08-09 16:22:52
3,"3.slow",7,"7.Travelling","26921","2016-08-09 16:22:52",2.15,-0.7,0.5,0.488,"slow","Travelling","water","underwater","",2016-08-09 16:22:52
3,"3.slow",7,"7.Travelling","26922","2016-08-09 16:22:52",2.15,-0.712,0.504,0.472,"slow","Travelling","water","underwater","",2016-08-09 16:22:52
3,"3.slow",7,"7.Travelling","26923","2016-08-09 16:22:52",2.18,-0.72,0.516,0.464,"slow","Travelling","water","underwater","",2016-08-09 16:22:52
3,"3.slow",7,"7.Travelling","26924","2016-08-09 16:22:52",2.21,-0.732,0.516,0.46,"slow","Travelling","water","underwater","",2016-08-09 16:22:52
3,"3.slow",7,"7.Travelling","26925","2016-08-09 16:22:52",2.21,-0.724,0.512,0.452,"slow","Travelling","water","underwater","",2016-08-09 16:22:52
3,"3.slow",7,"7.Travelling","26926","2016-08-09 16:22:52",2.25,-0.728,0.504,0.456,"slow","Travelling","water","underwater","",2016-08-09 16:22:52
3,"3.slow",7,"7.Travelling","26927","2016-08-09 16:22:52",2.25,-0.732,0.5,0.452,"slow","Travelling","water","underwater","",2016-08-09 16:22:52
3,"3.slow",7,"7.Travelling","26928","2016-08-09 16:22:52",2.28,-0.728,0.468,0.46,"slow","Travelling","water","underwater","",2016-08-09 16:22:52
3,"3.slow",7,"7.Travelling","26929","2016-08-09 16:22:52",2.28,-0.676,0.564,0.428,"slow","Travelling","water","underwater","",2016-08-09 16:22:52
3,"3.slow",7,"7.Travelling","26930","2016-08-09 16:22:52",2.31,-0.752,0.372,0.448,"slow","Travelling","water","underwater","",2016-08-09 16:22:52
3,"3.slow",7,"7.Travelling","26931","2016-08-09 16:22:52",2.31,-0.828,0.4,0.436,"slow","Travelling","water","underwater","",2016-08-09 16:22:52
3,"3.slow",7,"7.Travelling","26932","2016-08-09 16:22:52",2.34,-0.848,0.336,0.38,"slow","Travelling","water","underwater","",2016-08-09 16:22:52
3,"3.slow",7,"7.Travelling","26933","2016-08-09 16:22:52",2.34,-0.888,0.372,0.476,"slow","Travelling","water","underwater","",2016-08-09 16:22:52
3,"3.slow",7,"7.Travelling","26934","2016-08-09 16:22:52",2.37,-0.844,0.356,0.72,"slow","Travelling","water","underwater","",2016-08-09 16:22:52
3,"3.slow",7,"7.Travelling","26935","2016-08-09 16:22:52",2.4,-0.728,0.396,0.82,"slow","Travelling","water","underwater","",2016-08-09 16:22:52
3,"3.slow",7,"7.Travelling","26936","2016-08-09 16:22:52",2.4,-0.44,0.636,0.828,"slow","Travelling","water","underwater","",2016-08-09 16:22:52
3,"3.slow",7,"7.Travelling","26937","2016-08-09 16:22:53",2.37,-0.332,0.908,0.772,"slow","Travelling","water","underwater","",2016-08-09 16:22:53
3,"3.slow",7,"7.Travelling","26938","2016-08-09 16:22:53",2.37,-0.26,0.88,0.74,"slow","Travelling","water","underwater","",2016-08-09 16:22:53
3,"3.slow",7,"7.Travelling","26939","2016-08-09 16:22:53",2.34,-0.236,0.816,0.772,"slow","Travelling","water","underwater","",2016-08-09 16:22:53
3,"3.slow",7,"7.Travelling","26940","2016-08-09 16:22:53",2.37,-0.208,0.656,0.764,"slow","Travelling","water","underwater","",2016-08-09 16:22:53
3,"3.slow",7,"7.Travelling","26941","2016-08-09 16:22:53",2.37,-0.196,0.556,0.792,"slow","Travelling","water","underwater","",2016-08-09 16:22:53
3,"3.slow",7,"7.Travelling","26942","2016-08-09 16:22:53",2.37,-0.168,0.532,0.756,"slow","Travelling","water","underwater","",2016-08-09 16:22:53
3,"3.slow",7,"7.Travelling","26943","2016-08-09 16:22:53",2.37,-0.196,0.596,0.652,"slow","Travelling","water","underwater","",2016-08-09 16:22:53
3,"3.slow",7,"7.Travelling","26944","2016-08-09 16:22:53",2.37,-0.236,0.624,0.608,"slow","Travelling","water","underwater","",2016-08-09 16:22:53
3,"3.slow",7,"7.Travelling","26945","2016-08-09 16:22:53",2.37,-0.352,0.548,0.592,"slow","Travelling","water","underwater","",2016-08-09 16:22:53
3,"3.slow",7,"7.Travelling","26946","2016-08-09 16:22:53",2.37,-0.376,0.424,0.688,"slow","Travelling","water","underwater","",2016-08-09 16:22:53
3,"3.slow",7,"7.Travelling","26947","2016-08-09 16:22:53",2.37,-0.312,0.36,0.768,"slow","Travelling","water","underwater","",2016-08-09 16:22:53
3,"3.slow",7,"7.Travelling","26948","2016-08-09 16:22:53",2.37,-0.256,0.304,0.824,"slow","Travelling","water","underwater","",2016-08-09 16:22:53
3,"3.slow",7,"7.Travelling","26949","2016-08-09 16:22:53",2.37,-0.22,0.268,0.816,"slow","Travelling","water","underwater","",2016-08-09 16:22:53
3,"3.slow",7,"7.Travelling","26950","2016-08-09 16:22:53",2.37,-0.2,0.268,0.872,"slow","Travelling","water","underwater","",2016-08-09 16:22:53
3,"3.slow",7,"7.Travelling","26951","2016-08-09 16:22:53",2.4,-0.216,0.292,0.936,"slow","Travelling","water","underwater","",2016-08-09 16:22:53
3,"3.slow",7,"7.Travelling","26952","2016-08-09 16:22:53",2.4,-0.216,0.32,0.948,"slow","Travelling","water","underwater","",2016-08-09 16:22:53
3,"3.slow",7,"7.Travelling","26953","2016-08-09 16:22:53",2.4,-0.176,0.332,0.916,"slow","Travelling","water","underwater","",2016-08-09 16:22:53
3,"3.slow",7,"7.Travelling","26954","2016-08-09 16:22:53",2.4,-0.1,0.428,0.888,"slow","Travelling","water","underwater","",2016-08-09 16:22:53
3,"3.slow",7,"7.Travelling","26955","2016-08-09 16:22:53",2.4,-0.004,0.508,0.864,"slow","Travelling","water","underwater","",2016-08-09 16:22:53
3,"3.slow",7,"7.Travelling","26956","2016-08-09 16:22:53",2.4,0.092,0.564,0.852,"slow","Travelling","water","underwater","",2016-08-09 16:22:53
3,"3.slow",7,"7.Travelling","26957","2016-08-09 16:22:53",2.4,0.136,0.536,0.884,"slow","Travelling","water","underwater","",2016-08-09 16:22:53
3,"3.slow",7,"7.Travelling","26958","2016-08-09 16:22:53",2.4,0.2,0.444,0.888,"slow","Travelling","water","underwater","",2016-08-09 16:22:53
3,"3.slow",7,"7.Travelling","26959","2016-08-09 16:22:53",2.4,0.28,0.372,0.912,"slow","Travelling","water","underwater","",2016-08-09 16:22:53
3,"3.slow",7,"7.Travelling","26960","2016-08-09 16:22:53",2.4,0.344,0.264,0.904,"slow","Travelling","water","underwater","",2016-08-09 16:22:53
3,"3.slow",7,"7.Travelling","26961","2016-08-09 16:22:54",2.4,0.384,0.152,0.868,"slow","Travelling","water","underwater","",2016-08-09 16:22:54
3,"3.slow",7,"7.Travelling","26962","2016-08-09 16:22:54",2.37,0.408,0.068,0.848,"slow","Travelling","water","underwater","",2016-08-09 16:22:54
3,"3.slow",7,"7.Travelling","26963","2016-08-09 16:22:54",2.37,0.432,0.028,0.852,"slow","Travelling","water","underwater","",2016-08-09 16:22:54
3,"3.slow",7,"7.Travelling","26964","2016-08-09 16:22:54",2.37,0.464,-0.02,0.848,"slow","Travelling","water","underwater","",2016-08-09 16:22:54
3,"3.slow",7,"7.Travelling","26965","2016-08-09 16:22:54",2.37,0.484,-0.072,0.84,"slow","Travelling","water","underwater","",2016-08-09 16:22:54
3,"3.slow",7,"7.Travelling","26966","2016-08-09 16:22:54",2.37,0.504,-0.084,0.828,"slow","Travelling","water","underwater","",2016-08-09 16:22:54
3,"3.slow",7,"7.Travelling","26967","2016-08-09 16:22:54",2.37,0.528,-0.144,0.804,"slow","Travelling","water","underwater","",2016-08-09 16:22:54
3,"3.slow",7,"7.Travelling","26968","2016-08-09 16:22:54",2.37,0.564,-0.208,0.776,"slow","Travelling","water","underwater","",2016-08-09 16:22:54
3,"3.slow",7,"7.Travelling","26969","2016-08-09 16:22:54",2.34,0.612,-0.272,0.732,"slow","Travelling","water","underwater","",2016-08-09 16:22:54
3,"3.slow",7,"7.Travelling","26970","2016-08-09 16:22:54",2.37,0.616,-0.272,0.708,"slow","Travelling","water","underwater","",2016-08-09 16:22:54
3,"3.slow",7,"7.Travelling","26971","2016-08-09 16:22:54",2.34,0.64,-0.316,0.656,"slow","Travelling","water","underwater","",2016-08-09 16:22:54
3,"3.slow",7,"7.Travelling","26972","2016-08-09 16:22:54",2.34,0.668,-0.404,0.568,"slow","Travelling","water","underwater","",2016-08-09 16:22:54
3,"3.slow",7,"7.Travelling","26973","2016-08-09 16:22:54",2.34,0.696,-0.46,0.492,"slow","Travelling","water","underwater","",2016-08-09 16:22:54
3,"3.slow",7,"7.Travelling","26974","2016-08-09 16:22:54",2.34,0.72,-0.52,0.456,"slow","Travelling","water","underwater","",2016-08-09 16:22:54
3,"3.slow",7,"7.Travelling","26975","2016-08-09 16:22:54",2.34,0.728,-0.56,0.396,"slow","Travelling","water","underwater","",2016-08-09 16:22:54
3,"3.slow",7,"7.Travelling","26976","2016-08-09 16:22:54",2.34,0.756,-0.58,0.348,"slow","Travelling","water","underwater","",2016-08-09 16:22:54
3,"3.slow",7,"7.Travelling","26977","2016-08-09 16:22:54",2.34,0.796,-0.604,0.272,"slow","Travelling","water","underwater","",2016-08-09 16:22:54
3,"3.slow",7,"7.Travelling","26978","2016-08-09 16:22:54",2.34,0.8,-0.648,0.208,"slow","Travelling","water","underwater","",2016-08-09 16:22:54
3,"3.slow",7,"7.Travelling","26979","2016-08-09 16:22:54",2.31,0.812,-0.66,0.168,"slow","Travelling","water","underwater","",2016-08-09 16:22:54
3,"3.slow",7,"7.Travelling","26980","2016-08-09 16:22:54",2.31,0.832,-0.648,0.124,"slow","Travelling","water","underwater","",2016-08-09 16:22:54
3,"3.slow",7,"7.Travelling","26981","2016-08-09 16:22:54",2.28,0.82,-0.64,0.088,"slow","Travelling","water","underwater","",2016-08-09 16:22:54
3,"3.slow",7,"7.Travelling","26982","2016-08-09 16:22:54",2.28,0.828,-0.656,0.052,"slow","Travelling","water","underwater","",2016-08-09 16:22:54
3,"3.slow",7,"7.Travelling","26983","2016-08-09 16:22:54",2.28,0.868,-0.708,-0.004,"slow","Travelling","water","underwater","",2016-08-09 16:22:54
3,"3.slow",7,"7.Travelling","26984","2016-08-09 16:22:54",2.25,0.856,-0.772,-0.04,"slow","Travelling","water","underwater","",2016-08-09 16:22:54
3,"3.slow",7,"7.Travelling","26985","2016-08-09 16:22:55",2.25,0.864,-0.8,-0.052,"slow","Travelling","water","underwater","",2016-08-09 16:22:55
3,"3.slow",7,"7.Travelling","26986","2016-08-09 16:22:55",2.21,0.896,-0.796,-0.052,"slow","Travelling","water","underwater","",2016-08-09 16:22:55
3,"3.slow",7,"7.Travelling","26987","2016-08-09 16:22:55",2.18,0.86,-0.764,-0.068,"slow","Travelling","water","underwater","",2016-08-09 16:22:55
3,"3.slow",7,"7.Travelling","26988","2016-08-09 16:22:55",2.15,0.844,-0.772,-0.068,"slow","Travelling","water","underwater","",2016-08-09 16:22:55
3,"3.slow",7,"7.Travelling","26989","2016-08-09 16:22:55",2.12,0.828,-0.776,-0.036,"slow","Travelling","water","underwater","",2016-08-09 16:22:55
3,"3.slow",7,"7.Travelling","26990","2016-08-09 16:22:55",2.09,0.82,-0.764,0.004,"slow","Travelling","water","underwater","",2016-08-09 16:22:55
3,"3.slow",7,"7.Travelling","26991","2016-08-09 16:22:55",2.06,0.812,-0.768,0.02,"slow","Travelling","water","underwater","",2016-08-09 16:22:55
3,"3.slow",7,"7.Travelling","26992","2016-08-09 16:22:55",2,0.824,-0.728,0.028,"slow","Travelling","water","underwater","",2016-08-09 16:22:55
3,"3.slow",7,"7.Travelling","26993","2016-08-09 16:22:55",1.96,0.844,-0.584,0.044,"slow","Travelling","water","underwater","",2016-08-09 16:22:55
3,"3.slow",7,"7.Travelling","26994","2016-08-09 16:22:55",1.93,0.828,-0.444,0.056,"slow","Travelling","water","underwater","",2016-08-09 16:22:55
3,"3.slow",7,"7.Travelling","26995","2016-08-09 16:22:55",1.93,0.832,-0.392,0.084,"slow","Travelling","water","underwater","",2016-08-09 16:22:55
3,"3.slow",7,"7.Travelling","26996","2016-08-09 16:22:55",1.9,0.876,-0.408,0.144,"slow","Travelling","water","underwater","",2016-08-09 16:22:55
3,"3.slow",7,"7.Travelling","26997","2016-08-09 16:22:55",1.84,0.956,-0.436,0.184,"slow","Travelling","water","underwater","",2016-08-09 16:22:55
3,"3.slow",7,"7.Travelling","26998","2016-08-09 16:22:55",1.81,0.98,-0.452,0.2,"slow","Travelling","water","underwater","",2016-08-09 16:22:55
3,"3.slow",7,"7.Travelling","26999","2016-08-09 16:22:55",1.78,0.964,-0.372,0.204,"slow","Travelling","water","underwater","",2016-08-09 16:22:55
3,"3.slow",7,"7.Travelling","27000","2016-08-09 16:22:55",1.75,0.92,-0.256,0.2,"slow","Travelling","water","underwater","",2016-08-09 16:22:55
3,"3.slow",7,"7.Travelling","27001","2016-08-09 16:22:55",1.71,0.86,-0.128,0.184,"slow","Travelling","water","underwater","",2016-08-09 16:22:55
3,"3.slow",7,"7.Travelling","27002","2016-08-09 16:22:55",1.68,0.888,-0.024,0.208,"slow","Travelling","water","underwater","",2016-08-09 16:22:55
3,"3.slow",7,"7.Travelling","27003","2016-08-09 16:22:55",1.65,0.896,0.028,0.232,"slow","Travelling","water","underwater","",2016-08-09 16:22:55
3,"3.slow",7,"7.Travelling","27004","2016-08-09 16:22:55",1.62,0.888,0.02,0.2,"slow","Travelling","water","underwater","",2016-08-09 16:22:55
3,"3.slow",7,"7.Travelling","27005","2016-08-09 16:22:55",1.59,0.912,-0.02,0.132,"slow","Travelling","water","underwater","",2016-08-09 16:22:55
3,"3.slow",7,"7.Travelling","27006","2016-08-09 16:22:55",1.56,0.924,-0.06,0.088,"slow","Travelling","water","underwater","",2016-08-09 16:22:55
3,"3.slow",7,"7.Travelling","27007","2016-08-09 16:22:55",1.56,0.928,-0.072,0.06,"slow","Travelling","water","underwater","",2016-08-09 16:22:55
3,"3.slow",7,"7.Travelling","27008","2016-08-09 16:22:56",1.56,0.952,-0.072,0.04,"slow","Travelling","water","underwater","",2016-08-09 16:22:56
3,"3.slow",7,"7.Travelling","27009","2016-08-09 16:22:56",1.56,0.98,-0.064,-0.004,"slow","Travelling","water","underwater","",2016-08-09 16:22:56
3,"3.slow",7,"7.Travelling","27010","2016-08-09 16:22:56",1.53,1.008,-0.064,-0.04,"slow","Travelling","water","underwater","",2016-08-09 16:22:56
3,"3.slow",7,"7.Travelling","27011","2016-08-09 16:22:56",1.5,1.004,-0.088,-0.092,"slow","Travelling","water","underwater","",2016-08-09 16:22:56
3,"3.slow",7,"7.Travelling","27012","2016-08-09 16:22:56",1.46,1.008,-0.104,-0.148,"slow","Travelling","water","underwater","",2016-08-09 16:22:56
3,"3.slow",7,"7.Travelling","27013","2016-08-09 16:22:56",1.46,1.008,-0.124,-0.192,"slow","Travelling","water","underwater","",2016-08-09 16:22:56
3,"3.slow",7,"7.Travelling","27014","2016-08-09 16:22:56",1.43,0.972,-0.136,-0.236,"slow","Travelling","water","underwater","",2016-08-09 16:22:56
3,"3.slow",7,"7.Travelling","27015","2016-08-09 16:22:56",1.4,0.96,-0.152,-0.252,"slow","Travelling","water","underwater","",2016-08-09 16:22:56
3,"3.slow",7,"7.Travelling","27016","2016-08-09 16:22:56",1.37,0.952,-0.184,-0.288,"slow","Travelling","water","underwater","",2016-08-09 16:22:56
3,"3.slow",7,"7.Travelling","27017","2016-08-09 16:22:56",1.34,0.924,-0.224,-0.332,"slow","Travelling","water","underwater","",2016-08-09 16:22:56
3,"3.slow",7,"7.Travelling","27018","2016-08-09 16:22:56",1.34,0.908,-0.232,-0.352,"slow","Travelling","water","underwater","",2016-08-09 16:22:56
3,"3.slow",7,"7.Travelling","27019","2016-08-09 16:22:56",1.31,0.904,-0.216,-0.38,"slow","Travelling","water","underwater","",2016-08-09 16:22:56
3,"3.slow",7,"7.Travelling","27020","2016-08-09 16:22:56",1.31,0.896,-0.22,-0.424,"slow","Travelling","water","underwater","",2016-08-09 16:22:56
3,"3.slow",7,"7.Travelling","27021","2016-08-09 16:22:56",1.28,0.892,-0.22,-0.472,"slow","Travelling","water","underwater","",2016-08-09 16:22:56
3,"3.slow",7,"7.Travelling","27022","2016-08-09 16:22:56",1.25,0.856,-0.252,-0.524,"slow","Travelling","water","underwater","",2016-08-09 16:22:56
3,"3.slow",7,"7.Travelling","27023","2016-08-09 16:22:56",1.25,0.84,-0.296,-0.54,"slow","Travelling","water","underwater","",2016-08-09 16:22:56
3,"3.slow",7,"7.Travelling","27024","2016-08-09 16:22:56",1.21,0.82,-0.312,-0.568,"slow","Travelling","water","underwater","",2016-08-09 16:22:56
3,"3.slow",7,"7.Travelling","27025","2016-08-09 16:22:56",1.18,0.824,-0.364,-0.604,"slow","Travelling","water","underwater","",2016-08-09 16:22:56
3,"3.slow",7,"7.Travelling","27026","2016-08-09 16:22:56",1.18,0.804,-0.412,-0.648,"slow","Travelling","water","underwater","",2016-08-09 16:22:56
3,"3.slow",7,"7.Travelling","27027","2016-08-09 16:22:56",1.15,0.796,-0.472,-0.676,"slow","Travelling","water","underwater","",2016-08-09 16:22:56
3,"3.slow",7,"7.Travelling","27028","2016-08-09 16:22:56",1.12,0.772,-0.524,-0.7,"slow","Travelling","water","underwater","",2016-08-09 16:22:56
3,"3.slow",7,"7.Travelling","27029","2016-08-09 16:22:56",1.12,0.696,-0.58,-0.728,"slow","Travelling","water","underwater","",2016-08-09 16:22:56
3,"3.slow",7,"7.Travelling","27030","2016-08-09 16:22:56",1.06,0.624,-0.612,-0.692,"slow","Travelling","water","underwater","",2016-08-09 16:22:56
3,"3.slow",7,"7.Travelling","27031","2016-08-09 16:22:56",1.06,0.58,-0.652,-0.64,"slow","Travelling","water","underwater","",2016-08-09 16:22:56
3,"3.slow",7,"7.Travelling","27032","2016-08-09 16:22:57",1,0.588,-0.652,-0.552,"slow","Travelling","water","surface","",2016-08-09 16:22:57
3,"3.slow",7,"7.Travelling","27033","2016-08-09 16:22:57",1,0.588,-0.644,-0.428,"slow","Travelling","water","surface","",2016-08-09 16:22:57
3,"3.slow",7,"7.Travelling","27034","2016-08-09 16:22:57",0.96,0.624,-0.656,-0.28,"slow","Travelling","water","surface","",2016-08-09 16:22:57
3,"3.slow",7,"7.Travelling","27035","2016-08-09 16:22:57",0.93,0.632,-0.66,-0.176,"slow","Travelling","water","surface","",2016-08-09 16:22:57
3,"3.slow",7,"7.Travelling","27036","2016-08-09 16:22:57",0.9,0.632,-0.692,-0.128,"slow","Travelling","water","surface","",2016-08-09 16:22:57
3,"3.slow",7,"7.Travelling","27037","2016-08-09 16:22:57",0.87,0.612,-0.756,-0.084,"slow","Travelling","water","surface","",2016-08-09 16:22:57
3,"3.slow",7,"7.Travelling","27038","2016-08-09 16:22:57",0.84,0.62,-0.84,-0.016,"slow","Travelling","water","surface","",2016-08-09 16:22:57
3,"3.slow",7,"7.Travelling","27039","2016-08-09 16:22:57",0.84,0.572,-0.84,0.032,"slow","Travelling","water","surface","",2016-08-09 16:22:57
3,"3.slow",7,"7.Travelling","27040","2016-08-09 16:22:57",0.78,0.536,-0.828,0.124,"slow","Travelling","water","surface","",2016-08-09 16:22:57
3,"3.slow",7,"7.Travelling","27041","2016-08-09 16:22:57",0.78,0.464,-0.792,0.16,"slow","Travelling","water","surface","",2016-08-09 16:22:57
3,"3.slow",7,"7.Travelling","27042","2016-08-09 16:22:57",0.75,0.428,-0.76,0.212,"slow","Travelling","water","surface","",2016-08-09 16:22:57
3,"3.slow",7,"7.Travelling","27043","2016-08-09 16:22:57",0.71,0.384,-0.704,0.268,"slow","Travelling","water","surface","",2016-08-09 16:22:57
3,"3.slow",7,"7.Travelling","27044","2016-08-09 16:22:57",0.68,0.372,-0.652,0.336,"slow","Travelling","water","surface","",2016-08-09 16:22:57
3,"3.slow",7,"7.Travelling","27045","2016-08-09 16:22:57",0.68,0.372,-0.62,0.388,"slow","Travelling","water","surface","",2016-08-09 16:22:57
3,"3.slow",7,"7.Travelling","27046","2016-08-09 16:22:57",0.68,0.38,-0.616,0.456,"slow","Travelling","water","surface","",2016-08-09 16:22:57
3,"3.slow",7,"7.Travelling","27047","2016-08-09 16:22:57",0.68,0.372,-0.548,0.528,"slow","Travelling","water","surface","",2016-08-09 16:22:57
3,"3.slow",7,"7.Travelling","27048","2016-08-09 16:22:57",0.65,0.332,-0.36,0.568,"slow","Travelling","water","surface","",2016-08-09 16:22:57
3,"3.slow",7,"7.Travelling","27049","2016-08-09 16:22:57",0.68,0.264,-0.204,0.604,"slow","Travelling","water","surface","",2016-08-09 16:22:57
3,"3.slow",7,"7.Travelling","27050","2016-08-09 16:22:57",0.65,0.192,-0.104,0.64,"slow","Travelling","water","surface","",2016-08-09 16:22:57
3,"3.slow",7,"7.Travelling","27051","2016-08-09 16:22:57",0.68,0.136,-0.088,0.708,"slow","Travelling","water","surface","",2016-08-09 16:22:57
3,"3.slow",7,"7.Travelling","27052","2016-08-09 16:22:57",0.68,0.132,-0.112,0.816,"slow","Travelling","water","surface","",2016-08-09 16:22:57
3,"3.slow",7,"7.Travelling","27053","2016-08-09 16:22:57",0.68,0.108,-0.156,0.876,"slow","Travelling","water","surface","",2016-08-09 16:22:57
3,"3.slow",7,"7.Travelling","27054","2016-08-09 16:22:57",0.65,0.12,-0.16,0.908,"slow","Travelling","water","surface","",2016-08-09 16:22:57
3,"3.slow",7,"7.Travelling","27055","2016-08-09 16:22:57",0.68,0.14,-0.196,0.92,"slow","Travelling","water","surface","",2016-08-09 16:22:57
3,"3.slow",7,"7.Travelling","27056","2016-08-09 16:22:58",0.65,0.212,-0.244,0.892,"slow","Travelling","water","surface","",2016-08-09 16:22:58
3,"3.slow",7,"7.Travelling","27057","2016-08-09 16:22:58",0.68,0.26,-0.28,0.872,"slow","Travelling","water","surface","",2016-08-09 16:22:58
3,"3.slow",7,"7.Travelling","27058","2016-08-09 16:22:58",0.65,0.24,-0.268,0.888,"slow","Travelling","water","surface","",2016-08-09 16:22:58
3,"3.slow",7,"7.Travelling","27059","2016-08-09 16:22:58",0.65,0.228,-0.18,0.92,"slow","Travelling","water","surface","",2016-08-09 16:22:58
3,"3.slow",7,"7.Travelling","27060","2016-08-09 16:22:58",0.68,0.188,-0.128,0.88,"slow","Travelling","water","surface","",2016-08-09 16:22:58
3,"3.slow",7,"7.Travelling","27061","2016-08-09 16:22:58",0.65,0.152,-0.084,0.86,"slow","Travelling","water","surface","",2016-08-09 16:22:58
3,"3.slow",7,"7.Travelling","27062","2016-08-09 16:22:58",0.68,0.152,-0.1,0.892,"slow","Travelling","water","surface","",2016-08-09 16:22:58
3,"3.slow",7,"7.Travelling","27063","2016-08-09 16:22:58",0.65,0.124,-0.096,0.928,"slow","Travelling","water","surface","",2016-08-09 16:22:58
3,"3.slow",7,"7.Travelling","27064","2016-08-09 16:22:58",0.68,0.136,-0.068,0.94,"slow","Travelling","water","surface","",2016-08-09 16:22:58
3,"3.slow",7,"7.Travelling","27065","2016-08-09 16:22:58",0.65,0.212,-0.052,0.928,"slow","Travelling","water","surface","",2016-08-09 16:22:58
3,"3.slow",7,"7.Travelling","27066","2016-08-09 16:22:58",0.65,0.28,-0.1,0.912,"slow","Travelling","water","surface","",2016-08-09 16:22:58
3,"3.slow",7,"7.Travelling","27067","2016-08-09 16:22:58",0.68,0.292,-0.124,0.884,"slow","Travelling","water","surface","",2016-08-09 16:22:58
3,"3.slow",7,"7.Travelling","27068","2016-08-09 16:22:58",0.68,0.332,-0.104,0.908,"slow","Travelling","water","surface","",2016-08-09 16:22:58
3,"3.slow",7,"7.Travelling","27069","2016-08-09 16:22:58",0.71,0.376,-0.052,0.952,"slow","Travelling","water","surface","",2016-08-09 16:22:58
3,"3.slow",7,"7.Travelling","27070","2016-08-09 16:22:58",0.71,0.408,-0.024,0.96,"slow","Travelling","water","surface","",2016-08-09 16:22:58
3,"3.slow",7,"7.Travelling","27071","2016-08-09 16:22:58",0.71,0.392,-0.012,0.924,"slow","Travelling","water","surface","",2016-08-09 16:22:58
3,"3.slow",7,"7.Travelling","27072","2016-08-09 16:22:58",0.68,0.36,-0.008,0.876,"slow","Travelling","water","surface","",2016-08-09 16:22:58
3,"3.slow",7,"7.Travelling","27073","2016-08-09 16:22:58",0.68,0.356,-0.048,0.82,"slow","Travelling","water","surface","",2016-08-09 16:22:58
3,"3.slow",7,"7.Travelling","27074","2016-08-09 16:22:58",0.68,0.368,-0.088,0.812,"slow","Travelling","water","surface","",2016-08-09 16:22:58
3,"3.slow",7,"7.Travelling","27075","2016-08-09 16:22:58",0.68,0.364,-0.152,0.84,"slow","Travelling","water","surface","",2016-08-09 16:22:58
3,"3.slow",7,"7.Travelling","27076","2016-08-09 16:22:58",0.68,0.336,-0.148,0.828,"slow","Travelling","water","surface","",2016-08-09 16:22:58
3,"3.slow",7,"7.Travelling","27077","2016-08-09 16:22:58",0.71,0.336,-0.148,0.852,"slow","Travelling","water","surface","",2016-08-09 16:22:58
3,"3.slow",7,"7.Travelling","27078","2016-08-09 16:22:58",0.68,0.36,-0.156,0.828,"slow","Travelling","water","surface","",2016-08-09 16:22:58
3,"3.slow",7,"7.Travelling","27079","2016-08-09 16:22:58",0.68,0.372,-0.196,0.784,"slow","Travelling","water","surface","",2016-08-09 16:22:58
3,"3.slow",7,"7.Travelling","27080","2016-08-09 16:22:59",0.68,0.392,-0.26,0.804,"slow","Travelling","water","surface","",2016-08-09 16:22:59
3,"3.slow",7,"7.Travelling","27081","2016-08-09 16:22:59",0.71,0.46,-0.432,0.956,"slow","Travelling","water","surface","",2016-08-09 16:22:59
3,"3.slow",7,"7.Travelling","27082","2016-08-09 16:22:59",0.71,0.528,-0.296,1.124,"slow","Travelling","water","surface","",2016-08-09 16:22:59
3,"3.slow",7,"7.Travelling","27083","2016-08-09 16:22:59",0.68,0.4,-0.196,0.836,"slow","Travelling","water","surface","",2016-08-09 16:22:59
3,"3.slow",7,"7.Travelling","27084","2016-08-09 16:22:59",0.68,0.572,-0.244,0.772,"slow","Travelling","water","surface","",2016-08-09 16:22:59
3,"3.slow",7,"7.Travelling","27085","2016-08-09 16:22:59",0.68,0.396,-0.104,0.872,"slow","Travelling","water","surface","",2016-08-09 16:22:59
3,"3.slow",7,"7.Travelling","27086","2016-08-09 16:22:59",0.68,0.484,-0.308,0.744,"slow","Travelling","water","surface","",2016-08-09 16:22:59
3,"3.slow",7,"7.Travelling","27087","2016-08-09 16:22:59",0.65,0.344,-0.38,0.728,"slow","Travelling","water","surface","",2016-08-09 16:22:59
3,"3.slow",7,"7.Travelling","27088","2016-08-09 16:22:59",0.68,0.448,-0.396,0.76,"slow","Travelling","water","surface","",2016-08-09 16:22:59
3,"3.slow",7,"7.Travelling","27089","2016-08-09 16:22:59",0.65,0.468,-0.332,0.808,"slow","Travelling","water","surface","",2016-08-09 16:22:59
3,"3.slow",7,"7.Travelling","27090","2016-08-09 16:22:59",0.65,0.356,-0.296,0.912,"slow","Travelling","water","surface","",2016-08-09 16:22:59
3,"3.slow",7,"7.Travelling","27091","2016-08-09 16:22:59",0.68,0.212,-0.208,0.812,"slow","Travelling","water","surface","",2016-08-09 16:22:59
3,"3.slow",7,"7.Travelling","27092","2016-08-09 16:22:59",0.65,0.108,-0.076,0.856,"slow","Travelling","water","surface","",2016-08-09 16:22:59
3,"3.slow",7,"7.Travelling","27093","2016-08-09 16:22:59",0.68,0.032,0.048,0.996,"slow","Travelling","water","surface","",2016-08-09 16:22:59
3,"3.slow",7,"7.Travelling","27094","2016-08-09 16:22:59",0.65,-0.02,0.084,0.948,"slow","Travelling","water","surface","",2016-08-09 16:22:59
3,"3.slow",7,"7.Travelling","27095","2016-08-09 16:22:59",0.68,-0.092,0.104,0.824,"slow","Travelling","water","surface","",2016-08-09 16:22:59
3,"3.slow",7,"7.Travelling","27096","2016-08-09 16:22:59",0.68,-0.048,0.036,0.82,"slow","Travelling","water","surface","",2016-08-09 16:22:59
3,"3.slow",7,"7.Travelling","27097","2016-08-09 16:22:59",0.68,-0.004,-0.008,0.896,"slow","Travelling","water","surface","",2016-08-09 16:22:59
3,"3.slow",7,"7.Travelling","27098","2016-08-09 16:22:59",0.68,-0.012,-0.116,0.892,"slow","Travelling","water","surface","",2016-08-09 16:22:59
3,"3.slow",7,"7.Travelling","27099","2016-08-09 16:22:59",0.68,-0.016,-0.168,0.892,"slow","Travelling","water","surface","",2016-08-09 16:22:59
3,"3.slow",7,"7.Travelling","27100","2016-08-09 16:22:59",0.65,-0.08,-0.188,0.836,"slow","Travelling","water","surface","",2016-08-09 16:22:59
3,"3.slow",7,"7.Travelling","27101","2016-08-09 16:22:59",0.68,-0.16,-0.192,0.812,"slow","Travelling","water","surface","",2016-08-09 16:22:59
3,"3.slow",7,"7.Travelling","27102","2016-08-09 16:22:59",0.65,-0.232,-0.204,0.804,"slow","Travelling","water","surface","",2016-08-09 16:22:59
3,"3.slow",7,"7.Travelling","27103","2016-08-09 16:22:59",0.68,-0.264,-0.216,0.804,"slow","Travelling","water","surface","",2016-08-09 16:22:59
3,"3.slow",7,"7.Travelling","27104","2016-08-09 16:23:00",0.65,-0.288,-0.22,0.784,"slow","Travelling","water","surface","",2016-08-09 16:23:00
3,"3.slow",7,"7.Travelling","27105","2016-08-09 16:23:00",0.68,-0.292,-0.2,0.788,"slow","Travelling","water","surface","",2016-08-09 16:23:00
3,"3.slow",7,"7.Travelling","27106","2016-08-09 16:23:00",0.68,-0.276,-0.208,0.808,"slow","Travelling","water","surface","",2016-08-09 16:23:00
3,"3.slow",7,"7.Travelling","27107","2016-08-09 16:23:00",0.65,-0.26,-0.224,0.836,"slow","Travelling","water","surface","",2016-08-09 16:23:00
3,"3.slow",7,"7.Travelling","27108","2016-08-09 16:23:00",0.65,-0.28,-0.252,0.808,"slow","Travelling","water","surface","",2016-08-09 16:23:00
3,"3.slow",7,"7.Travelling","27109","2016-08-09 16:23:00",0.65,-0.288,-0.276,0.76,"slow","Travelling","water","surface","",2016-08-09 16:23:00
3,"3.slow",7,"7.Travelling","27110","2016-08-09 16:23:00",0.68,-0.252,-0.304,0.832,"slow","Travelling","water","surface","",2016-08-09 16:23:00
3,"3.slow",7,"7.Travelling","27111","2016-08-09 16:23:00",0.65,-0.24,-0.324,0.852,"slow","Travelling","water","surface","",2016-08-09 16:23:00
3,"3.slow",7,"7.Travelling","27112","2016-08-09 16:23:00",0.65,-0.244,-0.376,0.836,"slow","Travelling","water","surface","",2016-08-09 16:23:00
3,"3.slow",7,"7.Travelling","27113","2016-08-09 16:23:00",0.65,-0.228,-0.416,0.844,"slow","Travelling","water","surface","",2016-08-09 16:23:00
3,"3.slow",7,"7.Travelling","27114","2016-08-09 16:23:00",0.68,-0.236,-0.432,0.868,"slow","Travelling","water","surface","",2016-08-09 16:23:00
3,"3.slow",7,"7.Travelling","27115","2016-08-09 16:23:00",0.68,-0.24,-0.428,0.856,"slow","Travelling","water","surface","",2016-08-09 16:23:00
3,"3.slow",7,"7.Travelling","27116","2016-08-09 16:23:00",0.68,-0.236,-0.396,0.844,"slow","Travelling","water","surface","",2016-08-09 16:23:00
3,"3.slow",7,"7.Travelling","27117","2016-08-09 16:23:00",0.68,-0.196,-0.336,0.856,"slow","Travelling","water","surface","",2016-08-09 16:23:00
3,"3.slow",7,"7.Travelling","27118","2016-08-09 16:23:00",0.71,-0.164,-0.288,0.876,"slow","Travelling","water","surface","",2016-08-09 16:23:00
3,"3.slow",7,"7.Travelling","27119","2016-08-09 16:23:00",0.71,-0.128,-0.272,0.888,"slow","Travelling","water","surface","",2016-08-09 16:23:00
3,"3.slow",7,"7.Travelling","27120","2016-08-09 16:23:00",0.71,-0.128,-0.236,0.896,"slow","Travelling","water","surface","",2016-08-09 16:23:00
3,"3.slow",7,"7.Travelling","27121","2016-08-09 16:23:00",0.71,-0.164,-0.24,0.884,"slow","Travelling","water","surface","",2016-08-09 16:23:00
3,"3.slow",7,"7.Travelling","27122","2016-08-09 16:23:00",0.71,-0.188,-0.256,0.892,"slow","Travelling","water","surface","",2016-08-09 16:23:00
3,"3.slow",7,"7.Travelling","27123","2016-08-09 16:23:00",0.71,-0.148,-0.256,0.96,"slow","Travelling","water","surface","",2016-08-09 16:23:00
3,"3.slow",7,"7.Travelling","27124","2016-08-09 16:23:00",0.75,-0.084,-0.344,0.988,"slow","Travelling","water","surface","",2016-08-09 16:23:00
3,"3.slow",7,"7.Travelling","27125","2016-08-09 16:23:00",0.75,-0.04,-0.336,1,"slow","Travelling","water","surface","",2016-08-09 16:23:00
3,"3.slow",7,"7.Travelling","27126","2016-08-09 16:23:00",0.75,-0.008,-0.292,0.98,"slow","Travelling","water","surface","",2016-08-09 16:23:00
3,"3.slow",7,"7.Travelling","27127","2016-08-09 16:23:01",0.71,-0.036,-0.256,0.908,"slow","Travelling","water","surface","",2016-08-09 16:23:01
3,"3.slow",7,"7.Travelling","27128","2016-08-09 16:23:01",0.71,-0.068,-0.212,0.884,"slow","Travelling","water","surface","",2016-08-09 16:23:01
3,"3.slow",7,"7.Travelling","27129","2016-08-09 16:23:01",0.71,-0.076,-0.136,0.852,"slow","Travelling","water","surface","",2016-08-09 16:23:01
3,"3.slow",7,"7.Travelling","27130","2016-08-09 16:23:01",0.71,-0.108,-0.112,0.816,"slow","Travelling","water","surface","",2016-08-09 16:23:01
3,"3.slow",7,"7.Travelling","27131","2016-08-09 16:23:01",0.71,-0.16,-0.152,0.836,"slow","Travelling","water","surface","",2016-08-09 16:23:01
3,"3.slow",7,"7.Travelling","27132","2016-08-09 16:23:01",0.71,-0.168,-0.148,0.86,"slow","Travelling","water","surface","",2016-08-09 16:23:01
3,"3.slow",7,"7.Travelling","27133","2016-08-09 16:23:01",0.71,-0.1,-0.16,0.912,"slow","Travelling","water","surface","",2016-08-09 16:23:01
3,"3.slow",7,"7.Travelling","27134","2016-08-09 16:23:01",0.75,-0.044,-0.204,0.892,"slow","Travelling","water","surface","",2016-08-09 16:23:01
3,"3.slow",7,"7.Travelling","27135","2016-08-09 16:23:01",0.75,-0.012,-0.236,0.876,"slow","Travelling","water","surface","",2016-08-09 16:23:01
3,"3.slow",7,"7.Travelling","27136","2016-08-09 16:23:01",0.75,0.024,-0.264,0.868,"slow","Travelling","water","surface","",2016-08-09 16:23:01
3,"3.slow",7,"7.Travelling","27137","2016-08-09 16:23:01",0.75,0.056,-0.316,0.88,"slow","Travelling","water","surface","",2016-08-09 16:23:01
3,"3.slow",7,"7.Travelling","27138","2016-08-09 16:23:01",0.78,0.096,-0.372,0.916,"slow","Travelling","water","surface","",2016-08-09 16:23:01
3,"3.slow",7,"7.Travelling","27139","2016-08-09 16:23:01",0.78,0.128,-0.452,0.956,"slow","Travelling","water","surface","",2016-08-09 16:23:01
3,"3.slow",7,"7.Travelling","27140","2016-08-09 16:23:01",0.75,0.12,-0.48,0.972,"slow","Travelling","water","surface","",2016-08-09 16:23:01
3,"3.slow",7,"7.Travelling","27141","2016-08-09 16:23:01",0.78,0.128,-0.46,0.964,"slow","Travelling","water","surface","",2016-08-09 16:23:01
3,"3.slow",7,"7.Travelling","27142","2016-08-09 16:23:01",0.75,0.196,-0.416,0.968,"slow","Travelling","water","surface","",2016-08-09 16:23:01
3,"3.slow",7,"7.Travelling","27143","2016-08-09 16:23:01",0.75,0.264,-0.356,0.936,"slow","Travelling","water","surface","",2016-08-09 16:23:01
3,"3.slow",7,"7.Travelling","27144","2016-08-09 16:23:01",0.71,0.336,-0.296,0.892,"slow","Travelling","water","surface","",2016-08-09 16:23:01
3,"3.slow",7,"7.Travelling","27145","2016-08-09 16:23:01",0.71,0.384,-0.244,0.832,"slow","Travelling","water","surface","",2016-08-09 16:23:01
3,"3.slow",7,"7.Travelling","27146","2016-08-09 16:23:01",0.68,0.396,-0.192,0.8,"slow","Travelling","water","surface","",2016-08-09 16:23:01
3,"3.slow",7,"7.Travelling","27147","2016-08-09 16:23:01",0.68,0.356,-0.172,0.8,"slow","Travelling","water","surface","",2016-08-09 16:23:01
3,"3.slow",7,"7.Travelling","27148","2016-08-09 16:23:01",0.68,0.356,-0.156,0.82,"slow","Travelling","water","surface","",2016-08-09 16:23:01
3,"3.slow",7,"7.Travelling","27149","2016-08-09 16:23:01",0.68,0.352,-0.156,0.824,"slow","Travelling","water","surface","",2016-08-09 16:23:01
3,"3.slow",7,"7.Travelling","27150","2016-08-09 16:23:01",0.68,0.332,-0.148,0.828,"slow","Travelling","water","surface","",2016-08-09 16:23:01
3,"3.slow",7,"7.Travelling","27151","2016-08-09 16:23:02",0.65,0.304,-0.108,0.836,"slow","Travelling","water","surface","",2016-08-09 16:23:02
3,"3.slow",7,"7.Travelling","27152","2016-08-09 16:23:02",0.65,0.308,-0.072,0.872,"slow","Travelling","water","surface","",2016-08-09 16:23:02
3,"3.slow",7,"7.Travelling","27153","2016-08-09 16:23:02",0.65,0.316,-0.032,0.852,"slow","Travelling","water","surface","",2016-08-09 16:23:02
3,"3.slow",7,"7.Travelling","27154","2016-08-09 16:23:02",0.68,0.296,0,0.868,"slow","Travelling","water","surface","",2016-08-09 16:23:02
3,"3.slow",7,"7.Travelling","27155","2016-08-09 16:23:02",0.65,0.296,-0.004,0.908,"slow","Travelling","water","surface","",2016-08-09 16:23:02
3,"3.slow",7,"7.Travelling","27156","2016-08-09 16:23:02",0.68,0.304,-0.02,0.88,"slow","Travelling","water","surface","",2016-08-09 16:23:02
3,"3.slow",7,"7.Travelling","27157","2016-08-09 16:23:02",0.65,0.304,-0.02,0.848,"slow","Travelling","water","surface","",2016-08-09 16:23:02
3,"3.slow",7,"7.Travelling","27158","2016-08-09 16:23:02",0.65,0.34,-0.04,0.836,"slow","Travelling","water","surface","",2016-08-09 16:23:02
3,"3.slow",7,"7.Travelling","27159","2016-08-09 16:23:02",0.65,0.368,-0.064,0.852,"slow","Travelling","water","surface","",2016-08-09 16:23:02
3,"3.slow",7,"7.Travelling","27160","2016-08-09 16:23:02",0.65,0.36,-0.068,0.864,"slow","Travelling","water","surface","",2016-08-09 16:23:02
3,"3.slow",7,"7.Travelling","27161","2016-08-09 16:23:02",0.68,0.364,-0.06,0.868,"slow","Travelling","water","surface","",2016-08-09 16:23:02
3,"3.slow",7,"7.Travelling","27162","2016-08-09 16:23:02",0.65,0.392,-0.064,0.868,"slow","Travelling","water","surface","",2016-08-09 16:23:02
3,"3.slow",7,"7.Travelling","27163","2016-08-09 16:23:02",0.65,0.384,-0.06,0.856,"slow","Travelling","water","surface","",2016-08-09 16:23:02
3,"3.slow",7,"7.Travelling","27164","2016-08-09 16:23:02",0.65,0.396,-0.072,0.832,"slow","Travelling","water","surface","",2016-08-09 16:23:02
3,"3.slow",7,"7.Travelling","27165","2016-08-09 16:23:02",0.65,0.396,-0.092,0.82,"slow","Travelling","water","surface","",2016-08-09 16:23:02
3,"3.slow",7,"7.Travelling","27166","2016-08-09 16:23:02",0.65,0.388,-0.104,0.812,"slow","Travelling","water","surface","",2016-08-09 16:23:02
3,"3.slow",7,"7.Travelling","27167","2016-08-09 16:23:02",0.65,0.328,-0.092,0.844,"slow","Travelling","water","surface","",2016-08-09 16:23:02
3,"3.slow",7,"7.Travelling","27168","2016-08-09 16:23:02",0.65,0.284,-0.06,0.864,"slow","Travelling","water","surface","",2016-08-09 16:23:02
3,"3.slow",7,"7.Travelling","27169","2016-08-09 16:23:02",0.65,0.264,-0.028,0.908,"slow","Travelling","water","surface","",2016-08-09 16:23:02
3,"3.slow",7,"7.Travelling","27170","2016-08-09 16:23:02",0.65,0.244,0.04,0.92,"slow","Travelling","water","surface","",2016-08-09 16:23:02
3,"3.slow",7,"7.Travelling","27171","2016-08-09 16:23:02",0.65,0.22,0.12,0.92,"slow","Travelling","water","surface","",2016-08-09 16:23:02
3,"3.slow",7,"7.Travelling","27172","2016-08-09 16:23:02",0.65,0.164,0.084,0.856,"slow","Travelling","water","surface","",2016-08-09 16:23:02
3,"3.slow",7,"7.Travelling","27173","2016-08-09 16:23:02",0.65,0.128,-0.064,0.82,"slow","Travelling","water","surface","",2016-08-09 16:23:02
3,"3.slow",7,"7.Travelling","27174","2016-08-09 16:23:02",0.65,0.16,-0.268,0.784,"slow","Travelling","water","surface","",2016-08-09 16:23:02
3,"3.slow",7,"7.Travelling","27175","2016-08-09 16:23:03",0.65,0.2,-0.384,0.768,"slow","Travelling","water","surface","",2016-08-09 16:23:03
3,"3.slow",7,"7.Travelling","27176","2016-08-09 16:23:03",0.68,0.216,-0.46,0.756,"slow","Travelling","water","surface","",2016-08-09 16:23:03
3,"3.slow",7,"7.Travelling","27177","2016-08-09 16:23:03",0.68,0.228,-0.5,0.748,"slow","Travelling","water","surface","",2016-08-09 16:23:03
3,"3.slow",7,"7.Travelling","27178","2016-08-09 16:23:03",0.68,0.248,-0.536,0.78,"slow","Travelling","water","surface","",2016-08-09 16:23:03
3,"3.slow",7,"7.Travelling","27179","2016-08-09 16:23:03",0.68,0.252,-0.556,0.804,"slow","Travelling","water","surface","",2016-08-09 16:23:03
3,"3.slow",7,"7.Travelling","27180","2016-08-09 16:23:03",0.68,0.224,-0.572,0.832,"slow","Travelling","water","surface","",2016-08-09 16:23:03
3,"3.slow",7,"7.Travelling","27181","2016-08-09 16:23:03",0.68,0.204,-0.612,0.856,"slow","Travelling","water","surface","",2016-08-09 16:23:03
3,"3.slow",7,"7.Travelling","27182","2016-08-09 16:23:03",0.68,0.164,-0.612,0.848,"slow","Travelling","water","surface","",2016-08-09 16:23:03
3,"3.slow",7,"7.Travelling","27183","2016-08-09 16:23:03",0.68,0.152,-0.56,0.844,"slow","Travelling","water","surface","",2016-08-09 16:23:03
3,"3.slow",7,"7.Travelling","27184","2016-08-09 16:23:03",0.68,0.156,-0.464,0.848,"slow","Travelling","water","surface","",2016-08-09 16:23:03
3,"3.slow",7,"7.Travelling","27185","2016-08-09 16:23:03",0.68,0.168,-0.356,0.856,"slow","Travelling","water","surface","",2016-08-09 16:23:03
3,"3.slow",7,"7.Travelling","27186","2016-08-09 16:23:03",0.68,0.172,-0.268,0.852,"slow","Travelling","water","surface","",2016-08-09 16:23:03
3,"3.slow",7,"7.Travelling","27187","2016-08-09 16:23:03",0.68,0.16,-0.2,0.856,"slow","Travelling","water","surface","",2016-08-09 16:23:03
3,"3.slow",7,"7.Travelling","27188","2016-08-09 16:23:03",0.68,0.168,-0.164,0.88,"slow","Travelling","water","surface","",2016-08-09 16:23:03
3,"3.slow",7,"7.Travelling","27189","2016-08-09 16:23:03",0.68,0.168,-0.164,0.876,"slow","Travelling","water","surface","",2016-08-09 16:23:03
3,"3.slow",7,"7.Travelling","27190","2016-08-09 16:23:03",0.68,0.168,-0.18,0.872,"slow","Travelling","water","surface","",2016-08-09 16:23:03
3,"3.slow",7,"7.Travelling","27191","2016-08-09 16:23:03",0.68,0.156,-0.212,0.888,"slow","Travelling","water","surface","",2016-08-09 16:23:03
3,"3.slow",7,"7.Travelling","27192","2016-08-09 16:23:03",0.68,0.156,-0.228,0.884,"slow","Travelling","water","surface","",2016-08-09 16:23:03
3,"3.slow",7,"7.Travelling","27193","2016-08-09 16:23:03",0.68,0.152,-0.22,0.888,"slow","Travelling","water","surface","",2016-08-09 16:23:03
3,"3.slow",7,"7.Travelling","27194","2016-08-09 16:23:03",0.68,0.16,-0.208,0.88,"slow","Travelling","water","surface","",2016-08-09 16:23:03
3,"3.slow",7,"7.Travelling","27195","2016-08-09 16:23:03",0.68,0.156,-0.172,0.88,"slow","Travelling","water","surface","",2016-08-09 16:23:03
3,"3.slow",7,"7.Travelling","27196","2016-08-09 16:23:03",0.65,0.16,-0.152,0.892,"slow","Travelling","water","surface","",2016-08-09 16:23:03
3,"3.slow",7,"7.Travelling","27197","2016-08-09 16:23:03",0.68,0.152,-0.136,0.892,"slow","Travelling","water","surface","",2016-08-09 16:23:03
3,"3.slow",7,"7.Travelling","27198","2016-08-09 16:23:03",0.68,0.164,-0.12,0.9,"slow","Travelling","water","surface","",2016-08-09 16:23:03
3,"3.slow",7,"7.Travelling","27199","2016-08-09 16:23:04",0.68,0.184,-0.104,0.9,"slow","Travelling","water","surface","",2016-08-09 16:23:04
3,"3.slow",7,"7.Travelling","27200","2016-08-09 16:23:04",0.68,0.208,-0.068,0.892,"slow","Travelling","water","surface","",2016-08-09 16:23:04
3,"3.slow",7,"7.Travelling","27201","2016-08-09 16:23:04",0.68,0.224,-0.052,0.896,"slow","Travelling","water","surface","",2016-08-09 16:23:04
3,"3.slow",7,"7.Travelling","27202","2016-08-09 16:23:04",0.65,0.236,-0.06,0.896,"slow","Travelling","water","surface","",2016-08-09 16:23:04
3,"3.slow",7,"7.Travelling","27203","2016-08-09 16:23:04",0.65,0.252,-0.08,0.888,"slow","Travelling","water","surface","",2016-08-09 16:23:04
3,"3.slow",7,"7.Travelling","27204","2016-08-09 16:23:04",0.65,0.272,-0.1,0.884,"slow","Travelling","water","surface","",2016-08-09 16:23:04
3,"3.slow",7,"7.Travelling","27205","2016-08-09 16:23:04",0.68,0.292,-0.12,0.888,"slow","Travelling","water","surface","",2016-08-09 16:23:04
3,"3.slow",7,"7.Travelling","27206","2016-08-09 16:23:04",0.68,0.292,-0.132,0.884,"slow","Travelling","water","surface","",2016-08-09 16:23:04
3,"3.slow",7,"7.Travelling","27207","2016-08-09 16:23:04",0.68,0.288,-0.144,0.9,"slow","Travelling","water","surface","",2016-08-09 16:23:04
3,"3.slow",7,"7.Travelling","27208","2016-08-09 16:23:04",0.68,0.288,-0.16,0.912,"slow","Travelling","water","surface","",2016-08-09 16:23:04
3,"3.slow",7,"7.Travelling","27209","2016-08-09 16:23:04",0.68,0.268,-0.172,0.908,"slow","Travelling","water","surface","",2016-08-09 16:23:04
3,"3.slow",7,"7.Travelling","27210","2016-08-09 16:23:04",0.68,0.276,-0.176,0.896,"slow","Travelling","water","surface","",2016-08-09 16:23:04
3,"3.slow",7,"7.Travelling","27211","2016-08-09 16:23:04",0.68,0.284,-0.18,0.896,"slow","Travelling","water","surface","",2016-08-09 16:23:04
3,"3.slow",7,"7.Travelling","27212","2016-08-09 16:23:04",0.71,0.284,-0.196,0.88,"slow","Travelling","water","surface","",2016-08-09 16:23:04
3,"3.slow",7,"7.Travelling","27213","2016-08-09 16:23:04",0.68,0.3,-0.184,0.876,"slow","Travelling","water","surface","",2016-08-09 16:23:04
3,"3.slow",7,"7.Travelling","27214","2016-08-09 16:23:04",0.68,0.312,-0.188,0.888,"slow","Travelling","water","surface","",2016-08-09 16:23:04
3,"3.slow",7,"7.Travelling","27215","2016-08-09 16:23:04",0.68,0.324,-0.192,0.908,"slow","Travelling","water","surface","",2016-08-09 16:23:04
3,"3.slow",7,"7.Travelling","27216","2016-08-09 16:23:04",0.68,0.304,-0.212,0.892,"slow","Travelling","water","surface","",2016-08-09 16:23:04
3,"3.slow",7,"7.Travelling","27217","2016-08-09 16:23:04",0.68,0.284,-0.24,0.888,"slow","Travelling","water","surface","",2016-08-09 16:23:04
3,"3.slow",7,"7.Travelling","27218","2016-08-09 16:23:04",0.68,0.272,-0.236,0.88,"slow","Travelling","water","surface","",2016-08-09 16:23:04
3,"3.slow",7,"7.Travelling","27219","2016-08-09 16:23:04",0.68,0.276,-0.196,0.84,"slow","Travelling","water","surface","",2016-08-09 16:23:04
3,"3.slow",7,"7.Travelling","27220","2016-08-09 16:23:04",0.65,0.3,-0.164,0.836,"slow","Travelling","water","surface","",2016-08-09 16:23:04
3,"3.slow",7,"7.Travelling","27221","2016-08-09 16:23:04",0.68,0.304,-0.14,0.82,"slow","Travelling","water","surface","",2016-08-09 16:23:04
3,"3.slow",7,"7.Travelling","27222","2016-08-09 16:23:04",0.65,0.308,-0.096,0.788,"slow","Travelling","water","surface","",2016-08-09 16:23:04
3,"3.slow",7,"7.Travelling","27223","2016-08-09 16:23:05",0.65,0.316,-0.08,0.796,"slow","Travelling","water","surface","",2016-08-09 16:23:05
3,"3.slow",7,"7.Travelling","27224","2016-08-09 16:23:05",0.68,0.328,-0.068,0.812,"slow","Travelling","water","surface","",2016-08-09 16:23:05
3,"3.slow",7,"7.Travelling","27225","2016-08-09 16:23:05",0.68,0.348,-0.048,0.836,"slow","Travelling","water","surface","",2016-08-09 16:23:05
3,"3.slow",7,"7.Travelling","27226","2016-08-09 16:23:05",0.68,0.388,-0.04,0.852,"slow","Travelling","water","surface","",2016-08-09 16:23:05
3,"3.slow",7,"7.Travelling","27227","2016-08-09 16:23:05",0.68,0.416,0.028,0.896,"slow","Travelling","water","surface","",2016-08-09 16:23:05
3,"3.slow",7,"7.Travelling","27228","2016-08-09 16:23:05",0.68,0.36,0.036,0.888,"slow","Travelling","water","surface","",2016-08-09 16:23:05
3,"3.slow",7,"7.Travelling","27229","2016-08-09 16:23:05",0.68,0.272,0.016,0.952,"slow","Travelling","water","surface","",2016-08-09 16:23:05
3,"3.slow",7,"7.Travelling","27230","2016-08-09 16:23:05",0.68,0.28,0.092,0.976,"slow","Travelling","water","surface","",2016-08-09 16:23:05
3,"3.slow",7,"7.Travelling","27231","2016-08-09 16:23:05",0.68,0.348,0.132,0.94,"slow","Travelling","water","surface","",2016-08-09 16:23:05
3,"3.slow",7,"7.Travelling","27232","2016-08-09 16:23:05",0.68,0.404,0.204,0.892,"slow","Travelling","water","surface","",2016-08-09 16:23:05
3,"3.slow",7,"7.Travelling","27233","2016-08-09 16:23:05",0.68,0.5,0.256,0.84,"slow","Travelling","water","surface","",2016-08-09 16:23:05
3,"3.slow",7,"7.Travelling","27234","2016-08-09 16:23:05",0.65,0.592,0.18,0.788,"slow","Travelling","water","surface","",2016-08-09 16:23:05
3,"3.slow",7,"7.Travelling","27235","2016-08-09 16:23:05",0.68,0.668,0.092,0.748,"slow","Travelling","water","surface","",2016-08-09 16:23:05
3,"3.slow",7,"7.Travelling","27236","2016-08-09 16:23:05",0.65,0.684,-0.036,0.764,"slow","Travelling","water","surface","",2016-08-09 16:23:05
3,"3.slow",7,"7.Travelling","27237","2016-08-09 16:23:05",0.65,0.552,-0.104,0.764,"slow","Travelling","water","surface","",2016-08-09 16:23:05
3,"3.slow",7,"7.Travelling","27238","2016-08-09 16:23:05",0.65,0.384,-0.12,0.768,"slow","Travelling","water","surface","",2016-08-09 16:23:05
3,"3.slow",7,"7.Travelling","27239","2016-08-09 16:23:05",0.65,0.272,-0.12,0.796,"slow","Travelling","water","surface","",2016-08-09 16:23:05
3,"3.slow",7,"7.Travelling","27240","2016-08-09 16:23:05",0.68,0.212,-0.108,0.812,"slow","Travelling","water","surface","",2016-08-09 16:23:05
3,"3.slow",7,"7.Travelling","27241","2016-08-09 16:23:05",0.68,0.196,-0.124,0.84,"slow","Travelling","water","surface","",2016-08-09 16:23:05
3,"3.slow",7,"7.Travelling","27242","2016-08-09 16:23:05",0.65,0.24,-0.128,0.864,"slow","Travelling","water","surface","",2016-08-09 16:23:05
3,"3.slow",7,"7.Travelling","27243","2016-08-09 16:23:05",0.65,0.276,-0.148,0.872,"slow","Travelling","water","surface","",2016-08-09 16:23:05
3,"3.slow",7,"7.Travelling","27244","2016-08-09 16:23:05",0.65,0.288,-0.176,0.888,"slow","Travelling","water","surface","",2016-08-09 16:23:05
3,"3.slow",7,"7.Travelling","27245","2016-08-09 16:23:05",0.65,0.272,-0.192,0.868,"slow","Travelling","water","surface","",2016-08-09 16:23:05
3,"3.slow",7,"7.Travelling","27246","2016-08-09 16:23:05",0.65,0.272,-0.184,0.864,"slow","Travelling","water","surface","",2016-08-09 16:23:05
3,"3.slow",7,"7.Travelling","27247","2016-08-09 16:23:06",0.65,0.28,-0.172,0.88,"slow","Travelling","water","surface","",2016-08-09 16:23:06
3,"3.slow",7,"7.Travelling","27248","2016-08-09 16:23:06",0.65,0.272,-0.176,0.876,"slow","Travelling","water","surface","",2016-08-09 16:23:06
3,"3.slow",7,"7.Travelling","27249","2016-08-09 16:23:06",0.65,0.252,-0.168,0.884,"slow","Travelling","water","surface","",2016-08-09 16:23:06
3,"3.slow",7,"7.Travelling","27250","2016-08-09 16:23:06",0.65,0.244,-0.12,0.86,"slow","Travelling","water","surface","",2016-08-09 16:23:06
3,"3.slow",7,"7.Travelling","27251","2016-08-09 16:23:06",0.65,0.228,-0.068,0.872,"slow","Travelling","water","surface","",2016-08-09 16:23:06
3,"3.slow",7,"7.Travelling","27252","2016-08-09 16:23:06",0.65,0.18,-0.048,0.868,"slow","Travelling","water","surface","",2016-08-09 16:23:06
3,"3.slow",7,"7.Travelling","27253","2016-08-09 16:23:06",0.65,0.18,-0.016,0.892,"slow","Travelling","water","surface","",2016-08-09 16:23:06
3,"3.slow",7,"7.Travelling","27254","2016-08-09 16:23:06",0.65,0.184,-0.004,0.916,"slow","Travelling","water","surface","",2016-08-09 16:23:06
3,"3.slow",7,"7.Travelling","27255","2016-08-09 16:23:06",0.65,0.16,0.02,0.932,"slow","Travelling","water","surface","",2016-08-09 16:23:06
3,"3.slow",7,"7.Travelling","27256","2016-08-09 16:23:06",0.65,0.124,0.048,0.952,"slow","Travelling","water","surface","",2016-08-09 16:23:06
3,"3.slow",7,"7.Travelling","27257","2016-08-09 16:23:06",0.65,0.116,0.024,0.924,"slow","Travelling","water","surface","",2016-08-09 16:23:06
3,"3.slow",7,"7.Travelling","27258","2016-08-09 16:23:06",0.65,0.12,0.06,0.976,"slow","Travelling","water","surface","",2016-08-09 16:23:06
3,"3.slow",7,"7.Travelling","27259","2016-08-09 16:23:06",0.65,0.128,0.088,0.988,"slow","Travelling","water","surface","",2016-08-09 16:23:06
3,"3.slow",7,"7.Travelling","27260","2016-08-09 16:23:06",0.65,0.088,0.048,0.924,"slow","Travelling","water","surface","",2016-08-09 16:23:06
3,"3.slow",7,"7.Travelling","27261","2016-08-09 16:23:06",0.65,-0.052,0.156,0.892,"slow","Travelling","water","surface","",2016-08-09 16:23:06
3,"3.slow",7,"7.Travelling","27262","2016-08-09 16:23:06",0.65,0.076,0.084,1.044,"slow","Travelling","water","surface","",2016-08-09 16:23:06
3,"3.slow",7,"7.Travelling","27263","2016-08-09 16:23:06",0.65,0.216,0.18,1.004,"slow","Travelling","water","surface","",2016-08-09 16:23:06
3,"3.slow",7,"7.Travelling","27264","2016-08-09 16:23:06",0.65,0.304,0.272,0.956,"slow","Travelling","water","surface","",2016-08-09 16:23:06
3,"3.slow",7,"7.Travelling","27265","2016-08-09 16:23:06",0.65,0.312,0.172,0.892,"slow","Travelling","water","surface","",2016-08-09 16:23:06
3,"3.slow",7,"7.Travelling","27266","2016-08-09 16:23:06",0.65,0.188,-0.052,0.932,"slow","Travelling","water","surface","",2016-08-09 16:23:06
3,"3.slow",7,"7.Travelling","27267","2016-08-09 16:23:06",0.65,0.1,-0.212,0.944,"slow","Travelling","water","surface","",2016-08-09 16:23:06
3,"3.slow",7,"7.Travelling","27268","2016-08-09 16:23:06",0.68,0.1,-0.252,0.916,"slow","Travelling","water","surface","",2016-08-09 16:23:06
3,"3.slow",7,"7.Travelling","27269","2016-08-09 16:23:06",0.68,0.184,-0.196,0.916,"slow","Travelling","water","surface","",2016-08-09 16:23:06
3,"3.slow",7,"7.Travelling","27270","2016-08-09 16:23:07",0.65,0.128,-0.256,0.9,"slow","Travelling","water","surface","",2016-08-09 16:23:07
3,"3.slow",7,"7.Travelling","27271","2016-08-09 16:23:07",0.68,-0.048,-0.268,0.872,"slow","Travelling","water","surface","",2016-08-09 16:23:07
3,"3.slow",7,"7.Travelling","27272","2016-08-09 16:23:07",0.68,-0.136,-0.144,1.04,"slow","Travelling","water","surface","",2016-08-09 16:23:07
3,"3.slow",7,"7.Travelling","27273","2016-08-09 16:23:07",0.65,-0.188,-0.144,0.928,"slow","Travelling","water","surface","",2016-08-09 16:23:07
3,"3.slow",7,"7.Travelling","27274","2016-08-09 16:23:07",0.65,-0.164,-0.076,0.9,"slow","Travelling","water","surface","",2016-08-09 16:23:07
3,"3.slow",7,"7.Travelling","27275","2016-08-09 16:23:07",0.65,-0.164,-0.036,0.864,"slow","Travelling","water","surface","",2016-08-09 16:23:07
3,"3.slow",7,"7.Travelling","27276","2016-08-09 16:23:07",0.65,-0.212,-0.056,0.736,"slow","Travelling","water","surface","",2016-08-09 16:23:07
3,"3.slow",7,"7.Travelling","27277","2016-08-09 16:23:07",0.65,-0.256,-0.024,0.716,"slow","Travelling","water","surface","",2016-08-09 16:23:07
3,"3.slow",7,"7.Travelling","27278","2016-08-09 16:23:07",0.65,-0.244,0.092,0.688,"slow","Travelling","water","surface","",2016-08-09 16:23:07
3,"3.slow",7,"7.Travelling","27279","2016-08-09 16:23:07",0.68,-0.24,0.204,0.748,"slow","Travelling","water","surface","",2016-08-09 16:23:07
3,"3.slow",7,"7.Travelling","27280","2016-08-09 16:23:07",0.68,-0.288,0.316,0.724,"slow","Travelling","water","surface","",2016-08-09 16:23:07
3,"3.slow",7,"7.Travelling","27281","2016-08-09 16:23:07",0.68,-0.432,0.576,0.656,"slow","Travelling","water","surface","",2016-08-09 16:23:07
3,"3.slow",7,"7.Travelling","27282","2016-08-09 16:23:07",0.68,-0.412,0.544,0.688,"slow","Travelling","water","surface","",2016-08-09 16:23:07
3,"3.slow",7,"7.Travelling","27283","2016-08-09 16:23:07",0.71,-0.428,0.516,0.636,"slow","Travelling","water","surface","",2016-08-09 16:23:07
3,"3.slow",7,"7.Travelling","27284","2016-08-09 16:23:07",0.75,-0.456,0.612,0.628,"slow","Travelling","water","surface","",2016-08-09 16:23:07
3,"3.slow",7,"7.Travelling","27285","2016-08-09 16:23:07",0.71,-0.512,0.6,0.548,"slow","Travelling","water","surface","",2016-08-09 16:23:07
3,"3.slow",7,"7.Travelling","27286","2016-08-09 16:23:07",0.75,-0.512,0.576,0.576,"slow","Travelling","water","surface","",2016-08-09 16:23:07
3,"3.slow",7,"7.Travelling","27287","2016-08-09 16:23:07",0.78,-0.52,0.572,0.608,"slow","Travelling","water","surface","",2016-08-09 16:23:07
3,"3.slow",7,"7.Travelling","27288","2016-08-09 16:23:07",0.78,-0.552,0.56,0.612,"slow","Travelling","water","surface","",2016-08-09 16:23:07
3,"3.slow",7,"7.Travelling","27289","2016-08-09 16:23:07",0.78,-0.624,0.544,0.596,"slow","Travelling","water","surface","",2016-08-09 16:23:07
3,"3.slow",7,"7.Travelling","27290","2016-08-09 16:23:07",0.78,-0.64,0.524,0.604,"slow","Travelling","water","surface","",2016-08-09 16:23:07
3,"3.slow",7,"7.Travelling","27291","2016-08-09 16:23:07",0.81,-0.656,0.54,0.604,"slow","Travelling","water","surface","",2016-08-09 16:23:07
3,"3.slow",7,"7.Travelling","27292","2016-08-09 16:23:07",0.81,-0.616,0.548,0.656,"slow","Travelling","water","surface","",2016-08-09 16:23:07
3,"3.slow",7,"7.Travelling","27293","2016-08-09 16:23:07",0.81,-0.552,0.54,0.704,"slow","Travelling","water","surface","",2016-08-09 16:23:07
3,"3.slow",7,"7.Travelling","27294","2016-08-09 16:23:08",0.81,-0.5,0.516,0.744,"slow","Travelling","water","surface","",2016-08-09 16:23:08
3,"3.slow",7,"7.Travelling","27295","2016-08-09 16:23:08",0.81,-0.484,0.504,0.716,"slow","Travelling","water","surface","",2016-08-09 16:23:08
3,"3.slow",7,"7.Travelling","27296","2016-08-09 16:23:08",0.84,-0.456,0.496,0.7,"slow","Travelling","water","surface","",2016-08-09 16:23:08
3,"3.slow",7,"7.Travelling","27297","2016-08-09 16:23:08",0.84,-0.456,0.508,0.708,"slow","Travelling","water","surface","",2016-08-09 16:23:08
3,"3.slow",7,"7.Travelling","27298","2016-08-09 16:23:08",0.87,-0.464,0.492,0.768,"slow","Travelling","water","surface","",2016-08-09 16:23:08
3,"3.slow",7,"7.Travelling","27299","2016-08-09 16:23:08",0.87,-0.456,0.488,0.744,"slow","Travelling","water","surface","",2016-08-09 16:23:08
3,"3.slow",7,"7.Travelling","27300","2016-08-09 16:23:08",0.87,-0.396,0.524,0.72,"slow","Travelling","water","surface","",2016-08-09 16:23:08
3,"3.slow",7,"7.Travelling","27301","2016-08-09 16:23:08",0.87,-0.304,0.528,0.864,"slow","Travelling","water","surface","",2016-08-09 16:23:08
3,"3.slow",7,"7.Travelling","27302","2016-08-09 16:23:08",0.9,-0.276,0.592,0.928,"slow","Travelling","water","surface","",2016-08-09 16:23:08
3,"3.slow",7,"7.Travelling","27303","2016-08-09 16:23:08",0.9,-0.252,0.404,0.956,"slow","Travelling","water","surface","",2016-08-09 16:23:08
3,"3.slow",7,"7.Travelling","27304","2016-08-09 16:23:08",0.9,-0.156,0.328,1.008,"slow","Travelling","water","surface","",2016-08-09 16:23:08
3,"3.slow",7,"7.Travelling","27305","2016-08-09 16:23:08",0.87,-0.144,0.416,0.94,"slow","Travelling","water","surface","",2016-08-09 16:23:08
3,"3.slow",7,"7.Travelling","27306","2016-08-09 16:23:08",0.84,-0.248,0.488,0.82,"slow","Travelling","water","surface","",2016-08-09 16:23:08
3,"3.slow",7,"7.Travelling","27307","2016-08-09 16:23:08",0.84,-0.484,0.5,0.712,"slow","Travelling","water","surface","",2016-08-09 16:23:08
3,"3.slow",7,"7.Travelling","27308","2016-08-09 16:23:08",0.84,-0.584,0.572,0.744,"slow","Travelling","water","surface","",2016-08-09 16:23:08
3,"3.slow",7,"7.Travelling","27309","2016-08-09 16:23:08",0.87,-0.448,0.624,0.692,"slow","Travelling","water","surface","",2016-08-09 16:23:08
3,"3.slow",7,"7.Travelling","27310","2016-08-09 16:23:08",0.84,-0.344,0.652,0.592,"slow","Travelling","water","surface","",2016-08-09 16:23:08
3,"3.slow",7,"7.Travelling","27311","2016-08-09 16:23:08",0.84,-0.228,0.536,0.588,"slow","Travelling","water","surface","",2016-08-09 16:23:08
3,"3.slow",7,"7.Travelling","27312","2016-08-09 16:23:08",0.84,-0.22,0.472,0.52,"slow","Travelling","water","surface","",2016-08-09 16:23:08
3,"3.slow",7,"7.Travelling","27313","2016-08-09 16:23:08",0.84,-0.244,0.408,0.568,"slow","Travelling","water","surface","",2016-08-09 16:23:08
3,"3.slow",7,"7.Travelling","27314","2016-08-09 16:23:08",0.84,-0.284,0.38,0.568,"slow","Travelling","water","surface","",2016-08-09 16:23:08
3,"3.slow",7,"7.Travelling","27315","2016-08-09 16:23:08",0.87,-0.28,0.344,0.628,"slow","Travelling","water","surface","",2016-08-09 16:23:08
3,"3.slow",7,"7.Travelling","27316","2016-08-09 16:23:08",0.87,-0.3,0.296,0.668,"slow","Travelling","water","surface","",2016-08-09 16:23:08
3,"3.slow",7,"7.Travelling","27317","2016-08-09 16:23:08",0.9,-0.368,0.232,0.652,"slow","Travelling","water","surface","",2016-08-09 16:23:08
3,"3.slow",7,"7.Travelling","27318","2016-08-09 16:23:09",0.9,-0.456,0.184,0.616,"slow","Travelling","water","surface","",2016-08-09 16:23:09
3,"3.slow",7,"7.Travelling","27319","2016-08-09 16:23:09",0.93,-0.544,0.152,0.612,"slow","Travelling","water","surface","",2016-08-09 16:23:09
3,"3.slow",7,"7.Travelling","27320","2016-08-09 16:23:09",0.96,-0.644,0.184,0.584,"slow","Travelling","water","surface","",2016-08-09 16:23:09
3,"3.slow",7,"7.Travelling","27321","2016-08-09 16:23:09",1,-0.684,0.196,0.644,"slow","Travelling","water","surface","",2016-08-09 16:23:09
3,"3.slow",7,"7.Travelling","27322","2016-08-09 16:23:09",1.03,-0.684,0.212,0.728,"slow","Travelling","water","surface","",2016-08-09 16:23:09
3,"3.slow",7,"7.Travelling","27323","2016-08-09 16:23:09",1.03,-0.676,0.228,0.7,"slow","Travelling","water","surface","",2016-08-09 16:23:09
3,"3.slow",7,"7.Travelling","27324","2016-08-09 16:23:09",1.06,-0.724,0.128,0.632,"slow","Travelling","water","underwater","",2016-08-09 16:23:09
3,"3.slow",7,"7.Travelling","27325","2016-08-09 16:23:09",1.09,-0.688,0.124,0.784,"slow","Travelling","water","underwater","",2016-08-09 16:23:09
3,"3.slow",7,"7.Travelling","27326","2016-08-09 16:23:09",1.09,-0.784,0.008,0.668,"slow","Travelling","water","underwater","",2016-08-09 16:23:09
3,"3.slow",7,"7.Travelling","27327","2016-08-09 16:23:09",1.12,-0.84,-0.004,0.708,"slow","Travelling","water","underwater","",2016-08-09 16:23:09
3,"3.slow",7,"7.Travelling","27328","2016-08-09 16:23:09",1.12,-0.66,-0.056,0.788,"slow","Travelling","water","underwater","",2016-08-09 16:23:09
3,"3.slow",7,"7.Travelling","27329","2016-08-09 16:23:09",1.12,-0.436,0.22,0.824,"slow","Travelling","water","underwater","",2016-08-09 16:23:09
3,"3.slow",7,"7.Travelling","27330","2016-08-09 16:23:09",1.12,-0.328,0.376,0.84,"slow","Travelling","water","underwater","",2016-08-09 16:23:09
3,"3.slow",7,"7.Travelling","27331","2016-08-09 16:23:09",1.09,-0.352,0.456,0.696,"slow","Travelling","water","underwater","",2016-08-09 16:23:09
3,"3.slow",7,"7.Travelling","27332","2016-08-09 16:23:09",1.12,-0.484,0.428,0.596,"slow","Travelling","water","underwater","",2016-08-09 16:23:09
3,"3.slow",7,"7.Travelling","27333","2016-08-09 16:23:09",1.15,-0.66,0.34,0.6,"slow","Travelling","water","underwater","",2016-08-09 16:23:09
3,"3.slow",7,"7.Travelling","27334","2016-08-09 16:23:09",1.15,-0.788,0.228,0.668,"slow","Travelling","water","underwater","",2016-08-09 16:23:09
3,"3.slow",7,"7.Travelling","27335","2016-08-09 16:23:09",1.18,-0.732,0.248,0.716,"slow","Travelling","water","underwater","",2016-08-09 16:23:09
3,"3.slow",7,"7.Travelling","27336","2016-08-09 16:23:09",1.21,-0.636,0.224,0.78,"slow","Travelling","water","underwater","",2016-08-09 16:23:09
3,"3.slow",7,"7.Travelling","27337","2016-08-09 16:23:09",1.21,-0.592,0.292,0.808,"slow","Travelling","water","underwater","",2016-08-09 16:23:09
3,"3.slow",7,"7.Travelling","27338","2016-08-09 16:23:09",1.18,-0.592,0.304,0.744,"slow","Travelling","water","underwater","",2016-08-09 16:23:09
3,"3.slow",7,"7.Travelling","27339","2016-08-09 16:23:09",1.21,-0.64,0.292,0.696,"slow","Travelling","water","underwater","",2016-08-09 16:23:09
3,"3.slow",7,"7.Travelling","27340","2016-08-09 16:23:09",1.21,-0.668,0.352,0.756,"slow","Travelling","water","underwater","",2016-08-09 16:23:09
3,"3.slow",7,"7.Travelling","27341","2016-08-09 16:23:09",1.21,-0.52,0.324,0.704,"slow","Travelling","water","underwater","",2016-08-09 16:23:09
3,"3.slow",7,"7.Travelling","27342","2016-08-09 16:23:10",1.25,-0.492,0.148,0.636,"slow","Travelling","water","underwater","",2016-08-09 16:23:10
3,"3.slow",7,"7.Travelling","27343","2016-08-09 16:23:10",1.25,-0.492,0.2,0.8,"slow","Travelling","water","underwater","",2016-08-09 16:23:10
3,"3.feeding",8,"8.Foraging","27344","2016-08-09 16:23:10",1.28,-0.5,0.36,0.78,"feeding","Foraging","water","underwater","feeding",2016-08-09 16:23:10
3,"3.feeding",8,"8.Foraging","27345","2016-08-09 16:23:10",1.25,-0.42,0.316,0.816,"feeding","Foraging","water","underwater","",2016-08-09 16:23:10
3,"3.feeding",8,"8.Foraging","27346","2016-08-09 16:23:10",1.28,-0.428,0.16,0.908,"feeding","Foraging","water","underwater","",2016-08-09 16:23:10
3,"3.feeding",8,"8.Foraging","27347","2016-08-09 16:23:10",1.28,-0.516,-0.02,0.84,"feeding","Foraging","water","underwater","",2016-08-09 16:23:10
3,"3.feeding",8,"8.Foraging","27348","2016-08-09 16:23:10",1.31,-0.484,-0.164,0.82,"feeding","Foraging","water","underwater","",2016-08-09 16:23:10
3,"3.feeding",8,"8.Foraging","27349","2016-08-09 16:23:10",1.31,-0.484,-0.22,0.844,"feeding","Foraging","water","underwater","",2016-08-09 16:23:10
3,"3.feeding",8,"8.Foraging","27350","2016-08-09 16:23:10",1.34,-0.504,-0.196,0.828,"feeding","Foraging","water","underwater","",2016-08-09 16:23:10
3,"3.feeding",8,"8.Foraging","27351","2016-08-09 16:23:10",1.34,-0.496,-0.236,0.808,"feeding","Foraging","water","underwater","",2016-08-09 16:23:10
3,"3.feeding",8,"8.Foraging","27352","2016-08-09 16:23:10",1.37,-0.5,-0.084,0.796,"feeding","Foraging","water","underwater","",2016-08-09 16:23:10
3,"3.feeding",8,"8.Foraging","27353","2016-08-09 16:23:10",1.37,-0.484,0.032,0.776,"feeding","Foraging","water","underwater","",2016-08-09 16:23:10
3,"3.feeding",8,"8.Foraging","27354","2016-08-09 16:23:10",1.4,-0.5,0.168,0.764,"feeding","Foraging","water","underwater","",2016-08-09 16:23:10
3,"3.feeding",8,"8.Foraging","27355","2016-08-09 16:23:10",1.4,-0.484,0.292,0.784,"feeding","Foraging","water","underwater","",2016-08-09 16:23:10
3,"3.feeding",8,"8.Foraging","27356","2016-08-09 16:23:10",1.43,-0.48,0.32,0.796,"feeding","Foraging","water","underwater","",2016-08-09 16:23:10
3,"3.feeding",8,"8.Foraging","27357","2016-08-09 16:23:10",1.43,-0.456,0.356,0.78,"feeding","Foraging","water","underwater","",2016-08-09 16:23:10
3,"3.feeding",8,"8.Foraging","27358","2016-08-09 16:23:10",1.43,-0.412,0.436,0.776,"feeding","Foraging","water","underwater","",2016-08-09 16:23:10
3,"3.feeding",8,"8.Foraging","27359","2016-08-09 16:23:10",1.43,-0.38,0.5,0.72,"feeding","Foraging","water","underwater","",2016-08-09 16:23:10
3,"3.feeding",8,"8.Foraging","27360","2016-08-09 16:23:10",1.46,-0.356,0.568,0.684,"feeding","Foraging","water","underwater","",2016-08-09 16:23:10
3,"3.feeding",8,"8.Foraging","27361","2016-08-09 16:23:10",1.46,-0.332,0.608,0.66,"feeding","Foraging","water","underwater","",2016-08-09 16:23:10
3,"3.feeding",8,"8.Foraging","27362","2016-08-09 16:23:10",1.46,-0.3,0.624,0.608,"feeding","Foraging","water","underwater","",2016-08-09 16:23:10
3,"3.feeding",8,"8.Foraging","27363","2016-08-09 16:23:10",1.5,-0.264,0.692,0.576,"feeding","Foraging","water","underwater","",2016-08-09 16:23:10
3,"3.feeding",8,"8.Foraging","27364","2016-08-09 16:23:10",1.5,-0.18,0.812,0.532,"feeding","Foraging","water","underwater","",2016-08-09 16:23:10
3,"3.feeding",8,"8.Foraging","27365","2016-08-09 16:23:10",1.53,-0.152,0.916,0.448,"feeding","Foraging","water","underwater","",2016-08-09 16:23:10
3,"3.feeding",8,"8.Foraging","27366","2016-08-09 16:23:11",1.53,-0.092,1.004,0.384,"feeding","Foraging","water","underwater","",2016-08-09 16:23:11
3,"3.feeding",8,"8.Foraging","27367","2016-08-09 16:23:11",1.53,-0.044,1.064,0.328,"feeding","Foraging","water","underwater","",2016-08-09 16:23:11
3,"3.feeding",8,"8.Foraging","27368","2016-08-09 16:23:11",1.56,0.012,1,0.416,"feeding","Foraging","water","underwater","",2016-08-09 16:23:11
3,"3.feeding",8,"8.Foraging","27369","2016-08-09 16:23:11",1.56,0.06,1.024,0.464,"feeding","Foraging","water","underwater","",2016-08-09 16:23:11
3,"3.feeding",8,"8.Foraging","27370","2016-08-09 16:23:11",1.56,0.012,1.02,0.464,"feeding","Foraging","water","underwater","",2016-08-09 16:23:11
3,"3.feeding",8,"8.Foraging","27371","2016-08-09 16:23:11",1.56,-0.048,1.024,0.5,"feeding","Foraging","water","underwater","",2016-08-09 16:23:11
3,"3.feeding",8,"8.Foraging","27372","2016-08-09 16:23:11",1.56,-0.08,0.972,0.412,"feeding","Foraging","water","underwater","",2016-08-09 16:23:11
3,"3.feeding",8,"8.Foraging","27373","2016-08-09 16:23:11",1.56,-0.108,0.916,0.28,"feeding","Foraging","water","underwater","",2016-08-09 16:23:11
3,"3.feeding",8,"8.Foraging","27374","2016-08-09 16:23:11",1.56,-0.088,0.916,0.28,"feeding","Foraging","water","underwater","",2016-08-09 16:23:11
3,"3.feeding",8,"8.Foraging","27375","2016-08-09 16:23:11",1.56,-0.06,0.936,0.292,"feeding","Foraging","water","underwater","",2016-08-09 16:23:11
3,"3.feeding",8,"8.Foraging","27376","2016-08-09 16:23:11",1.56,0.024,0.952,0.328,"feeding","Foraging","water","underwater","",2016-08-09 16:23:11
3,"3.feeding",8,"8.Foraging","27377","2016-08-09 16:23:11",1.56,0.064,1.024,0.336,"feeding","Foraging","water","underwater","",2016-08-09 16:23:11
3,"3.feeding",8,"8.Foraging","27378","2016-08-09 16:23:11",1.56,0.136,1.116,0.312,"feeding","Foraging","water","underwater","",2016-08-09 16:23:11
3,"3.feeding",8,"8.Foraging","27379","2016-08-09 16:23:11",1.56,0.188,1.188,0.34,"feeding","Foraging","water","underwater","",2016-08-09 16:23:11
4,"4.slow",9,"9.Travelling","27380","2016-08-09 16:23:11",1.56,0.128,1.12,0.336,"slow","Travelling","water","underwater","slow",2016-08-09 16:23:11
4,"4.slow",9,"9.Travelling","27381","2016-08-09 16:23:11",1.53,0.06,0.996,0.324,"slow","Travelling","water","underwater","",2016-08-09 16:23:11
4,"4.slow",9,"9.Travelling","27382","2016-08-09 16:23:11",1.53,0.012,0.912,0.328,"slow","Travelling","water","underwater","",2016-08-09 16:23:11
4,"4.slow",9,"9.Travelling","27383","2016-08-09 16:23:11",1.53,-0.06,0.892,0.312,"slow","Travelling","water","underwater","",2016-08-09 16:23:11
4,"4.slow",9,"9.Travelling","27384","2016-08-09 16:23:11",1.53,-0.1,0.888,0.316,"slow","Travelling","water","underwater","",2016-08-09 16:23:11
4,"4.slow",9,"9.Travelling","27385","2016-08-09 16:23:11",1.53,-0.096,0.932,0.324,"slow","Travelling","water","underwater","",2016-08-09 16:23:11
4,"4.slow",9,"9.Travelling","27386","2016-08-09 16:23:11",1.53,-0.084,0.98,0.34,"slow","Travelling","water","underwater","",2016-08-09 16:23:11
4,"4.slow",9,"9.Travelling","27387","2016-08-09 16:23:11",1.56,-0.052,0.988,0.384,"slow","Travelling","water","underwater","",2016-08-09 16:23:11
4,"4.slow",9,"9.Travelling","27388","2016-08-09 16:23:11",1.53,-0.008,1.024,0.4,"slow","Travelling","water","underwater","",2016-08-09 16:23:11
4,"4.slow",9,"9.Travelling","27389","2016-08-09 16:23:12",1.53,0.02,1.044,0.376,"slow","Travelling","water","underwater","",2016-08-09 16:23:12
4,"4.slow",9,"9.Travelling","27390","2016-08-09 16:23:12",1.53,0.004,0.98,0.368,"slow","Travelling","water","underwater","",2016-08-09 16:23:12
4,"4.slow",9,"9.Travelling","27391","2016-08-09 16:23:12",1.5,-0.008,0.936,0.38,"slow","Travelling","water","underwater","",2016-08-09 16:23:12
4,"4.slow",9,"9.Travelling","27392","2016-08-09 16:23:12",1.53,-0.02,0.888,0.388,"slow","Travelling","water","underwater","",2016-08-09 16:23:12
4,"4.slow",9,"9.Travelling","27393","2016-08-09 16:23:12",1.53,-0.024,0.876,0.396,"slow","Travelling","water","underwater","",2016-08-09 16:23:12
4,"4.slow",9,"9.Travelling","27394","2016-08-09 16:23:12",1.53,-0.064,0.868,0.42,"slow","Travelling","water","underwater","",2016-08-09 16:23:12
4,"4.slow",9,"9.Travelling","27395","2016-08-09 16:23:12",1.53,-0.072,0.868,0.44,"slow","Travelling","water","underwater","",2016-08-09 16:23:12
4,"4.slow",9,"9.Travelling","27396","2016-08-09 16:23:12",1.5,-0.06,0.856,0.44,"slow","Travelling","water","underwater","",2016-08-09 16:23:12
4,"4.slow",9,"9.Travelling","27397","2016-08-09 16:23:12",1.5,-0.072,0.864,0.444,"slow","Travelling","water","underwater","",2016-08-09 16:23:12
4,"4.slow",9,"9.Travelling","27398","2016-08-09 16:23:12",1.5,-0.084,0.832,0.436,"slow","Travelling","water","underwater","",2016-08-09 16:23:12
4,"4.slow",9,"9.Travelling","27399","2016-08-09 16:23:12",1.5,-0.076,0.78,0.408,"slow","Travelling","water","underwater","",2016-08-09 16:23:12
4,"4.slow",9,"9.Travelling","27400","2016-08-09 16:23:12",1.53,-0.092,0.8,0.376,"slow","Travelling","water","underwater","",2016-08-09 16:23:12
4,"4.slow",9,"9.Travelling","27401","2016-08-09 16:23:12",1.5,-0.092,0.868,0.356,"slow","Travelling","water","underwater","",2016-08-09 16:23:12
4,"4.slow",9,"9.Travelling","27402","2016-08-09 16:23:12",1.53,-0.104,0.956,0.324,"slow","Travelling","water","underwater","",2016-08-09 16:23:12
4,"4.slow",9,"9.Travelling","27403","2016-08-09 16:23:12",1.53,-0.108,1.016,0.292,"slow","Travelling","water","underwater","",2016-08-09 16:23:12
4,"4.slow",9,"9.Travelling","27404","2016-08-09 16:23:12",1.56,-0.064,1.06,0.268,"slow","Travelling","water","underwater","",2016-08-09 16:23:12
4,"4.slow",9,"9.Travelling","27405","2016-08-09 16:23:12",1.53,-0.04,1.068,0.208,"slow","Travelling","water","underwater","",2016-08-09 16:23:12
4,"4.slow",9,"9.Travelling","27406","2016-08-09 16:23:12",1.53,-0.012,1.096,0.2,"slow","Travelling","water","underwater","",2016-08-09 16:23:12
4,"4.slow",9,"9.Travelling","27407","2016-08-09 16:23:12",1.53,0.016,1.064,0.18,"slow","Travelling","water","underwater","",2016-08-09 16:23:12
4,"4.slow",9,"9.Travelling","27408","2016-08-09 16:23:12",1.53,0.048,1.06,0.196,"slow","Travelling","water","underwater","",2016-08-09 16:23:12
4,"4.slow",9,"9.Travelling","27409","2016-08-09 16:23:12",1.53,0.08,1.076,0.2,"slow","Travelling","water","underwater","",2016-08-09 16:23:12
4,"4.slow",9,"9.Travelling","27410","2016-08-09 16:23:12",1.53,0.08,1.08,0.2,"slow","Travelling","water","underwater","",2016-08-09 16:23:12
4,"4.slow",9,"9.Travelling","27411","2016-08-09 16:23:12",1.53,0.068,1.088,0.176,"slow","Travelling","water","underwater","",2016-08-09 16:23:12
4,"4.slow",9,"9.Travelling","27412","2016-08-09 16:23:12",1.53,0.064,1.068,0.164,"slow","Travelling","water","underwater","",2016-08-09 16:23:12
4,"4.slow",9,"9.Travelling","27413","2016-08-09 16:23:13",1.53,0.08,1.052,0.156,"slow","Travelling","water","underwater","",2016-08-09 16:23:13
4,"4.slow",9,"9.Travelling","27414","2016-08-09 16:23:13",1.53,0.104,1.04,0.156,"slow","Travelling","water","underwater","",2016-08-09 16:23:13
4,"4.slow",9,"9.Travelling","27415","2016-08-09 16:23:13",1.5,0.124,1.056,0.16,"slow","Travelling","water","underwater","",2016-08-09 16:23:13
4,"4.slow",9,"9.Travelling","27416","2016-08-09 16:23:13",1.5,0.144,1.076,0.116,"slow","Travelling","water","underwater","",2016-08-09 16:23:13
4,"4.slow",9,"9.Travelling","27417","2016-08-09 16:23:13",1.5,0.172,1.12,0.128,"slow","Travelling","water","underwater","",2016-08-09 16:23:13
4,"4.slow",9,"9.Travelling","27418","2016-08-09 16:23:13",1.46,0.224,1.12,0.14,"slow","Travelling","water","underwater","",2016-08-09 16:23:13
4,"4.slow",9,"9.Travelling","27419","2016-08-09 16:23:13",1.46,0.28,1.072,0.172,"slow","Travelling","water","underwater","",2016-08-09 16:23:13
4,"4.slow",9,"9.Travelling","27420","2016-08-09 16:23:13",1.43,0.324,0.976,0.204,"slow","Travelling","water","underwater","",2016-08-09 16:23:13
4,"4.slow",9,"9.Travelling","27421","2016-08-09 16:23:13",1.43,0.376,0.892,0.232,"slow","Travelling","water","underwater","",2016-08-09 16:23:13
4,"4.slow",9,"9.Travelling","27422","2016-08-09 16:23:13",1.4,0.408,0.88,0.22,"slow","Travelling","water","underwater","",2016-08-09 16:23:13
4,"4.slow",9,"9.Travelling","27423","2016-08-09 16:23:13",1.4,0.412,0.904,0.208,"slow","Travelling","water","underwater","",2016-08-09 16:23:13
4,"4.slow",9,"9.Travelling","27424","2016-08-09 16:23:13",1.4,0.404,0.948,0.184,"slow","Travelling","water","underwater","",2016-08-09 16:23:13
4,"4.slow",9,"9.Travelling","27425","2016-08-09 16:23:13",1.37,0.432,0.936,0.144,"slow","Travelling","water","underwater","",2016-08-09 16:23:13
4,"4.slow",9,"9.Travelling","27426","2016-08-09 16:23:13",1.37,0.444,0.892,0.116,"slow","Travelling","water","underwater","",2016-08-09 16:23:13
4,"4.slow",9,"9.Travelling","27427","2016-08-09 16:23:13",1.34,0.44,0.88,0.096,"slow","Travelling","water","underwater","",2016-08-09 16:23:13
4,"4.slow",9,"9.Travelling","27428","2016-08-09 16:23:13",1.34,0.424,0.916,0.056,"slow","Travelling","water","underwater","",2016-08-09 16:23:13
4,"4.slow",9,"9.Travelling","27429","2016-08-09 16:23:13",1.34,0.448,0.956,-0.004,"slow","Travelling","water","underwater","",2016-08-09 16:23:13
4,"4.slow",9,"9.Travelling","27430","2016-08-09 16:23:13",1.34,0.484,0.956,-0.036,"slow","Travelling","water","underwater","",2016-08-09 16:23:13
4,"4.slow",9,"9.Travelling","27431","2016-08-09 16:23:13",1.31,0.516,0.94,-0.084,"slow","Travelling","water","underwater","",2016-08-09 16:23:13
4,"4.slow",9,"9.Travelling","27432","2016-08-09 16:23:13",1.31,0.552,0.908,-0.1,"slow","Travelling","water","underwater","",2016-08-09 16:23:13
4,"4.slow",9,"9.Travelling","27433","2016-08-09 16:23:13",1.28,0.572,0.864,-0.144,"slow","Travelling","water","underwater","",2016-08-09 16:23:13
4,"4.slow",9,"9.Travelling","27434","2016-08-09 16:23:13",1.31,0.6,0.832,-0.168,"slow","Travelling","water","underwater","",2016-08-09 16:23:13
4,"4.slow",9,"9.Travelling","27435","2016-08-09 16:23:13",1.28,0.624,0.8,-0.208,"slow","Travelling","water","underwater","",2016-08-09 16:23:13
4,"4.slow",9,"9.Travelling","27436","2016-08-09 16:23:13",1.25,0.644,0.76,-0.264,"slow","Travelling","water","underwater","",2016-08-09 16:23:13
4,"4.slow",9,"9.Travelling","27437","2016-08-09 16:23:14",1.25,0.676,0.768,-0.256,"slow","Travelling","water","underwater","",2016-08-09 16:23:14
4,"4.slow",9,"9.Travelling","27438","2016-08-09 16:23:14",1.21,0.724,0.788,-0.288,"slow","Travelling","water","underwater","",2016-08-09 16:23:14
4,"4.slow",9,"9.Travelling","27439","2016-08-09 16:23:14",1.21,0.728,0.82,-0.296,"slow","Travelling","water","underwater","",2016-08-09 16:23:14
4,"4.slow",9,"9.Travelling","27440","2016-08-09 16:23:14",1.21,0.716,0.776,-0.308,"slow","Travelling","water","underwater","",2016-08-09 16:23:14
4,"4.slow",9,"9.Travelling","27441","2016-08-09 16:23:14",1.21,0.712,0.68,-0.328,"slow","Travelling","water","underwater","",2016-08-09 16:23:14
4,"4.slow",9,"9.Travelling","27442","2016-08-09 16:23:14",1.18,0.736,0.644,-0.328,"slow","Travelling","water","underwater","",2016-08-09 16:23:14
4,"4.slow",9,"9.Travelling","27443","2016-08-09 16:23:14",1.15,0.78,0.604,-0.34,"slow","Travelling","water","underwater","",2016-08-09 16:23:14
4,"4.slow",9,"9.Travelling","27444","2016-08-09 16:23:14",1.15,0.824,0.552,-0.356,"slow","Travelling","water","underwater","",2016-08-09 16:23:14
4,"4.slow",9,"9.Travelling","27445","2016-08-09 16:23:14",1.12,0.824,0.516,-0.404,"slow","Travelling","water","underwater","",2016-08-09 16:23:14
4,"4.slow",9,"9.Travelling","27446","2016-08-09 16:23:14",1.12,0.84,0.44,-0.408,"slow","Travelling","water","underwater","",2016-08-09 16:23:14
4,"4.slow",9,"9.Travelling","27447","2016-08-09 16:23:14",1.09,0.856,0.42,-0.416,"slow","Travelling","water","underwater","",2016-08-09 16:23:14
4,"4.slow",9,"9.Travelling","27448","2016-08-09 16:23:14",1.09,0.828,0.408,-0.476,"slow","Travelling","water","underwater","",2016-08-09 16:23:14
4,"4.slow",9,"9.Travelling","27449","2016-08-09 16:23:14",1.06,0.836,0.372,-0.472,"slow","Travelling","water","underwater","",2016-08-09 16:23:14
4,"4.slow",9,"9.Travelling","27450","2016-08-09 16:23:14",1.06,0.836,0.352,-0.472,"slow","Travelling","water","underwater","",2016-08-09 16:23:14
4,"4.slow",9,"9.Travelling","27451","2016-08-09 16:23:14",1.06,0.812,0.284,-0.456,"slow","Travelling","water","underwater","",2016-08-09 16:23:14
4,"4.slow",9,"9.Travelling","27452","2016-08-09 16:23:14",1.03,0.812,0.236,-0.412,"slow","Travelling","water","surface","",2016-08-09 16:23:14
4,"4.slow",9,"9.Travelling","27453","2016-08-09 16:23:14",1.03,0.812,0.176,-0.392,"slow","Travelling","water","surface","",2016-08-09 16:23:14
4,"4.slow",9,"9.Travelling","27454","2016-08-09 16:23:14",1.03,0.812,0.08,-0.4,"slow","Travelling","water","surface","",2016-08-09 16:23:14
4,"4.slow",9,"9.Travelling","27455","2016-08-09 16:23:14",1.03,0.828,0.024,-0.416,"slow","Travelling","water","surface","",2016-08-09 16:23:14
4,"4.slow",9,"9.Travelling","27456","2016-08-09 16:23:14",1.03,0.856,-0.02,-0.452,"slow","Travelling","water","surface","",2016-08-09 16:23:14
4,"4.slow",9,"9.Travelling","27457","2016-08-09 16:23:14",1,0.86,-0.084,-0.524,"slow","Travelling","water","surface","",2016-08-09 16:23:14
4,"4.slow",9,"9.Travelling","27458","2016-08-09 16:23:14",1,0.836,-0.14,-0.58,"slow","Travelling","water","surface","",2016-08-09 16:23:14
4,"4.slow",9,"9.Travelling","27459","2016-08-09 16:23:14",1,0.816,-0.168,-0.56,"slow","Travelling","water","surface","",2016-08-09 16:23:14
4,"4.slow",9,"9.Travelling","27460","2016-08-09 16:23:14",1,0.792,-0.232,-0.596,"slow","Travelling","water","surface","",2016-08-09 16:23:14
4,"4.slow",9,"9.Travelling","27461","2016-08-09 16:23:15",1,0.812,-0.332,-0.64,"slow","Travelling","water","surface","",2016-08-09 16:23:15
4,"4.slow",9,"9.Travelling","27462","2016-08-09 16:23:15",1,0.788,-0.408,-0.632,"slow","Travelling","water","surface","",2016-08-09 16:23:15
4,"4.slow",9,"9.Travelling","27463","2016-08-09 16:23:15",0.96,0.76,-0.496,-0.62,"slow","Travelling","water","surface","",2016-08-09 16:23:15
4,"4.slow",9,"9.Travelling","27464","2016-08-09 16:23:15",0.96,0.768,-0.54,-0.644,"slow","Travelling","water","surface","",2016-08-09 16:23:15
4,"4.slow",9,"9.Travelling","27465","2016-08-09 16:23:15",0.96,0.816,-0.568,-0.648,"slow","Travelling","water","surface","",2016-08-09 16:23:15
4,"4.slow",9,"9.Travelling","27466","2016-08-09 16:23:15",0.96,0.804,-0.588,-0.62,"slow","Travelling","water","surface","",2016-08-09 16:23:15
4,"4.slow",9,"9.Travelling","27467","2016-08-09 16:23:15",0.93,0.812,-0.564,-0.568,"slow","Travelling","water","surface","",2016-08-09 16:23:15
4,"4.slow",9,"9.Travelling","27468","2016-08-09 16:23:15",0.93,0.788,-0.524,-0.52,"slow","Travelling","water","surface","",2016-08-09 16:23:15
4,"4.slow",9,"9.Travelling","27469","2016-08-09 16:23:15",0.93,0.768,-0.536,-0.456,"slow","Travelling","water","surface","",2016-08-09 16:23:15
4,"4.slow",9,"9.Travelling","27470","2016-08-09 16:23:15",0.9,0.76,-0.64,-0.372,"slow","Travelling","water","surface","",2016-08-09 16:23:15
4,"4.slow",9,"9.Travelling","27471","2016-08-09 16:23:15",0.87,0.76,-0.696,-0.28,"slow","Travelling","water","surface","",2016-08-09 16:23:15
4,"4.slow",9,"9.Travelling","27472","2016-08-09 16:23:15",0.87,0.764,-0.732,-0.16,"slow","Travelling","water","surface","",2016-08-09 16:23:15
4,"4.slow",9,"9.Travelling","27473","2016-08-09 16:23:15",0.84,0.752,-0.748,-0.064,"slow","Travelling","water","surface","",2016-08-09 16:23:15
4,"4.slow",9,"9.Travelling","27474","2016-08-09 16:23:15",0.81,0.736,-0.708,0,"slow","Travelling","water","surface","",2016-08-09 16:23:15
4,"4.slow",9,"9.Travelling","27475","2016-08-09 16:23:15",0.78,0.664,-0.692,0.044,"slow","Travelling","water","surface","",2016-08-09 16:23:15
4,"4.slow",9,"9.Travelling","27476","2016-08-09 16:23:15",0.78,0.648,-0.748,0.108,"slow","Travelling","water","surface","",2016-08-09 16:23:15
4,"4.slow",9,"9.Travelling","27477","2016-08-09 16:23:15",0.75,0.664,-0.76,0.192,"slow","Travelling","water","surface","",2016-08-09 16:23:15
4,"4.slow",9,"9.Travelling","27478","2016-08-09 16:23:15",0.71,0.652,-0.776,0.252,"slow","Travelling","water","surface","",2016-08-09 16:23:15
4,"4.slow",9,"9.Travelling","27479","2016-08-09 16:23:15",0.71,0.616,-0.716,0.304,"slow","Travelling","water","surface","",2016-08-09 16:23:15
4,"4.slow",9,"9.Travelling","27480","2016-08-09 16:23:15",0.68,0.588,-0.636,0.4,"slow","Travelling","water","surface","",2016-08-09 16:23:15
4,"4.slow",9,"9.Travelling","27481","2016-08-09 16:23:15",0.68,0.556,-0.564,0.46,"slow","Travelling","water","surface","",2016-08-09 16:23:15
4,"4.slow",9,"9.Travelling","27482","2016-08-09 16:23:15",0.68,0.516,-0.5,0.492,"slow","Travelling","water","surface","",2016-08-09 16:23:15
4,"4.slow",9,"9.Travelling","27483","2016-08-09 16:23:15",0.65,0.496,-0.404,0.572,"slow","Travelling","water","surface","",2016-08-09 16:23:15
4,"4.slow",9,"9.Travelling","27484","2016-08-09 16:23:15",0.65,0.476,-0.344,0.632,"slow","Travelling","water","surface","",2016-08-09 16:23:15
4,"4.slow",9,"9.Travelling","27485","2016-08-09 16:23:16",0.65,0.452,-0.284,0.676,"slow","Travelling","water","surface","",2016-08-09 16:23:16
4,"4.slow",9,"9.Travelling","27486","2016-08-09 16:23:16",0.65,0.428,-0.236,0.692,"slow","Travelling","water","surface","",2016-08-09 16:23:16
4,"4.slow",9,"9.Travelling","27487","2016-08-09 16:23:16",0.65,0.396,-0.18,0.7,"slow","Travelling","water","surface","",2016-08-09 16:23:16
4,"4.slow",9,"9.Travelling","27488","2016-08-09 16:23:16",0.68,0.356,-0.152,0.752,"slow","Travelling","water","surface","",2016-08-09 16:23:16
4,"4.slow",9,"9.Travelling","27489","2016-08-09 16:23:16",0.65,0.324,-0.124,0.764,"slow","Travelling","water","surface","",2016-08-09 16:23:16
4,"4.slow",9,"9.Travelling","27490","2016-08-09 16:23:16",0.65,0.288,-0.1,0.796,"slow","Travelling","water","surface","",2016-08-09 16:23:16
4,"4.slow",9,"9.Travelling","27491","2016-08-09 16:23:16",0.65,0.276,-0.084,0.792,"slow","Travelling","water","surface","",2016-08-09 16:23:16
4,"4.slow",9,"9.Travelling","27492","2016-08-09 16:23:16",0.65,0.244,-0.06,0.828,"slow","Travelling","water","surface","",2016-08-09 16:23:16
4,"4.slow",9,"9.Travelling","27493","2016-08-09 16:23:16",0.68,0.208,-0.036,0.82,"slow","Travelling","water","surface","",2016-08-09 16:23:16
4,"4.slow",9,"9.Travelling","27494","2016-08-09 16:23:16",0.65,0.184,0.008,0.844,"slow","Travelling","water","surface","",2016-08-09 16:23:16
4,"4.slow",9,"9.Travelling","27495","2016-08-09 16:23:16",0.65,0.14,0.06,0.812,"slow","Travelling","water","surface","",2016-08-09 16:23:16
4,"4.slow",9,"9.Travelling","27496","2016-08-09 16:23:16",0.65,0.112,0.176,0.828,"slow","Travelling","water","surface","",2016-08-09 16:23:16
4,"4.slow",9,"9.Travelling","27497","2016-08-09 16:23:16",0.65,0.132,0.276,0.884,"slow","Travelling","water","surface","",2016-08-09 16:23:16
4,"4.slow",9,"9.Travelling","27498","2016-08-09 16:23:16",0.65,0.144,0.364,0.896,"slow","Travelling","water","surface","",2016-08-09 16:23:16
4,"4.slow",9,"9.Travelling","27499","2016-08-09 16:23:16",0.65,0.148,0.428,0.896,"slow","Travelling","water","surface","",2016-08-09 16:23:16
4,"4.slow",9,"9.Travelling","27500","2016-08-09 16:23:16",0.65,0.124,0.424,0.904,"slow","Travelling","water","surface","",2016-08-09 16:23:16
4,"4.slow",9,"9.Travelling","27501","2016-08-09 16:23:16",0.65,0.092,0.38,0.948,"slow","Travelling","water","surface","",2016-08-09 16:23:16
4,"4.slow",9,"9.Travelling","27502","2016-08-09 16:23:16",0.65,0.068,0.3,0.956,"slow","Travelling","water","surface","",2016-08-09 16:23:16
4,"4.slow",9,"9.Travelling","27503","2016-08-09 16:23:16",0.65,0.036,0.264,0.952,"slow","Travelling","water","surface","",2016-08-09 16:23:16
4,"4.slow",9,"9.Travelling","27504","2016-08-09 16:23:16",0.65,0.056,0.308,0.98,"slow","Travelling","water","surface","",2016-08-09 16:23:16
4,"4.slow",9,"9.Travelling","27505","2016-08-09 16:23:16",0.65,0.084,0.296,0.944,"slow","Travelling","water","surface","",2016-08-09 16:23:16
4,"4.slow",9,"9.Travelling","27506","2016-08-09 16:23:16",0.65,0.12,0.288,0.904,"slow","Travelling","water","surface","",2016-08-09 16:23:16
4,"4.slow",9,"9.Travelling","27507","2016-08-09 16:23:16",0.65,0.172,0.276,0.904,"slow","Travelling","water","surface","",2016-08-09 16:23:16
4,"4.slow",9,"9.Travelling","27508","2016-08-09 16:23:17",0.65,0.128,0.26,0.912,"slow","Travelling","water","surface","",2016-08-09 16:23:17
4,"4.slow",9,"9.Travelling","27509","2016-08-09 16:23:17",0.65,0.076,0.212,0.912,"slow","Travelling","water","surface","",2016-08-09 16:23:17
4,"4.slow",9,"9.Travelling","27510","2016-08-09 16:23:17",0.65,0.032,0.184,0.856,"slow","Travelling","water","surface","",2016-08-09 16:23:17
4,"4.slow",9,"9.Travelling","27511","2016-08-09 16:23:17",0.65,-0.016,0.168,0.864,"slow","Travelling","water","surface","",2016-08-09 16:23:17
4,"4.slow",9,"9.Travelling","27512","2016-08-09 16:23:17",0.65,-0.02,0.164,0.864,"slow","Travelling","water","surface","",2016-08-09 16:23:17
4,"4.slow",9,"9.Travelling","27513","2016-08-09 16:23:17",0.65,0,0.14,0.852,"slow","Travelling","water","surface","",2016-08-09 16:23:17
4,"4.slow",9,"9.Travelling","27514","2016-08-09 16:23:17",0.65,0.024,0.1,0.88,"slow","Travelling","water","surface","",2016-08-09 16:23:17
4,"4.slow",9,"9.Travelling","27515","2016-08-09 16:23:17",0.65,0.052,0.064,0.876,"slow","Travelling","water","surface","",2016-08-09 16:23:17
4,"4.slow",9,"9.Travelling","27516","2016-08-09 16:23:17",0.65,0.036,0.024,0.86,"slow","Travelling","water","surface","",2016-08-09 16:23:17
4,"4.slow",9,"9.Travelling","27517","2016-08-09 16:23:17",0.65,0.028,0.012,0.892,"slow","Travelling","water","surface","",2016-08-09 16:23:17
4,"4.slow",9,"9.Travelling","27518","2016-08-09 16:23:17",0.65,0.008,-0.004,0.932,"slow","Travelling","water","surface","",2016-08-09 16:23:17
4,"4.slow",9,"9.Travelling","27519","2016-08-09 16:23:17",0.65,-0.016,-0.08,0.956,"slow","Travelling","water","surface","",2016-08-09 16:23:17
4,"4.slow",9,"9.Travelling","27520","2016-08-09 16:23:17",0.65,-0.044,-0.14,0.952,"slow","Travelling","water","surface","",2016-08-09 16:23:17
4,"4.slow",9,"9.Travelling","27521","2016-08-09 16:23:17",0.65,-0.028,-0.156,0.96,"slow","Travelling","water","surface","",2016-08-09 16:23:17
4,"4.slow",9,"9.Travelling","27522","2016-08-09 16:23:17",0.65,0,-0.116,0.972,"slow","Travelling","water","surface","",2016-08-09 16:23:17
4,"4.slow",9,"9.Travelling","27523","2016-08-09 16:23:17",0.65,0.06,-0.072,0.98,"slow","Travelling","water","surface","",2016-08-09 16:23:17
4,"4.slow",9,"9.Travelling","27524","2016-08-09 16:23:17",0.65,0.12,-0.06,0.952,"slow","Travelling","water","surface","",2016-08-09 16:23:17
4,"4.slow",9,"9.Travelling","27525","2016-08-09 16:23:17",0.65,0.144,-0.06,0.948,"slow","Travelling","water","surface","",2016-08-09 16:23:17
4,"4.slow",9,"9.Travelling","27526","2016-08-09 16:23:17",0.65,0.16,-0.08,0.956,"slow","Travelling","water","surface","",2016-08-09 16:23:17
4,"4.slow",9,"9.Travelling","27527","2016-08-09 16:23:17",0.65,0.172,-0.108,0.956,"slow","Travelling","water","surface","",2016-08-09 16:23:17
4,"4.slow",9,"9.Travelling","27528","2016-08-09 16:23:17",0.65,0.168,-0.136,0.956,"slow","Travelling","water","surface","",2016-08-09 16:23:17
4,"4.slow",9,"9.Travelling","27529","2016-08-09 16:23:17",0.65,0.136,-0.148,0.968,"slow","Travelling","water","surface","",2016-08-09 16:23:17
4,"4.slow",9,"9.Travelling","27530","2016-08-09 16:23:17",0.65,0.132,-0.148,0.96,"slow","Travelling","water","surface","",2016-08-09 16:23:17
4,"4.slow",9,"9.Travelling","27531","2016-08-09 16:23:17",0.65,0.148,-0.14,0.928,"slow","Travelling","water","surface","",2016-08-09 16:23:17
4,"4.slow",9,"9.Travelling","27532","2016-08-09 16:23:18",0.65,0.156,-0.132,0.916,"slow","Travelling","water","surface","",2016-08-09 16:23:18
4,"4.slow",9,"9.Travelling","27533","2016-08-09 16:23:18",0.65,0.172,-0.12,0.908,"slow","Travelling","water","surface","",2016-08-09 16:23:18
4,"4.slow",9,"9.Travelling","27534","2016-08-09 16:23:18",0.65,0.172,-0.12,0.908,"slow","Travelling","water","surface","",2016-08-09 16:23:18
4,"4.slow",9,"9.Travelling","27535","2016-08-09 16:23:18",0.65,0.164,-0.14,0.904,"slow","Travelling","water","surface","",2016-08-09 16:23:18
4,"4.slow",9,"9.Travelling","27536","2016-08-09 16:23:18",0.65,0.144,-0.128,0.896,"slow","Travelling","water","surface","",2016-08-09 16:23:18
4,"4.slow",9,"9.Travelling","27537","2016-08-09 16:23:18",0.65,0.132,-0.128,0.904,"slow","Travelling","water","surface","",2016-08-09 16:23:18
4,"4.slow",9,"9.Travelling","27538","2016-08-09 16:23:18",0.65,0.136,-0.096,0.924,"slow","Travelling","water","surface","",2016-08-09 16:23:18
4,"4.slow",9,"9.Travelling","27539","2016-08-09 16:23:18",0.65,0.132,-0.068,0.916,"slow","Travelling","water","surface","",2016-08-09 16:23:18
4,"4.slow",9,"9.Travelling","27540","2016-08-09 16:23:18",0.65,0.104,-0.028,0.912,"slow","Travelling","water","surface","",2016-08-09 16:23:18
4,"4.slow",9,"9.Travelling","27541","2016-08-09 16:23:18",0.65,0.096,0.012,0.924,"slow","Travelling","water","surface","",2016-08-09 16:23:18
4,"4.slow",9,"9.Travelling","27542","2016-08-09 16:23:18",0.65,0.08,0.056,0.912,"slow","Travelling","water","surface","",2016-08-09 16:23:18
4,"4.slow",9,"9.Travelling","27543","2016-08-09 16:23:18",0.65,0.088,0.116,0.9,"slow","Travelling","water","surface","",2016-08-09 16:23:18
4,"4.slow",9,"9.Travelling","27544","2016-08-09 16:23:18",0.65,0.124,0.164,0.928,"slow","Travelling","water","surface","",2016-08-09 16:23:18
4,"4.slow",9,"9.Travelling","27545","2016-08-09 16:23:18",0.65,0.164,0.14,0.924,"slow","Travelling","water","surface","",2016-08-09 16:23:18
4,"4.slow",9,"9.Travelling","27546","2016-08-09 16:23:18",0.65,0.212,0.096,0.916,"slow","Travelling","water","surface","",2016-08-09 16:23:18
4,"4.slow",9,"9.Travelling","27547","2016-08-09 16:23:18",0.65,0.232,0.052,0.892,"slow","Travelling","water","surface","",2016-08-09 16:23:18
4,"4.slow",9,"9.Travelling","27548","2016-08-09 16:23:18",0.65,0.208,0.028,0.884,"slow","Travelling","water","surface","",2016-08-09 16:23:18
4,"4.slow",9,"9.Travelling","27549","2016-08-09 16:23:18",0.65,0.184,0.016,0.908,"slow","Travelling","water","surface","",2016-08-09 16:23:18
4,"4.slow",9,"9.Travelling","27550","2016-08-09 16:23:18",0.65,0.172,-0.004,0.92,"slow","Travelling","water","surface","",2016-08-09 16:23:18
4,"4.slow",9,"9.Travelling","27551","2016-08-09 16:23:18",0.65,0.156,-0.008,0.912,"slow","Travelling","water","surface","",2016-08-09 16:23:18
4,"4.slow",9,"9.Travelling","27552","2016-08-09 16:23:18",0.65,0.14,0.012,0.92,"slow","Travelling","water","surface","",2016-08-09 16:23:18
4,"4.slow",9,"9.Travelling","27553","2016-08-09 16:23:18",0.65,0.14,0.028,0.94,"slow","Travelling","water","surface","",2016-08-09 16:23:18
4,"4.slow",9,"9.Travelling","27554","2016-08-09 16:23:18",0.65,0.16,0.028,0.936,"slow","Travelling","water","surface","",2016-08-09 16:23:18
4,"4.slow",9,"9.Travelling","27555","2016-08-09 16:23:18",0.65,0.184,0.016,0.924,"slow","Travelling","water","surface","",2016-08-09 16:23:18
4,"4.slow",9,"9.Travelling","27556","2016-08-09 16:23:19",0.65,0.188,0.012,0.908,"slow","Travelling","water","surface","",2016-08-09 16:23:19
4,"4.slow",9,"9.Travelling","27557","2016-08-09 16:23:19",0.65,0.172,-0.004,0.912,"slow","Travelling","water","surface","",2016-08-09 16:23:19
4,"4.slow",9,"9.Travelling","27558","2016-08-09 16:23:19",0.65,0.188,-0.028,0.904,"slow","Travelling","water","surface","",2016-08-09 16:23:19
4,"4.slow",9,"9.Travelling","27559","2016-08-09 16:23:19",0.65,0.188,-0.072,0.9,"slow","Travelling","water","surface","",2016-08-09 16:23:19
4,"4.slow",9,"9.Travelling","27560","2016-08-09 16:23:19",0.65,0.2,-0.068,0.904,"slow","Travelling","water","surface","",2016-08-09 16:23:19
4,"4.slow",9,"9.Travelling","27561","2016-08-09 16:23:19",0.65,0.204,-0.048,0.9,"slow","Travelling","water","surface","",2016-08-09 16:23:19
4,"4.slow",9,"9.Travelling","27562","2016-08-09 16:23:19",0.65,0.216,-0.028,0.92,"slow","Travelling","water","surface","",2016-08-09 16:23:19
4,"4.slow",9,"9.Travelling","27563","2016-08-09 16:23:19",0.65,0.22,-0.024,0.924,"slow","Travelling","water","surface","",2016-08-09 16:23:19
4,"4.slow",9,"9.Travelling","27564","2016-08-09 16:23:19",0.65,0.232,-0.044,0.928,"slow","Travelling","water","surface","",2016-08-09 16:23:19
4,"4.slow",9,"9.Travelling","27565","2016-08-09 16:23:19",0.65,0.236,-0.032,0.92,"slow","Travelling","water","surface","",2016-08-09 16:23:19
4,"4.slow",9,"9.Travelling","27566","2016-08-09 16:23:19",0.65,0.256,-0.024,0.928,"slow","Travelling","water","surface","",2016-08-09 16:23:19
4,"4.slow",9,"9.Travelling","27567","2016-08-09 16:23:19",0.65,0.28,-0.052,0.904,"slow","Travelling","water","surface","",2016-08-09 16:23:19
4,"4.slow",9,"9.Travelling","27568","2016-08-09 16:23:19",0.65,0.328,-0.072,0.888,"slow","Travelling","water","surface","",2016-08-09 16:23:19
4,"4.slow",9,"9.Travelling","27569","2016-08-09 16:23:19",0.65,0.328,-0.056,0.868,"slow","Travelling","water","surface","",2016-08-09 16:23:19
4,"4.slow",9,"9.Travelling","27570","2016-08-09 16:23:19",0.65,0.32,-0.04,0.868,"slow","Travelling","water","surface","",2016-08-09 16:23:19
4,"4.slow",9,"9.Travelling","27571","2016-08-09 16:23:19",0.65,0.316,0.004,0.868,"slow","Travelling","water","surface","",2016-08-09 16:23:19
4,"4.slow",9,"9.Travelling","27572","2016-08-09 16:23:19",0.65,0.316,0.008,0.876,"slow","Travelling","water","surface","",2016-08-09 16:23:19
4,"4.slow",9,"9.Travelling","27573","2016-08-09 16:23:19",0.65,0.308,-0.008,0.88,"slow","Travelling","water","surface","",2016-08-09 16:23:19
4,"4.slow",9,"9.Travelling","27574","2016-08-09 16:23:19",0.65,0.256,-0.004,0.856,"slow","Travelling","water","surface","",2016-08-09 16:23:19
4,"4.slow",9,"9.Travelling","27575","2016-08-09 16:23:19",0.65,0.208,0.012,0.9,"slow","Travelling","water","surface","",2016-08-09 16:23:19
4,"4.slow",9,"9.Travelling","27576","2016-08-09 16:23:19",0.65,0.204,-0.032,0.912,"slow","Travelling","water","surface","",2016-08-09 16:23:19
4,"4.slow",9,"9.Travelling","27577","2016-08-09 16:23:19",0.65,0.2,-0.092,0.944,"slow","Travelling","water","surface","",2016-08-09 16:23:19
4,"4.slow",9,"9.Travelling","27578","2016-08-09 16:23:19",0.65,0.184,-0.144,0.912,"slow","Travelling","water","surface","",2016-08-09 16:23:19
4,"4.slow",9,"9.Travelling","27579","2016-08-09 16:23:19",0.65,0.188,-0.176,0.9,"slow","Travelling","water","surface","",2016-08-09 16:23:19
4,"4.slow",9,"9.Travelling","27580","2016-08-09 16:23:20",0.65,0.208,-0.152,0.868,"slow","Travelling","water","surface","",2016-08-09 16:23:20
4,"4.slow",9,"9.Travelling","27581","2016-08-09 16:23:20",0.65,0.2,-0.112,0.884,"slow","Travelling","water","surface","",2016-08-09 16:23:20
4,"4.slow",9,"9.Travelling","27582","2016-08-09 16:23:20",0.65,0.176,-0.08,0.876,"slow","Travelling","water","surface","",2016-08-09 16:23:20
4,"4.slow",9,"9.Travelling","27583","2016-08-09 16:23:20",0.65,0.136,-0.06,0.848,"slow","Travelling","water","surface","",2016-08-09 16:23:20
4,"4.slow",9,"9.Travelling","27584","2016-08-09 16:23:20",0.65,0.144,-0.02,0.964,"slow","Travelling","water","surface","",2016-08-09 16:23:20
4,"4.slow",9,"9.Travelling","27585","2016-08-09 16:23:20",0.65,0.104,0.02,0.904,"slow","Travelling","water","surface","",2016-08-09 16:23:20
4,"4.slow",9,"9.Travelling","27586","2016-08-09 16:23:20",0.65,0.052,-0.004,0.948,"slow","Travelling","water","surface","",2016-08-09 16:23:20
4,"4.slow",9,"9.Travelling","27587","2016-08-09 16:23:20",0.65,0.096,0,1.028,"slow","Travelling","water","surface","",2016-08-09 16:23:20
4,"4.slow",9,"9.Travelling","27588","2016-08-09 16:23:20",0.65,0.08,0.052,0.976,"slow","Travelling","water","surface","",2016-08-09 16:23:20
4,"4.slow",9,"9.Travelling","27589","2016-08-09 16:23:20",0.65,0.076,-0.1,0.92,"slow","Travelling","water","surface","",2016-08-09 16:23:20
4,"4.slow",9,"9.Travelling","27590","2016-08-09 16:23:20",0.65,0.156,-0.264,0.836,"slow","Travelling","water","surface","",2016-08-09 16:23:20
4,"4.slow",9,"9.Travelling","27591","2016-08-09 16:23:20",0.65,0.236,-0.356,0.856,"slow","Travelling","water","surface","",2016-08-09 16:23:20
4,"4.slow",9,"9.Travelling","27592","2016-08-09 16:23:20",0.65,0.252,-0.36,0.824,"slow","Travelling","water","surface","",2016-08-09 16:23:20
4,"4.slow",9,"9.Travelling","27593","2016-08-09 16:23:20",0.65,0.128,-0.292,0.788,"slow","Travelling","water","surface","",2016-08-09 16:23:20
4,"4.slow",9,"9.Travelling","27594","2016-08-09 16:23:20",0.65,-0.028,-0.216,0.728,"slow","Travelling","water","surface","",2016-08-09 16:23:20
4,"4.slow",9,"9.Travelling","27595","2016-08-09 16:23:20",0.65,-0.296,-0.304,0.46,"slow","Travelling","water","surface","",2016-08-09 16:23:20
4,"4.slow",9,"9.Travelling","27596","2016-08-09 16:23:20",0.65,-0.396,-0.324,0.472,"slow","Travelling","water","surface","",2016-08-09 16:23:20
4,"4.slow",9,"9.Travelling","27597","2016-08-09 16:23:20",0.65,-0.424,-0.312,0.3,"slow","Travelling","water","surface","",2016-08-09 16:23:20
4,"4.slow",9,"9.Travelling","27598","2016-08-09 16:23:20",0.65,-0.464,-0.388,0.248,"slow","Travelling","water","surface","",2016-08-09 16:23:20
4,"4.slow",9,"9.Travelling","27599","2016-08-09 16:23:20",0.68,-0.452,-0.496,0.272,"slow","Travelling","water","surface","",2016-08-09 16:23:20
4,"4.slow",9,"9.Travelling","27600","2016-08-09 16:23:20",0.75,-0.512,-0.492,0.244,"slow","Travelling","water","surface","",2016-08-09 16:23:20
4,"4.slow",9,"9.Travelling","27601","2016-08-09 16:23:20",0.78,-0.62,-0.428,0.172,"slow","Travelling","water","surface","",2016-08-09 16:23:20
4,"4.slow",9,"9.Travelling","27602","2016-08-09 16:23:20",0.81,-0.732,-0.34,0.096,"slow","Travelling","water","surface","",2016-08-09 16:23:20
4,"4.slow",9,"9.Travelling","27603","2016-08-09 16:23:20",0.84,-0.888,-0.248,0.036,"slow","Travelling","water","surface","",2016-08-09 16:23:20
4,"4.slow",9,"9.Travelling","27604","2016-08-09 16:23:21",0.87,-0.984,-0.196,-0.02,"slow","Travelling","water","surface","",2016-08-09 16:23:21
4,"4.slow",9,"9.Travelling","27605","2016-08-09 16:23:21",0.9,-1.04,-0.196,-0.092,"slow","Travelling","water","surface","",2016-08-09 16:23:21
4,"4.slow",9,"9.Travelling","27606","2016-08-09 16:23:21",0.96,-1.02,-0.284,-0.1,"slow","Travelling","water","surface","",2016-08-09 16:23:21
4,"4.slow",9,"9.Travelling","27607","2016-08-09 16:23:21",1,-0.984,-0.352,-0.116,"slow","Travelling","water","surface","",2016-08-09 16:23:21
4,"4.slow",9,"9.Travelling","27608","2016-08-09 16:23:21",1.03,-0.96,-0.384,-0.084,"slow","Travelling","water","surface","",2016-08-09 16:23:21
4,"4.slow",9,"9.Travelling","27609","2016-08-09 16:23:21",1.06,-0.932,-0.356,-0.024,"slow","Travelling","water","underwater","",2016-08-09 16:23:21
4,"4.slow",9,"9.Travelling","27610","2016-08-09 16:23:21",1.12,-0.928,-0.372,-0.004,"slow","Travelling","water","underwater","",2016-08-09 16:23:21
4,"4.slow",9,"9.Travelling","27611","2016-08-09 16:23:21",1.12,-0.968,-0.388,-0.004,"slow","Travelling","water","underwater","",2016-08-09 16:23:21
4,"4.slow",9,"9.Travelling","27612","2016-08-09 16:23:21",1.18,-1.016,-0.444,-0.004,"slow","Travelling","water","underwater","",2016-08-09 16:23:21
4,"4.slow",9,"9.Travelling","27613","2016-08-09 16:23:21",1.21,-1.052,-0.484,0,"slow","Travelling","water","underwater","",2016-08-09 16:23:21
4,"4.slow",9,"9.Travelling","27614","2016-08-09 16:23:21",1.25,-1.052,-0.46,0.04,"slow","Travelling","water","underwater","",2016-08-09 16:23:21
4,"4.slow",9,"9.Travelling","27615","2016-08-09 16:23:21",1.28,-1.016,-0.44,0.12,"slow","Travelling","water","underwater","",2016-08-09 16:23:21
4,"4.slow",9,"9.Travelling","27616","2016-08-09 16:23:21",1.31,-1,-0.44,0.164,"slow","Travelling","water","underwater","",2016-08-09 16:23:21
4,"4.slow",9,"9.Travelling","27617","2016-08-09 16:23:21",1.34,-0.984,-0.432,0.252,"slow","Travelling","water","underwater","",2016-08-09 16:23:21
4,"4.slow",9,"9.Travelling","27618","2016-08-09 16:23:21",1.37,-0.98,-0.424,0.34,"slow","Travelling","water","underwater","",2016-08-09 16:23:21
4,"4.slow",9,"9.Travelling","27619","2016-08-09 16:23:21",1.37,-0.948,-0.432,0.432,"slow","Travelling","water","underwater","",2016-08-09 16:23:21
4,"4.slow",9,"9.Travelling","27620","2016-08-09 16:23:21",1.4,-0.896,-0.4,0.532,"slow","Travelling","water","underwater","",2016-08-09 16:23:21
4,"4.slow",9,"9.Travelling","27621","2016-08-09 16:23:21",1.43,-0.844,-0.388,0.608,"slow","Travelling","water","underwater","",2016-08-09 16:23:21
4,"4.slow",9,"9.Travelling","27622","2016-08-09 16:23:21",1.43,-0.776,-0.352,0.656,"slow","Travelling","water","underwater","",2016-08-09 16:23:21
4,"4.slow",9,"9.Travelling","27623","2016-08-09 16:23:21",1.43,-0.716,-0.344,0.708,"slow","Travelling","water","underwater","",2016-08-09 16:23:21
4,"4.slow",9,"9.Travelling","27624","2016-08-09 16:23:21",1.43,-0.66,-0.304,0.744,"slow","Travelling","water","underwater","",2016-08-09 16:23:21
4,"4.slow",9,"9.Travelling","27625","2016-08-09 16:23:21",1.46,-0.592,-0.26,0.752,"slow","Travelling","water","underwater","",2016-08-09 16:23:21
4,"4.slow",9,"9.Travelling","27626","2016-08-09 16:23:21",1.46,-0.532,-0.236,0.772,"slow","Travelling","water","underwater","",2016-08-09 16:23:21
4,"4.slow",9,"9.Travelling","27627","2016-08-09 16:23:22",1.46,-0.44,-0.26,0.808,"slow","Travelling","water","underwater","",2016-08-09 16:23:22
4,"4.slow",9,"9.Travelling","27628","2016-08-09 16:23:22",1.46,-0.38,-0.308,0.84,"slow","Travelling","water","underwater","",2016-08-09 16:23:22
4,"4.slow",9,"9.Travelling","27629","2016-08-09 16:23:22",1.5,-0.304,-0.344,0.86,"slow","Travelling","water","underwater","",2016-08-09 16:23:22
4,"4.slow",9,"9.Travelling","27630","2016-08-09 16:23:22",1.5,-0.276,-0.356,0.876,"slow","Travelling","water","underwater","",2016-08-09 16:23:22
4,"4.slow",9,"9.Travelling","27631","2016-08-09 16:23:22",1.5,-0.264,-0.32,0.88,"slow","Travelling","water","underwater","",2016-08-09 16:23:22
4,"4.slow",9,"9.Travelling","27632","2016-08-09 16:23:22",1.53,-0.268,-0.264,0.9,"slow","Travelling","water","underwater","",2016-08-09 16:23:22
4,"4.slow",9,"9.Travelling","27633","2016-08-09 16:23:22",1.53,-0.272,-0.228,0.924,"slow","Travelling","water","underwater","",2016-08-09 16:23:22
4,"4.slow",9,"9.Travelling","27634","2016-08-09 16:23:22",1.53,-0.272,-0.132,0.912,"slow","Travelling","water","underwater","",2016-08-09 16:23:22
4,"4.slow",9,"9.Travelling","27635","2016-08-09 16:23:22",1.53,-0.292,-0.056,0.888,"slow","Travelling","water","underwater","",2016-08-09 16:23:22
4,"4.slow",9,"9.Travelling","27636","2016-08-09 16:23:22",1.56,-0.288,0.02,0.892,"slow","Travelling","water","underwater","",2016-08-09 16:23:22
4,"4.slow",9,"9.Travelling","27637","2016-08-09 16:23:22",1.56,-0.264,0.068,0.904,"slow","Travelling","water","underwater","",2016-08-09 16:23:22
4,"4.slow",9,"9.Travelling","27638","2016-08-09 16:23:22",1.56,-0.224,0.144,0.912,"slow","Travelling","water","underwater","",2016-08-09 16:23:22
4,"4.slow",9,"9.Travelling","27639","2016-08-09 16:23:22",1.56,-0.184,0.208,0.924,"slow","Travelling","water","underwater","",2016-08-09 16:23:22
4,"4.slow",9,"9.Travelling","27640","2016-08-09 16:23:22",1.56,-0.16,0.252,0.924,"slow","Travelling","water","underwater","",2016-08-09 16:23:22
4,"4.slow",9,"9.Travelling","27641","2016-08-09 16:23:22",1.56,-0.132,0.296,0.928,"slow","Travelling","water","underwater","",2016-08-09 16:23:22
4,"4.slow",9,"9.Travelling","27642","2016-08-09 16:23:22",1.56,-0.076,0.348,0.932,"slow","Travelling","water","underwater","",2016-08-09 16:23:22
4,"4.slow",9,"9.Travelling","27643","2016-08-09 16:23:22",1.56,-0.036,0.372,0.94,"slow","Travelling","water","underwater","",2016-08-09 16:23:22
4,"4.slow",9,"9.Travelling","27644","2016-08-09 16:23:22",1.56,-0.016,0.352,0.94,"slow","Travelling","water","underwater","",2016-08-09 16:23:22
4,"4.slow",9,"9.Travelling","27645","2016-08-09 16:23:22",1.56,0.004,0.316,0.944,"slow","Travelling","water","underwater","",2016-08-09 16:23:22
4,"4.slow",9,"9.Travelling","27646","2016-08-09 16:23:22",1.56,0.068,0.288,0.928,"slow","Travelling","water","underwater","",2016-08-09 16:23:22
4,"4.slow",9,"9.Travelling","27647","2016-08-09 16:23:22",1.56,0.12,0.268,0.928,"slow","Travelling","water","underwater","",2016-08-09 16:23:22
4,"4.slow",9,"9.Travelling","27648","2016-08-09 16:23:22",1.56,0.168,0.288,0.916,"slow","Travelling","water","underwater","",2016-08-09 16:23:22
4,"4.slow",9,"9.Travelling","27649","2016-08-09 16:23:22",1.56,0.216,0.332,0.916,"slow","Travelling","water","underwater","",2016-08-09 16:23:22
4,"4.slow",9,"9.Travelling","27650","2016-08-09 16:23:22",1.56,0.268,0.352,0.92,"slow","Travelling","water","underwater","",2016-08-09 16:23:22
4,"4.slow",9,"9.Travelling","27651","2016-08-09 16:23:23",1.53,0.3,0.408,0.932,"slow","Travelling","water","underwater","",2016-08-09 16:23:23
4,"4.slow",9,"9.Travelling","27652","2016-08-09 16:23:23",1.53,0.384,0.384,0.896,"slow","Travelling","water","underwater","",2016-08-09 16:23:23
4,"4.slow",9,"9.Travelling","27653","2016-08-09 16:23:23",1.53,0.456,0.364,0.88,"slow","Travelling","water","underwater","",2016-08-09 16:23:23
4,"4.slow",9,"9.Travelling","27654","2016-08-09 16:23:23",1.5,0.476,0.396,0.816,"slow","Travelling","water","underwater","",2016-08-09 16:23:23
4,"4.slow",9,"9.Travelling","27655","2016-08-09 16:23:23",1.5,0.604,0.348,0.816,"slow","Travelling","water","underwater","",2016-08-09 16:23:23
4,"4.slow",9,"9.Travelling","27656","2016-08-09 16:23:23",1.5,0.56,0.392,0.824,"slow","Travelling","water","underwater","",2016-08-09 16:23:23
4,"4.slow",9,"9.Travelling","27657","2016-08-09 16:23:23",1.46,0.524,0.376,0.788,"slow","Travelling","water","underwater","",2016-08-09 16:23:23
4,"4.slow",9,"9.Travelling","27658","2016-08-09 16:23:23",1.43,0.492,0.316,0.752,"slow","Travelling","water","underwater","",2016-08-09 16:23:23
4,"4.slow",9,"9.Travelling","27659","2016-08-09 16:23:23",1.43,0.448,0.256,0.744,"slow","Travelling","water","underwater","",2016-08-09 16:23:23
4,"4.slow",9,"9.Travelling","27660","2016-08-09 16:23:23",1.43,0.436,0.26,0.744,"slow","Travelling","water","underwater","",2016-08-09 16:23:23
4,"4.slow",9,"9.Travelling","27661","2016-08-09 16:23:23",1.4,0.468,0.316,0.716,"slow","Travelling","water","underwater","",2016-08-09 16:23:23
4,"4.slow",9,"9.Travelling","27662","2016-08-09 16:23:23",1.4,0.528,0.376,0.688,"slow","Travelling","water","underwater","",2016-08-09 16:23:23
4,"4.slow",9,"9.Travelling","27663","2016-08-09 16:23:23",1.37,0.568,0.4,0.676,"slow","Travelling","water","underwater","",2016-08-09 16:23:23
4,"4.slow",9,"9.Travelling","27664","2016-08-09 16:23:23",1.37,0.604,0.388,0.672,"slow","Travelling","water","underwater","",2016-08-09 16:23:23
4,"4.slow",9,"9.Travelling","27665","2016-08-09 16:23:23",1.37,0.636,0.34,0.66,"slow","Travelling","water","underwater","",2016-08-09 16:23:23
4,"4.slow",9,"9.Travelling","27666","2016-08-09 16:23:23",1.34,0.684,0.288,0.664,"slow","Travelling","water","underwater","",2016-08-09 16:23:23
4,"4.slow",9,"9.Travelling","27667","2016-08-09 16:23:23",1.34,0.736,0.264,0.644,"slow","Travelling","water","underwater","",2016-08-09 16:23:23
4,"4.slow",9,"9.Travelling","27668","2016-08-09 16:23:23",1.31,0.776,0.28,0.608,"slow","Travelling","water","underwater","",2016-08-09 16:23:23
4,"4.slow",9,"9.Travelling","27669","2016-08-09 16:23:23",1.31,0.824,0.284,0.572,"slow","Travelling","water","underwater","",2016-08-09 16:23:23
4,"4.slow",9,"9.Travelling","27670","2016-08-09 16:23:23",1.31,0.848,0.272,0.552,"slow","Travelling","water","underwater","",2016-08-09 16:23:23
4,"4.slow",9,"9.Travelling","27671","2016-08-09 16:23:23",1.28,0.876,0.256,0.52,"slow","Travelling","water","underwater","",2016-08-09 16:23:23
4,"4.slow",9,"9.Travelling","27672","2016-08-09 16:23:23",1.25,0.904,0.22,0.508,"slow","Travelling","water","underwater","",2016-08-09 16:23:23
4,"4.slow",9,"9.Travelling","27673","2016-08-09 16:23:23",1.25,0.9,0.212,0.492,"slow","Travelling","water","underwater","",2016-08-09 16:23:23
4,"4.slow",9,"9.Travelling","27674","2016-08-09 16:23:23",1.21,0.932,0.22,0.468,"slow","Travelling","water","underwater","",2016-08-09 16:23:23
4,"4.slow",9,"9.Travelling","27675","2016-08-09 16:23:24",1.18,0.94,0.212,0.432,"slow","Travelling","water","underwater","",2016-08-09 16:23:24
4,"4.slow",9,"9.Travelling","27676","2016-08-09 16:23:24",1.15,0.944,0.22,0.412,"slow","Travelling","water","underwater","",2016-08-09 16:23:24
4,"4.slow",9,"9.Travelling","27677","2016-08-09 16:23:24",1.12,0.956,0.22,0.38,"slow","Travelling","water","underwater","",2016-08-09 16:23:24
4,"4.slow",9,"9.Travelling","27678","2016-08-09 16:23:24",1.12,0.968,0.224,0.368,"slow","Travelling","water","underwater","",2016-08-09 16:23:24
4,"4.slow",9,"9.Travelling","27679","2016-08-09 16:23:24",1.09,0.992,0.192,0.348,"slow","Travelling","water","underwater","",2016-08-09 16:23:24
4,"4.slow",9,"9.Travelling","27680","2016-08-09 16:23:24",1.06,0.972,0.196,0.352,"slow","Travelling","water","underwater","",2016-08-09 16:23:24
4,"4.slow",9,"9.Travelling","27681","2016-08-09 16:23:24",1.03,0.956,0.216,0.36,"slow","Travelling","water","surface","",2016-08-09 16:23:24
4,"4.slow",9,"9.Travelling","27682","2016-08-09 16:23:24",1.03,0.94,0.192,0.352,"slow","Travelling","water","surface","",2016-08-09 16:23:24
4,"4.slow",9,"9.Travelling","27683","2016-08-09 16:23:24",0.96,0.924,0.148,0.36,"slow","Travelling","water","surface","",2016-08-09 16:23:24
4,"4.slow",9,"9.Travelling","27684","2016-08-09 16:23:24",0.96,0.916,0.108,0.348,"slow","Travelling","water","surface","",2016-08-09 16:23:24
4,"4.slow",9,"9.Travelling","27685","2016-08-09 16:23:24",0.93,0.932,0.044,0.348,"slow","Travelling","water","surface","",2016-08-09 16:23:24
4,"4.slow",9,"9.Travelling","27686","2016-08-09 16:23:24",0.9,0.924,0.024,0.384,"slow","Travelling","water","surface","",2016-08-09 16:23:24
4,"4.slow",9,"9.Travelling","27687","2016-08-09 16:23:24",0.9,0.916,0.016,0.424,"slow","Travelling","water","surface","",2016-08-09 16:23:24
4,"4.slow",9,"9.Travelling","27688","2016-08-09 16:23:24",0.87,0.9,0.012,0.452,"slow","Travelling","water","surface","",2016-08-09 16:23:24
4,"4.slow",9,"9.Travelling","27689","2016-08-09 16:23:24",0.81,0.884,0.036,0.452,"slow","Travelling","water","surface","",2016-08-09 16:23:24
4,"4.slow",9,"9.Travelling","27690","2016-08-09 16:23:24",0.78,0.856,0.08,0.424,"slow","Travelling","water","surface","",2016-08-09 16:23:24
4,"4.slow",9,"9.Travelling","27691","2016-08-09 16:23:24",0.78,0.8,0.064,0.424,"slow","Travelling","water","surface","",2016-08-09 16:23:24
4,"4.slow",9,"9.Travelling","27692","2016-08-09 16:23:24",0.71,0.8,0.096,0.488,"slow","Travelling","water","surface","",2016-08-09 16:23:24
4,"4.slow",9,"9.Travelling","27693","2016-08-09 16:23:24",0.71,0.8,0.104,0.492,"slow","Travelling","water","surface","",2016-08-09 16:23:24
4,"4.slow",9,"9.Travelling","27694","2016-08-09 16:23:24",0.68,0.82,0.132,0.48,"slow","Travelling","water","surface","",2016-08-09 16:23:24
4,"4.slow",9,"9.Travelling","27695","2016-08-09 16:23:24",0.65,0.752,0.152,0.52,"slow","Travelling","water","surface","",2016-08-09 16:23:24
4,"4.slow",9,"9.Travelling","27696","2016-08-09 16:23:24",0.68,0.68,0.088,0.54,"slow","Travelling","water","surface","",2016-08-09 16:23:24
4,"4.slow",9,"9.Travelling","27697","2016-08-09 16:23:24",0.65,0.556,0.044,0.436,"slow","Travelling","water","surface","",2016-08-09 16:23:24
4,"4.slow",9,"9.Travelling","27698","2016-08-09 16:23:24",0.65,0.624,0.104,0.572,"slow","Travelling","water","surface","",2016-08-09 16:23:24
4,"4.slow",9,"9.Travelling","27699","2016-08-09 16:23:25",0.65,0.604,0.136,0.648,"slow","Travelling","water","surface","",2016-08-09 16:23:25
4,"4.slow",9,"9.Travelling","27700","2016-08-09 16:23:25",0.65,0.468,0.124,0.656,"slow","Travelling","water","surface","",2016-08-09 16:23:25
4,"4.slow",9,"9.Travelling","27701","2016-08-09 16:23:25",0.65,0.376,0.088,0.724,"slow","Travelling","water","surface","",2016-08-09 16:23:25
4,"4.slow",9,"9.Travelling","27702","2016-08-09 16:23:25",0.65,0.332,0.064,0.716,"slow","Travelling","water","surface","",2016-08-09 16:23:25
4,"4.slow",9,"9.Travelling","27703","2016-08-09 16:23:25",0.65,0.312,0.092,0.688,"slow","Travelling","water","surface","",2016-08-09 16:23:25
4,"4.slow",9,"9.Travelling","27704","2016-08-09 16:23:25",0.65,0.288,0.136,0.7,"slow","Travelling","water","surface","",2016-08-09 16:23:25
4,"4.slow",9,"9.Travelling","27705","2016-08-09 16:23:25",0.65,0.268,0.188,0.78,"slow","Travelling","water","surface","",2016-08-09 16:23:25
4,"4.slow",9,"9.Travelling","27706","2016-08-09 16:23:25",0.65,0.228,0.228,0.86,"slow","Travelling","water","surface","",2016-08-09 16:23:25
4,"4.slow",9,"9.Travelling","27707","2016-08-09 16:23:25",0.65,0.168,0.232,0.832,"slow","Travelling","water","surface","",2016-08-09 16:23:25
4,"4.slow",9,"9.Travelling","27708","2016-08-09 16:23:25",0.65,0.136,0.232,0.828,"slow","Travelling","water","surface","",2016-08-09 16:23:25
4,"4.slow",9,"9.Travelling","27709","2016-08-09 16:23:25",0.65,0.128,0.268,0.868,"slow","Travelling","water","surface","",2016-08-09 16:23:25
4,"4.slow",9,"9.Travelling","27710","2016-08-09 16:23:25",0.65,0.14,0.328,0.876,"slow","Travelling","water","surface","",2016-08-09 16:23:25
4,"4.slow",9,"9.Travelling","27711","2016-08-09 16:23:25",0.65,0.16,0.384,0.9,"slow","Travelling","water","surface","",2016-08-09 16:23:25
4,"4.slow",9,"9.Travelling","27712","2016-08-09 16:23:25",0.65,0.184,0.4,0.876,"slow","Travelling","water","surface","",2016-08-09 16:23:25
4,"4.slow",9,"9.Travelling","27713","2016-08-09 16:23:25",0.65,0.192,0.424,0.856,"slow","Travelling","water","surface","",2016-08-09 16:23:25
4,"4.slow",9,"9.Travelling","27714","2016-08-09 16:23:25",0.65,0.208,0.436,0.848,"slow","Travelling","water","surface","",2016-08-09 16:23:25
4,"4.slow",9,"9.Travelling","27715","2016-08-09 16:23:25",0.65,0.212,0.436,0.868,"slow","Travelling","water","surface","",2016-08-09 16:23:25
4,"4.slow",9,"9.Travelling","27716","2016-08-09 16:23:25",0.65,0.204,0.448,0.86,"slow","Travelling","water","surface","",2016-08-09 16:23:25
4,"4.slow",9,"9.Travelling","27717","2016-08-09 16:23:25",0.65,0.176,0.436,0.868,"slow","Travelling","water","surface","",2016-08-09 16:23:25
4,"4.slow",9,"9.Travelling","27718","2016-08-09 16:23:25",0.65,0.152,0.416,0.884,"slow","Travelling","water","surface","",2016-08-09 16:23:25
4,"4.slow",9,"9.Travelling","27719","2016-08-09 16:23:25",0.65,0.152,0.4,0.888,"slow","Travelling","water","surface","",2016-08-09 16:23:25
4,"4.slow",9,"9.Travelling","27720","2016-08-09 16:23:25",0.65,0.16,0.4,0.884,"slow","Travelling","water","surface","",2016-08-09 16:23:25
4,"4.slow",9,"9.Travelling","27721","2016-08-09 16:23:25",0.65,0.152,0.42,0.884,"slow","Travelling","water","surface","",2016-08-09 16:23:25
4,"4.slow",9,"9.Travelling","27722","2016-08-09 16:23:25",0.65,0.156,0.424,0.892,"slow","Travelling","water","surface","",2016-08-09 16:23:25
4,"4.slow",9,"9.Travelling","27723","2016-08-09 16:23:26",0.65,0.164,0.436,0.88,"slow","Travelling","water","surface","",2016-08-09 16:23:26
4,"4.slow",9,"9.Travelling","27724","2016-08-09 16:23:26",0.65,0.156,0.44,0.86,"slow","Travelling","water","surface","",2016-08-09 16:23:26
4,"4.slow",9,"9.Travelling","27725","2016-08-09 16:23:26",0.65,0.176,0.444,0.872,"slow","Travelling","water","surface","",2016-08-09 16:23:26
4,"4.slow",9,"9.Travelling","27726","2016-08-09 16:23:26",0.65,0.184,0.452,0.852,"slow","Travelling","water","surface","",2016-08-09 16:23:26
4,"4.slow",9,"9.Travelling","27727","2016-08-09 16:23:26",0.65,0.208,0.444,0.848,"slow","Travelling","water","surface","",2016-08-09 16:23:26
4,"4.slow",9,"9.Travelling","27728","2016-08-09 16:23:26",0.65,0.188,0.428,0.84,"slow","Travelling","water","surface","",2016-08-09 16:23:26
4,"4.slow",9,"9.Travelling","27729","2016-08-09 16:23:26",0.65,0.172,0.428,0.82,"slow","Travelling","water","surface","",2016-08-09 16:23:26
4,"4.slow",9,"9.Travelling","27730","2016-08-09 16:23:26",0.65,0.136,0.42,0.832,"slow","Travelling","water","surface","",2016-08-09 16:23:26
4,"4.slow",9,"9.Travelling","27731","2016-08-09 16:23:26",0.65,0.124,0.432,0.844,"slow","Travelling","water","surface","",2016-08-09 16:23:26
4,"4.slow",9,"9.Travelling","27732","2016-08-09 16:23:26",0.65,0.116,0.428,0.86,"slow","Travelling","water","surface","",2016-08-09 16:23:26
4,"4.slow",9,"9.Travelling","27733","2016-08-09 16:23:26",0.65,0.144,0.416,0.872,"slow","Travelling","water","surface","",2016-08-09 16:23:26
4,"4.slow",9,"9.Travelling","27734","2016-08-09 16:23:26",0.65,0.16,0.38,0.88,"slow","Travelling","water","surface","",2016-08-09 16:23:26
4,"4.slow",9,"9.Travelling","27735","2016-08-09 16:23:26",0.65,0.172,0.356,0.884,"slow","Travelling","water","surface","",2016-08-09 16:23:26
4,"4.slow",9,"9.Travelling","27736","2016-08-09 16:23:26",0.65,0.188,0.368,0.9,"slow","Travelling","water","surface","",2016-08-09 16:23:26
4,"4.slow",9,"9.Travelling","27737","2016-08-09 16:23:26",0.65,0.172,0.372,0.912,"slow","Travelling","water","surface","",2016-08-09 16:23:26
4,"4.slow",9,"9.Travelling","27738","2016-08-09 16:23:26",0.65,0.144,0.376,0.896,"slow","Travelling","water","surface","",2016-08-09 16:23:26
4,"4.slow",9,"9.Travelling","27739","2016-08-09 16:23:26",0.65,0.092,0.32,0.852,"slow","Travelling","water","surface","",2016-08-09 16:23:26
4,"4.slow",9,"9.Travelling","27740","2016-08-09 16:23:26",0.65,0.036,0.316,0.832,"slow","Travelling","water","surface","",2016-08-09 16:23:26
4,"4.slow",9,"9.Travelling","27741","2016-08-09 16:23:26",0.65,-0.048,0.312,0.804,"slow","Travelling","water","surface","",2016-08-09 16:23:26
4,"4.slow",9,"9.Travelling","27742","2016-08-09 16:23:26",0.65,-0.112,0.276,0.8,"slow","Travelling","water","surface","",2016-08-09 16:23:26
4,"4.slow",9,"9.Travelling","27743","2016-08-09 16:23:26",0.65,-0.164,0.24,0.772,"slow","Travelling","water","surface","",2016-08-09 16:23:26
4,"4.slow",9,"9.Travelling","27744","2016-08-09 16:23:26",0.65,-0.212,0.176,0.74,"slow","Travelling","water","surface","",2016-08-09 16:23:26
4,"4.slow",9,"9.Travelling","27745","2016-08-09 16:23:26",0.65,-0.248,0.1,0.744,"slow","Travelling","water","surface","",2016-08-09 16:23:26
4,"4.slow",9,"9.Travelling","27746","2016-08-09 16:23:26",0.65,-0.288,0.096,0.708,"slow","Travelling","water","surface","",2016-08-09 16:23:26
4,"4.slow",9,"9.Travelling","27747","2016-08-09 16:23:27",0.65,-0.344,0.096,0.68,"slow","Travelling","water","surface","",2016-08-09 16:23:27
4,"4.slow",9,"9.Travelling","27748","2016-08-09 16:23:27",0.65,-0.436,0.052,0.612,"slow","Travelling","water","surface","",2016-08-09 16:23:27
4,"4.slow",9,"9.Travelling","27749","2016-08-09 16:23:27",0.65,-0.528,0.112,0.552,"slow","Travelling","water","surface","",2016-08-09 16:23:27
4,"4.slow",9,"9.Travelling","27750","2016-08-09 16:23:27",0.65,-0.596,0.164,0.508,"slow","Travelling","water","surface","",2016-08-09 16:23:27
4,"4.slow",9,"9.Travelling","27751","2016-08-09 16:23:27",0.68,-0.416,0.252,0.448,"slow","Travelling","water","surface","",2016-08-09 16:23:27
4,"4.slow",9,"9.Travelling","27752","2016-08-09 16:23:27",0.71,-0.532,0.24,0.404,"slow","Travelling","water","surface","",2016-08-09 16:23:27
4,"4.slow",9,"9.Travelling","27753","2016-08-09 16:23:27",0.75,-0.652,0.24,0.372,"slow","Travelling","water","surface","",2016-08-09 16:23:27
4,"4.slow",9,"9.Travelling","27754","2016-08-09 16:23:27",0.78,-0.756,0.248,0.336,"slow","Travelling","water","surface","",2016-08-09 16:23:27
4,"4.slow",9,"9.Travelling","27755","2016-08-09 16:23:27",0.78,-0.816,0.236,0.3,"slow","Travelling","water","surface","",2016-08-09 16:23:27
4,"4.slow",9,"9.Travelling","27756","2016-08-09 16:23:27",0.81,-0.86,0.224,0.26,"slow","Travelling","water","surface","",2016-08-09 16:23:27
4,"4.slow",9,"9.Travelling","27757","2016-08-09 16:23:27",0.84,-0.92,0.264,0.22,"slow","Travelling","water","surface","",2016-08-09 16:23:27
4,"4.slow",9,"9.Travelling","27758","2016-08-09 16:23:27",0.87,-0.94,0.284,0.204,"slow","Travelling","water","surface","",2016-08-09 16:23:27
4,"4.slow",9,"9.Travelling","27759","2016-08-09 16:23:27",0.93,-0.948,0.272,0.224,"slow","Travelling","water","surface","",2016-08-09 16:23:27
4,"4.slow",9,"9.Travelling","27760","2016-08-09 16:23:27",0.93,-0.932,0.316,0.212,"slow","Travelling","water","surface","",2016-08-09 16:23:27
4,"4.slow",9,"9.Travelling","27761","2016-08-09 16:23:27",0.96,-0.936,0.332,0.2,"slow","Travelling","water","surface","",2016-08-09 16:23:27
4,"4.slow",9,"9.Travelling","27762","2016-08-09 16:23:27",1,-0.908,0.36,0.188,"slow","Travelling","water","surface","",2016-08-09 16:23:27
4,"4.slow",9,"9.Travelling","27763","2016-08-09 16:23:27",1.03,-0.888,0.44,0.188,"slow","Travelling","water","surface","",2016-08-09 16:23:27
4,"4.slow",9,"9.Travelling","27764","2016-08-09 16:23:27",1.06,-0.872,0.484,0.164,"slow","Travelling","water","underwater","",2016-08-09 16:23:27
4,"4.slow",9,"9.Travelling","27765","2016-08-09 16:23:27",1.09,-0.832,0.508,0.16,"slow","Travelling","water","underwater","",2016-08-09 16:23:27
4,"4.slow",9,"9.Travelling","27766","2016-08-09 16:23:27",1.12,-0.812,0.524,0.168,"slow","Travelling","water","underwater","",2016-08-09 16:23:27
4,"4.slow",9,"9.Travelling","27767","2016-08-09 16:23:27",1.15,-0.812,0.564,0.152,"slow","Travelling","water","underwater","",2016-08-09 16:23:27
4,"4.slow",9,"9.Travelling","27768","2016-08-09 16:23:27",1.18,-0.836,0.584,0.112,"slow","Travelling","water","underwater","",2016-08-09 16:23:27
4,"4.slow",9,"9.Travelling","27769","2016-08-09 16:23:27",1.21,-0.856,0.62,0.092,"slow","Travelling","water","underwater","",2016-08-09 16:23:27
4,"4.slow",9,"9.Travelling","27770","2016-08-09 16:23:28",1.25,-0.86,0.596,0.092,"slow","Travelling","water","underwater","",2016-08-09 16:23:28
4,"4.slow",9,"9.Travelling","27771","2016-08-09 16:23:28",1.28,-0.884,0.628,0.08,"slow","Travelling","water","underwater","",2016-08-09 16:23:28
4,"4.slow",9,"9.Travelling","27772","2016-08-09 16:23:28",1.31,-0.896,0.652,0.044,"slow","Travelling","water","underwater","",2016-08-09 16:23:28
4,"4.slow",9,"9.Travelling","27773","2016-08-09 16:23:28",1.31,-0.912,0.656,0.04,"slow","Travelling","water","underwater","",2016-08-09 16:23:28
4,"4.slow",9,"9.Travelling","27774","2016-08-09 16:23:28",1.37,-0.892,0.672,0.036,"slow","Travelling","water","underwater","",2016-08-09 16:23:28
4,"4.slow",9,"9.Travelling","27775","2016-08-09 16:23:28",1.37,-0.896,0.668,0.032,"slow","Travelling","water","underwater","",2016-08-09 16:23:28
4,"4.slow",9,"9.Travelling","27776","2016-08-09 16:23:28",1.4,-0.884,0.692,0.048,"slow","Travelling","water","underwater","",2016-08-09 16:23:28
4,"4.slow",9,"9.Travelling","27777","2016-08-09 16:23:28",1.43,-0.856,0.704,0.1,"slow","Travelling","water","underwater","",2016-08-09 16:23:28
4,"4.slow",9,"9.Travelling","27778","2016-08-09 16:23:28",1.43,-0.852,0.696,0.136,"slow","Travelling","water","underwater","",2016-08-09 16:23:28
4,"4.slow",9,"9.Travelling","27779","2016-08-09 16:23:28",1.46,-0.848,0.712,0.14,"slow","Travelling","water","underwater","",2016-08-09 16:23:28
4,"4.slow",9,"9.Travelling","27780","2016-08-09 16:23:28",1.5,-0.852,0.708,0.196,"slow","Travelling","water","underwater","",2016-08-09 16:23:28
4,"4.slow",9,"9.Travelling","27781","2016-08-09 16:23:28",1.5,-0.808,0.712,0.268,"slow","Travelling","water","underwater","",2016-08-09 16:23:28
4,"4.slow",9,"9.Travelling","27782","2016-08-09 16:23:28",1.5,-0.792,0.76,0.276,"slow","Travelling","water","underwater","",2016-08-09 16:23:28
4,"4.slow",9,"9.Travelling","27783","2016-08-09 16:23:28",1.5,-0.764,0.78,0.316,"slow","Travelling","water","underwater","",2016-08-09 16:23:28
4,"4.slow",9,"9.Travelling","27784","2016-08-09 16:23:28",1.53,-0.716,0.784,0.368,"slow","Travelling","water","underwater","",2016-08-09 16:23:28
4,"4.slow",9,"9.Travelling","27785","2016-08-09 16:23:28",1.53,-0.652,0.752,0.428,"slow","Travelling","water","underwater","",2016-08-09 16:23:28
4,"4.slow",9,"9.Travelling","27786","2016-08-09 16:23:28",1.53,-0.6,0.692,0.468,"slow","Travelling","water","underwater","",2016-08-09 16:23:28
4,"4.slow",9,"9.Travelling","27787","2016-08-09 16:23:28",1.53,-0.58,0.696,0.48,"slow","Travelling","water","underwater","",2016-08-09 16:23:28
4,"4.slow",9,"9.Travelling","27788","2016-08-09 16:23:28",1.5,-0.512,0.708,0.504,"slow","Travelling","water","underwater","",2016-08-09 16:23:28
4,"4.slow",9,"9.Travelling","27789","2016-08-09 16:23:28",1.53,-0.472,0.724,0.512,"slow","Travelling","water","underwater","",2016-08-09 16:23:28
4,"4.slow",9,"9.Travelling","27790","2016-08-09 16:23:28",1.53,-0.436,0.712,0.564,"slow","Travelling","water","underwater","",2016-08-09 16:23:28
4,"4.slow",9,"9.Travelling","27791","2016-08-09 16:23:28",1.53,-0.444,0.684,0.612,"slow","Travelling","water","underwater","",2016-08-09 16:23:28
4,"4.slow",9,"9.Travelling","27792","2016-08-09 16:23:28",1.53,-0.416,0.66,0.668,"slow","Travelling","water","underwater","",2016-08-09 16:23:28
4,"4.slow",9,"9.Travelling","27793","2016-08-09 16:23:28",1.53,-0.404,0.616,0.684,"slow","Travelling","water","underwater","",2016-08-09 16:23:28
4,"4.slow",9,"9.Travelling","27794","2016-08-09 16:23:29",1.53,-0.368,0.564,0.724,"slow","Travelling","water","underwater","",2016-08-09 16:23:29
4,"4.slow",9,"9.Travelling","27795","2016-08-09 16:23:29",1.53,-0.336,0.52,0.74,"slow","Travelling","water","underwater","",2016-08-09 16:23:29
4,"4.slow",9,"9.Travelling","27796","2016-08-09 16:23:29",1.53,-0.34,0.484,0.744,"slow","Travelling","water","underwater","",2016-08-09 16:23:29
4,"4.slow",9,"9.Travelling","27797","2016-08-09 16:23:29",1.53,-0.324,0.456,0.788,"slow","Travelling","water","underwater","",2016-08-09 16:23:29
4,"4.slow",9,"9.Travelling","27798","2016-08-09 16:23:29",1.53,-0.272,0.424,0.82,"slow","Travelling","water","underwater","",2016-08-09 16:23:29
4,"4.slow",9,"9.Travelling","27799","2016-08-09 16:23:29",1.5,-0.22,0.412,0.844,"slow","Travelling","water","underwater","",2016-08-09 16:23:29
4,"4.slow",9,"9.Travelling","27800","2016-08-09 16:23:29",1.53,-0.152,0.404,0.844,"slow","Travelling","water","underwater","",2016-08-09 16:23:29
4,"4.slow",9,"9.Travelling","27801","2016-08-09 16:23:29",1.53,-0.124,0.416,0.868,"slow","Travelling","water","underwater","",2016-08-09 16:23:29
4,"4.slow",9,"9.Travelling","27802","2016-08-09 16:23:29",1.53,-0.104,0.408,0.888,"slow","Travelling","water","underwater","",2016-08-09 16:23:29
4,"4.slow",9,"9.Travelling","27803","2016-08-09 16:23:29",1.53,-0.064,0.376,0.896,"slow","Travelling","water","underwater","",2016-08-09 16:23:29
4,"4.slow",9,"9.Travelling","27804","2016-08-09 16:23:29",1.53,-0.048,0.384,0.904,"slow","Travelling","water","underwater","",2016-08-09 16:23:29
4,"4.slow",9,"9.Travelling","27805","2016-08-09 16:23:29",1.53,-0.04,0.384,0.912,"slow","Travelling","water","underwater","",2016-08-09 16:23:29
4,"4.slow",9,"9.Travelling","27806","2016-08-09 16:23:29",1.5,-0.024,0.38,0.932,"slow","Travelling","water","underwater","",2016-08-09 16:23:29
4,"4.slow",9,"9.Travelling","27807","2016-08-09 16:23:29",1.5,0.012,0.376,0.908,"slow","Travelling","water","underwater","",2016-08-09 16:23:29
4,"4.slow",9,"9.Travelling","27808","2016-08-09 16:23:29",1.5,-0.008,0.364,0.928,"slow","Travelling","water","underwater","",2016-08-09 16:23:29
4,"4.slow",9,"9.Travelling","27809","2016-08-09 16:23:29",1.5,0.02,0.352,0.952,"slow","Travelling","water","underwater","",2016-08-09 16:23:29
4,"4.slow",9,"9.Travelling","27810","2016-08-09 16:23:29",1.5,0.064,0.296,0.928,"slow","Travelling","water","underwater","",2016-08-09 16:23:29
4,"4.slow",9,"9.Travelling","27811","2016-08-09 16:23:29",1.5,0.12,0.2,0.908,"slow","Travelling","water","underwater","",2016-08-09 16:23:29
4,"4.slow",9,"9.Travelling","27812","2016-08-09 16:23:29",1.5,0.176,0.156,0.912,"slow","Travelling","water","underwater","",2016-08-09 16:23:29
4,"4.slow",9,"9.Travelling","27813","2016-08-09 16:23:29",1.5,0.236,0.176,0.948,"slow","Travelling","water","underwater","",2016-08-09 16:23:29
4,"4.slow",9,"9.Travelling","27814","2016-08-09 16:23:29",1.46,0.276,0.2,0.956,"slow","Travelling","water","underwater","",2016-08-09 16:23:29
4,"4.slow",9,"9.Travelling","27815","2016-08-09 16:23:29",1.46,0.328,0.236,0.932,"slow","Travelling","water","underwater","",2016-08-09 16:23:29
4,"4.slow",9,"9.Travelling","27816","2016-08-09 16:23:29",1.46,0.368,0.252,0.9,"slow","Travelling","water","underwater","",2016-08-09 16:23:29
4,"4.slow",9,"9.Travelling","27817","2016-08-09 16:23:29",1.46,0.432,0.244,0.88,"slow","Travelling","water","underwater","",2016-08-09 16:23:29
4,"4.slow",9,"9.Travelling","27818","2016-08-09 16:23:30",1.43,0.492,0.232,0.844,"slow","Travelling","water","underwater","",2016-08-09 16:23:30
4,"4.slow",9,"9.Travelling","27819","2016-08-09 16:23:30",1.43,0.552,0.208,0.848,"slow","Travelling","water","underwater","",2016-08-09 16:23:30
4,"4.slow",9,"9.Travelling","27820","2016-08-09 16:23:30",1.43,0.6,0.196,0.836,"slow","Travelling","water","underwater","",2016-08-09 16:23:30
4,"4.slow",9,"9.Travelling","27821","2016-08-09 16:23:30",1.4,0.632,0.204,0.8,"slow","Travelling","water","underwater","",2016-08-09 16:23:30
4,"4.slow",9,"9.Travelling","27822","2016-08-09 16:23:30",1.4,0.664,0.212,0.78,"slow","Travelling","water","underwater","",2016-08-09 16:23:30
4,"4.slow",9,"9.Travelling","27823","2016-08-09 16:23:30",1.37,0.672,0.204,0.76,"slow","Travelling","water","underwater","",2016-08-09 16:23:30
4,"4.slow",9,"9.Travelling","27824","2016-08-09 16:23:30",1.37,0.684,0.22,0.712,"slow","Travelling","water","underwater","",2016-08-09 16:23:30
4,"4.slow",9,"9.Travelling","27825","2016-08-09 16:23:30",1.34,0.688,0.256,0.692,"slow","Travelling","water","underwater","",2016-08-09 16:23:30
4,"4.slow",9,"9.Travelling","27826","2016-08-09 16:23:30",1.34,0.728,0.272,0.664,"slow","Travelling","water","underwater","",2016-08-09 16:23:30
4,"4.slow",9,"9.Travelling","27827","2016-08-09 16:23:30",1.31,0.764,0.276,0.62,"slow","Travelling","water","underwater","",2016-08-09 16:23:30
4,"4.slow",9,"9.Travelling","27828","2016-08-09 16:23:30",1.28,0.808,0.3,0.58,"slow","Travelling","water","underwater","",2016-08-09 16:23:30
4,"4.slow",9,"9.Travelling","27829","2016-08-09 16:23:30",1.28,0.836,0.316,0.556,"slow","Travelling","water","underwater","",2016-08-09 16:23:30
4,"4.slow",9,"9.Travelling","27830","2016-08-09 16:23:30",1.25,0.844,0.34,0.564,"slow","Travelling","water","underwater","",2016-08-09 16:23:30
4,"4.slow",9,"9.Travelling","27831","2016-08-09 16:23:30",1.21,0.856,0.396,0.564,"slow","Travelling","water","underwater","",2016-08-09 16:23:30
4,"4.slow",9,"9.Travelling","27832","2016-08-09 16:23:30",1.21,0.86,0.4,0.54,"slow","Travelling","water","underwater","",2016-08-09 16:23:30
4,"4.slow",9,"9.Travelling","27833","2016-08-09 16:23:30",1.18,0.852,0.412,0.52,"slow","Travelling","water","underwater","",2016-08-09 16:23:30
4,"4.slow",9,"9.Travelling","27834","2016-08-09 16:23:30",1.15,0.84,0.412,0.504,"slow","Travelling","water","underwater","",2016-08-09 16:23:30
4,"4.slow",9,"9.Travelling","27835","2016-08-09 16:23:30",1.12,0.828,0.404,0.496,"slow","Travelling","water","underwater","",2016-08-09 16:23:30
4,"4.slow",9,"9.Travelling","27836","2016-08-09 16:23:30",1.09,0.8,0.388,0.508,"slow","Travelling","water","underwater","",2016-08-09 16:23:30
4,"4.slow",9,"9.Travelling","27837","2016-08-09 16:23:30",1.06,0.8,0.36,0.552,"slow","Travelling","water","underwater","",2016-08-09 16:23:30
4,"4.slow",9,"9.Travelling","27838","2016-08-09 16:23:30",1.03,0.804,0.34,0.564,"slow","Travelling","water","surface","",2016-08-09 16:23:30
4,"4.slow",9,"9.Travelling","27839","2016-08-09 16:23:30",1,0.804,0.328,0.564,"slow","Travelling","water","surface","",2016-08-09 16:23:30
4,"4.slow",9,"9.Travelling","27840","2016-08-09 16:23:30",0.96,0.8,0.36,0.568,"slow","Travelling","water","surface","",2016-08-09 16:23:30
4,"4.slow",9,"9.Travelling","27841","2016-08-09 16:23:30",0.93,0.772,0.396,0.564,"slow","Travelling","water","surface","",2016-08-09 16:23:30
4,"4.slow",9,"9.Travelling","27842","2016-08-09 16:23:31",0.9,0.772,0.388,0.6,"slow","Travelling","water","surface","",2016-08-09 16:23:31
4,"4.slow",9,"9.Travelling","27843","2016-08-09 16:23:31",0.84,0.772,0.404,0.604,"slow","Travelling","water","surface","",2016-08-09 16:23:31
4,"4.slow",9,"9.Travelling","27844","2016-08-09 16:23:31",0.81,0.776,0.42,0.592,"slow","Travelling","water","surface","",2016-08-09 16:23:31
4,"4.slow",9,"9.Travelling","27845","2016-08-09 16:23:31",0.75,0.768,0.424,0.572,"slow","Travelling","water","surface","",2016-08-09 16:23:31
4,"4.slow",9,"9.Travelling","27846","2016-08-09 16:23:31",0.71,0.716,0.408,0.612,"slow","Travelling","water","surface","",2016-08-09 16:23:31
4,"4.slow",9,"9.Travelling","27847","2016-08-09 16:23:31",0.68,0.648,0.336,0.56,"slow","Travelling","water","surface","",2016-08-09 16:23:31
4,"4.slow",9,"9.Travelling","27848","2016-08-09 16:23:31",0.65,0.572,0.248,0.484,"slow","Travelling","water","surface","",2016-08-09 16:23:31
4,"4.slow",9,"9.Travelling","27849","2016-08-09 16:23:31",0.68,0.496,0.264,0.532,"slow","Travelling","water","surface","",2016-08-09 16:23:31
4,"4.slow",9,"9.Travelling","27850","2016-08-09 16:23:31",0.65,0.464,0.308,0.552,"slow","Travelling","water","surface","",2016-08-09 16:23:31
4,"4.slow",9,"9.Travelling","27851","2016-08-09 16:23:31",0.65,0.372,0.32,0.54,"slow","Travelling","water","surface","",2016-08-09 16:23:31
4,"4.slow",9,"9.Travelling","27852","2016-08-09 16:23:31",0.65,0.316,0.292,0.572,"slow","Travelling","water","surface","",2016-08-09 16:23:31
4,"4.slow",9,"9.Travelling","27853","2016-08-09 16:23:31",0.65,0.268,0.196,0.64,"slow","Travelling","water","surface","",2016-08-09 16:23:31
4,"4.slow",9,"9.Travelling","27854","2016-08-09 16:23:31",0.65,0.248,0.092,0.66,"slow","Travelling","water","surface","",2016-08-09 16:23:31
4,"4.slow",9,"9.Travelling","27855","2016-08-09 16:23:31",0.65,0.204,0.008,0.688,"slow","Travelling","water","surface","",2016-08-09 16:23:31
4,"4.slow",9,"9.Travelling","27856","2016-08-09 16:23:31",0.65,0.156,-0.036,0.708,"slow","Travelling","water","surface","",2016-08-09 16:23:31
4,"4.slow",9,"9.Travelling","27857","2016-08-09 16:23:31",0.65,0.104,-0.048,0.684,"slow","Travelling","water","surface","",2016-08-09 16:23:31
4,"4.slow",9,"9.Travelling","27858","2016-08-09 16:23:31",0.65,0.052,-0.04,0.696,"slow","Travelling","water","surface","",2016-08-09 16:23:31
4,"4.slow",9,"9.Travelling","27859","2016-08-09 16:23:31",0.65,-0.008,-0.02,0.696,"slow","Travelling","water","surface","",2016-08-09 16:23:31
4,"4.slow",9,"9.Travelling","27860","2016-08-09 16:23:31",0.65,-0.08,0.012,0.716,"slow","Travelling","water","surface","",2016-08-09 16:23:31
4,"4.slow",9,"9.Travelling","27861","2016-08-09 16:23:31",0.65,-0.14,0.068,0.728,"slow","Travelling","water","surface","",2016-08-09 16:23:31
4,"4.slow",9,"9.Travelling","27862","2016-08-09 16:23:31",0.65,-0.196,0.092,0.768,"slow","Travelling","water","surface","",2016-08-09 16:23:31
4,"4.slow",9,"9.Travelling","27863","2016-08-09 16:23:31",0.65,-0.204,0.124,0.82,"slow","Travelling","water","surface","",2016-08-09 16:23:31
4,"4.slow",9,"9.Travelling","27864","2016-08-09 16:23:31",0.65,-0.208,0.14,0.884,"slow","Travelling","water","surface","",2016-08-09 16:23:31
4,"4.slow",9,"9.Travelling","27865","2016-08-09 16:23:31",0.65,-0.208,0.172,0.924,"slow","Travelling","water","surface","",2016-08-09 16:23:31
4,"4.slow",9,"9.Travelling","27866","2016-08-09 16:23:32",0.65,-0.196,0.188,0.948,"slow","Travelling","water","surface","",2016-08-09 16:23:32
4,"4.slow",9,"9.Travelling","27867","2016-08-09 16:23:32",0.65,-0.176,0.22,0.964,"slow","Travelling","water","surface","",2016-08-09 16:23:32
4,"4.slow",9,"9.Travelling","27868","2016-08-09 16:23:32",0.65,-0.172,0.228,0.944,"slow","Travelling","water","surface","",2016-08-09 16:23:32
4,"4.slow",9,"9.Travelling","27869","2016-08-09 16:23:32",0.65,-0.152,0.216,0.912,"slow","Travelling","water","surface","",2016-08-09 16:23:32
4,"4.slow",9,"9.Travelling","27870","2016-08-09 16:23:32",0.65,-0.14,0.192,0.892,"slow","Travelling","water","surface","",2016-08-09 16:23:32
4,"4.slow",9,"9.Travelling","27871","2016-08-09 16:23:32",0.65,-0.136,0.164,0.9,"slow","Travelling","water","surface","",2016-08-09 16:23:32
4,"4.slow",9,"9.Travelling","27872","2016-08-09 16:23:32",0.65,-0.108,0.116,0.908,"slow","Travelling","water","surface","",2016-08-09 16:23:32
4,"4.slow",9,"9.Travelling","27873","2016-08-09 16:23:32",0.65,-0.108,0.124,0.932,"slow","Travelling","water","surface","",2016-08-09 16:23:32
4,"4.slow",9,"9.Travelling","27874","2016-08-09 16:23:32",0.68,-0.104,0.128,0.9,"slow","Travelling","water","surface","",2016-08-09 16:23:32
4,"4.slow",9,"9.Travelling","27875","2016-08-09 16:23:32",0.68,-0.136,0.108,0.984,"slow","Travelling","water","surface","",2016-08-09 16:23:32
4,"4.slow",9,"9.Travelling","27876","2016-08-09 16:23:32",0.68,-0.12,0.108,0.976,"slow","Travelling","water","surface","",2016-08-09 16:23:32
4,"4.slow",9,"9.Travelling","27877","2016-08-09 16:23:32",0.71,-0.124,0.088,0.992,"slow","Travelling","water","surface","",2016-08-09 16:23:32
4,"4.slow",9,"9.Travelling","27878","2016-08-09 16:23:32",0.71,-0.116,0.08,0.976,"slow","Travelling","water","surface","",2016-08-09 16:23:32
4,"4.slow",9,"9.Travelling","27879","2016-08-09 16:23:32",0.71,-0.092,0.068,0.984,"slow","Travelling","water","surface","",2016-08-09 16:23:32
4,"4.slow",9,"9.Travelling","27880","2016-08-09 16:23:32",0.71,-0.068,0.052,0.968,"slow","Travelling","water","surface","",2016-08-09 16:23:32
4,"4.slow",9,"9.Travelling","27881","2016-08-09 16:23:32",0.71,-0.048,0.036,0.968,"slow","Travelling","water","surface","",2016-08-09 16:23:32
4,"4.slow",9,"9.Travelling","27882","2016-08-09 16:23:32",0.71,-0.032,0.024,0.968,"slow","Travelling","water","surface","",2016-08-09 16:23:32
4,"4.slow",9,"9.Travelling","27883","2016-08-09 16:23:32",0.75,-0.02,0.016,0.98,"slow","Travelling","water","surface","",2016-08-09 16:23:32
4,"4.slow",9,"9.Travelling","27884","2016-08-09 16:23:32",0.75,-0.004,0,0.988,"slow","Travelling","water","surface","",2016-08-09 16:23:32
4,"4.slow",9,"9.Travelling","27885","2016-08-09 16:23:32",0.75,0.008,0,0.984,"slow","Travelling","water","surface","",2016-08-09 16:23:32
4,"4.slow",9,"9.Travelling","27886","2016-08-09 16:23:32",0.78,0.016,0.012,0.964,"slow","Travelling","water","surface","",2016-08-09 16:23:32
4,"4.slow",9,"9.Travelling","27887","2016-08-09 16:23:32",0.75,0.036,0.024,0.976,"slow","Travelling","water","surface","",2016-08-09 16:23:32
4,"4.slow",9,"9.Travelling","27888","2016-08-09 16:23:32",0.78,0.068,0.032,1,"slow","Travelling","water","surface","",2016-08-09 16:23:32
4,"4.slow",9,"9.Travelling","27889","2016-08-09 16:23:33",0.78,0.088,0.028,0.996,"slow","Travelling","water","surface","",2016-08-09 16:23:33
4,"4.slow",9,"9.Travelling","27890","2016-08-09 16:23:33",0.78,0.096,0.036,0.996,"slow","Travelling","water","surface","",2016-08-09 16:23:33
4,"4.slow",9,"9.Travelling","27891","2016-08-09 16:23:33",0.78,0.104,0.044,0.98,"slow","Travelling","water","surface","",2016-08-09 16:23:33
4,"4.slow",9,"9.Travelling","27892","2016-08-09 16:23:33",0.78,0.116,0.04,0.968,"slow","Travelling","water","surface","",2016-08-09 16:23:33
4,"4.slow",9,"9.Travelling","27893","2016-08-09 16:23:33",0.78,0.136,0.028,0.96,"slow","Travelling","water","surface","",2016-08-09 16:23:33
4,"4.slow",9,"9.Travelling","27894","2016-08-09 16:23:33",0.75,0.152,0.008,0.948,"slow","Travelling","water","surface","",2016-08-09 16:23:33
4,"4.slow",9,"9.Travelling","27895","2016-08-09 16:23:33",0.75,0.164,-0.016,0.96,"slow","Travelling","water","surface","",2016-08-09 16:23:33
4,"4.slow",9,"9.Travelling","27896","2016-08-09 16:23:33",0.75,0.196,-0.056,0.928,"slow","Travelling","water","surface","",2016-08-09 16:23:33
4,"4.slow",9,"9.Travelling","27897","2016-08-09 16:23:33",0.75,0.204,-0.096,0.928,"slow","Travelling","water","surface","",2016-08-09 16:23:33
4,"4.slow",9,"9.Travelling","27898","2016-08-09 16:23:33",0.75,0.216,-0.124,0.932,"slow","Travelling","water","surface","",2016-08-09 16:23:33
4,"4.slow",9,"9.Travelling","27899","2016-08-09 16:23:33",0.75,0.208,-0.12,0.94,"slow","Travelling","water","surface","",2016-08-09 16:23:33
4,"4.slow",9,"9.Travelling","27900","2016-08-09 16:23:33",0.71,0.2,-0.14,0.936,"slow","Travelling","water","surface","",2016-08-09 16:23:33
4,"4.slow",9,"9.Travelling","27901","2016-08-09 16:23:33",0.75,0.2,-0.136,0.916,"slow","Travelling","water","surface","",2016-08-09 16:23:33
4,"4.slow",9,"9.Travelling","27902","2016-08-09 16:23:33",0.75,0.208,-0.124,0.904,"slow","Travelling","water","surface","",2016-08-09 16:23:33
4,"4.slow",9,"9.Travelling","27903","2016-08-09 16:23:33",0.75,0.212,-0.108,0.904,"slow","Travelling","water","surface","",2016-08-09 16:23:33
4,"4.slow",9,"9.Travelling","27904","2016-08-09 16:23:33",0.71,0.212,-0.096,0.888,"slow","Travelling","water","surface","",2016-08-09 16:23:33
4,"4.slow",9,"9.Travelling","27905","2016-08-09 16:23:33",0.71,0.232,-0.096,0.916,"slow","Travelling","water","surface","",2016-08-09 16:23:33
4,"4.slow",9,"9.Travelling","27906","2016-08-09 16:23:33",0.71,0.232,-0.116,0.932,"slow","Travelling","water","surface","",2016-08-09 16:23:33
4,"4.slow",9,"9.Travelling","27907","2016-08-09 16:23:33",0.71,0.228,-0.132,0.94,"slow","Travelling","water","surface","",2016-08-09 16:23:33
4,"4.slow",9,"9.Travelling","27908","2016-08-09 16:23:33",0.71,0.208,-0.116,0.944,"slow","Travelling","water","surface","",2016-08-09 16:23:33
4,"4.slow",9,"9.Travelling","27909","2016-08-09 16:23:33",0.68,0.18,-0.06,0.94,"slow","Travelling","water","surface","",2016-08-09 16:23:33
4,"4.slow",9,"9.Travelling","27910","2016-08-09 16:23:33",0.68,0.176,-0.024,0.94,"slow","Travelling","water","surface","",2016-08-09 16:23:33
4,"4.slow",9,"9.Travelling","27911","2016-08-09 16:23:33",0.68,0.172,0.02,0.928,"slow","Travelling","water","surface","",2016-08-09 16:23:33
4,"4.slow",9,"9.Travelling","27912","2016-08-09 16:23:33",0.65,0.184,0.064,0.9,"slow","Travelling","water","surface","",2016-08-09 16:23:33
4,"4.slow",9,"9.Travelling","27913","2016-08-09 16:23:34",0.65,0.18,0.104,0.884,"slow","Travelling","water","surface","",2016-08-09 16:23:34
4,"4.slow",9,"9.Travelling","27914","2016-08-09 16:23:34",0.65,0.18,0.148,0.872,"slow","Travelling","water","surface","",2016-08-09 16:23:34
4,"4.slow",9,"9.Travelling","27915","2016-08-09 16:23:34",0.65,0.188,0.204,0.868,"slow","Travelling","water","surface","",2016-08-09 16:23:34
4,"4.slow",9,"9.Travelling","27916","2016-08-09 16:23:34",0.65,0.176,0.268,0.864,"slow","Travelling","water","surface","",2016-08-09 16:23:34
4,"4.slow",9,"9.Travelling","27917","2016-08-09 16:23:34",0.65,0.156,0.332,0.844,"slow","Travelling","water","surface","",2016-08-09 16:23:34
4,"4.slow",9,"9.Travelling","27918","2016-08-09 16:23:34",0.65,0.144,0.404,0.84,"slow","Travelling","water","surface","",2016-08-09 16:23:34
4,"4.slow",9,"9.Travelling","27919","2016-08-09 16:23:34",0.65,0.148,0.46,0.824,"slow","Travelling","water","surface","",2016-08-09 16:23:34
4,"4.slow",9,"9.Travelling","27920","2016-08-09 16:23:34",0.65,0.144,0.528,0.824,"slow","Travelling","water","surface","",2016-08-09 16:23:34
4,"4.slow",9,"9.Travelling","27921","2016-08-09 16:23:34",0.65,0.152,0.58,0.832,"slow","Travelling","water","surface","",2016-08-09 16:23:34
4,"4.slow",9,"9.Travelling","27922","2016-08-09 16:23:34",0.65,0.16,0.588,0.8,"slow","Travelling","water","surface","",2016-08-09 16:23:34
4,"4.slow",9,"9.Travelling","27923","2016-08-09 16:23:34",0.65,0.152,0.62,0.788,"slow","Travelling","water","surface","",2016-08-09 16:23:34
4,"4.slow",9,"9.Travelling","27924","2016-08-09 16:23:34",0.65,0.132,0.648,0.748,"slow","Travelling","water","surface","",2016-08-09 16:23:34
4,"4.slow",9,"9.Travelling","27925","2016-08-09 16:23:34",0.65,0.104,0.668,0.72,"slow","Travelling","water","surface","",2016-08-09 16:23:34
4,"4.slow",9,"9.Travelling","27926","2016-08-09 16:23:34",0.65,0.068,0.688,0.68,"slow","Travelling","water","surface","",2016-08-09 16:23:34
4,"4.slow",9,"9.Travelling","27927","2016-08-09 16:23:34",0.65,0.036,0.684,0.652,"slow","Travelling","water","surface","",2016-08-09 16:23:34
4,"4.slow",9,"9.Travelling","27928","2016-08-09 16:23:34",0.65,-0.004,0.676,0.596,"slow","Travelling","water","surface","",2016-08-09 16:23:34
4,"4.slow",9,"9.Travelling","27929","2016-08-09 16:23:34",0.65,-0.048,0.684,0.556,"slow","Travelling","water","surface","",2016-08-09 16:23:34
4,"4.slow",9,"9.Travelling","27930","2016-08-09 16:23:34",0.65,-0.112,0.672,0.508,"slow","Travelling","water","surface","",2016-08-09 16:23:34
4,"4.slow",9,"9.Travelling","27931","2016-08-09 16:23:34",0.68,-0.188,0.628,0.476,"slow","Travelling","water","surface","",2016-08-09 16:23:34
4,"4.slow",9,"9.Travelling","27932","2016-08-09 16:23:34",0.65,-0.232,0.604,0.436,"slow","Travelling","water","surface","",2016-08-09 16:23:34
4,"4.slow",9,"9.Travelling","27933","2016-08-09 16:23:34",0.65,-0.296,0.58,0.404,"slow","Travelling","water","surface","",2016-08-09 16:23:34
4,"4.slow",9,"9.Travelling","27934","2016-08-09 16:23:34",0.65,-0.34,0.572,0.372,"slow","Travelling","water","surface","",2016-08-09 16:23:34
4,"4.slow",9,"9.Travelling","27935","2016-08-09 16:23:34",0.65,-0.412,0.556,0.36,"slow","Travelling","water","surface","",2016-08-09 16:23:34
4,"4.slow",9,"9.Travelling","27936","2016-08-09 16:23:34",0.65,-0.468,0.552,0.284,"slow","Travelling","water","surface","",2016-08-09 16:23:34
4,"4.slow",9,"9.Travelling","27937","2016-08-09 16:23:35",0.65,-0.544,0.544,0.204,"slow","Travelling","water","surface","",2016-08-09 16:23:35
4,"4.slow",9,"9.Travelling","27938","2016-08-09 16:23:35",0.68,-0.608,0.528,0.224,"slow","Travelling","water","surface","",2016-08-09 16:23:35
4,"4.slow",9,"9.Travelling","27939","2016-08-09 16:23:35",0.68,-0.712,0.504,0.188,"slow","Travelling","water","surface","",2016-08-09 16:23:35
4,"4.slow",9,"9.Travelling","27940","2016-08-09 16:23:35",0.71,-0.724,0.5,0.18,"slow","Travelling","water","surface","",2016-08-09 16:23:35
4,"4.slow",9,"9.Travelling","27941","2016-08-09 16:23:35",0.75,-0.728,0.488,0.164,"slow","Travelling","water","surface","",2016-08-09 16:23:35
4,"4.slow",9,"9.Travelling","27942","2016-08-09 16:23:35",0.78,-0.784,0.44,0.148,"slow","Travelling","water","surface","",2016-08-09 16:23:35
4,"4.slow",9,"9.Travelling","27943","2016-08-09 16:23:35",0.81,-0.824,0.408,0.156,"slow","Travelling","water","surface","",2016-08-09 16:23:35
4,"4.slow",9,"9.Travelling","27944","2016-08-09 16:23:35",0.84,-0.844,0.416,0.16,"slow","Travelling","water","surface","",2016-08-09 16:23:35
4,"4.slow",9,"9.Travelling","27945","2016-08-09 16:23:35",0.87,-0.864,0.408,0.12,"slow","Travelling","water","surface","",2016-08-09 16:23:35
4,"4.slow",9,"9.Travelling","27946","2016-08-09 16:23:35",0.9,-0.9,0.448,0.076,"slow","Travelling","water","surface","",2016-08-09 16:23:35
4,"4.slow",9,"9.Travelling","27947","2016-08-09 16:23:35",0.93,-0.936,0.46,0.072,"slow","Travelling","water","surface","",2016-08-09 16:23:35
4,"4.slow",9,"9.Travelling","27948","2016-08-09 16:23:35",0.96,-0.972,0.444,0.06,"slow","Travelling","water","surface","",2016-08-09 16:23:35
4,"4.slow",9,"9.Travelling","27949","2016-08-09 16:23:35",1,-0.984,0.428,0.052,"slow","Travelling","water","surface","",2016-08-09 16:23:35
4,"4.slow",9,"9.Travelling","27950","2016-08-09 16:23:35",1.03,-0.972,0.48,0.056,"slow","Travelling","water","surface","",2016-08-09 16:23:35
4,"4.slow",9,"9.Travelling","27951","2016-08-09 16:23:35",1.03,-0.968,0.52,0.036,"slow","Travelling","water","surface","",2016-08-09 16:23:35
4,"4.slow",9,"9.Travelling","27952","2016-08-09 16:23:35",1.09,-0.956,0.536,0.048,"slow","Travelling","water","underwater","",2016-08-09 16:23:35
4,"4.slow",9,"9.Travelling","27953","2016-08-09 16:23:35",1.09,-0.952,0.516,0.08,"slow","Travelling","water","underwater","",2016-08-09 16:23:35
4,"4.slow",9,"9.Travelling","27954","2016-08-09 16:23:35",1.12,-0.96,0.524,0.092,"slow","Travelling","water","underwater","",2016-08-09 16:23:35
4,"4.slow",9,"9.Travelling","27955","2016-08-09 16:23:35",1.15,-0.972,0.448,0.076,"slow","Travelling","water","underwater","",2016-08-09 16:23:35
4,"4.slow",9,"9.Travelling","27956","2016-08-09 16:23:35",1.18,-0.984,0.384,0.084,"slow","Travelling","water","underwater","",2016-08-09 16:23:35
4,"4.slow",9,"9.Travelling","27957","2016-08-09 16:23:35",1.21,-1.004,0.216,0.072,"slow","Travelling","water","underwater","",2016-08-09 16:23:35
4,"4.slow",9,"9.Travelling","27958","2016-08-09 16:23:35",1.21,-1.008,0.108,0.136,"slow","Travelling","water","underwater","",2016-08-09 16:23:35
4,"4.slow",9,"9.Travelling","27959","2016-08-09 16:23:35",1.25,-1.016,0.012,0.22,"slow","Travelling","water","underwater","",2016-08-09 16:23:35
4,"4.slow",9,"9.Travelling","27960","2016-08-09 16:23:35",1.28,-1.02,0.028,0.344,"slow","Travelling","water","underwater","",2016-08-09 16:23:35
4,"4.slow",9,"9.Travelling","27961","2016-08-09 16:23:36",1.31,-1.008,0.132,0.464,"slow","Travelling","water","underwater","",2016-08-09 16:23:36
4,"4.slow",9,"9.Travelling","27962","2016-08-09 16:23:36",1.34,-0.968,0.216,0.472,"slow","Travelling","water","underwater","",2016-08-09 16:23:36
4,"4.slow",9,"9.Travelling","27963","2016-08-09 16:23:36",1.34,-0.916,0.58,0.248,"slow","Travelling","water","underwater","",2016-08-09 16:23:36
4,"4.slow",9,"9.Travelling","27964","2016-08-09 16:23:36",1.34,-0.816,1.296,0.128,"slow","Travelling","water","underwater","",2016-08-09 16:23:36
4,"4.slow",9,"9.Travelling","27965","2016-08-09 16:23:36",1.34,-0.888,0.568,0.468,"slow","Travelling","water","underwater","",2016-08-09 16:23:36
4,"4.slow",9,"9.Travelling","27966","2016-08-09 16:23:36",1.34,-0.54,0.844,0.44,"slow","Travelling","water","underwater","",2016-08-09 16:23:36
4,"4.slow",9,"9.Travelling","27967","2016-08-09 16:23:36",1.37,-0.492,0.716,0.524,"slow","Travelling","water","underwater","",2016-08-09 16:23:36
4,"4.slow",9,"9.Travelling","27968","2016-08-09 16:23:36",1.4,-0.84,0.596,0.44,"slow","Travelling","water","underwater","",2016-08-09 16:23:36
4,"4.slow",9,"9.Travelling","27969","2016-08-09 16:23:36",1.37,-0.98,0.3,0.284,"slow","Travelling","water","underwater","",2016-08-09 16:23:36
4,"4.slow",9,"9.Travelling","27970","2016-08-09 16:23:36",1.37,-0.816,-0.032,0.176,"slow","Travelling","water","underwater","",2016-08-09 16:23:36
4,"4.slow",9,"9.Travelling","27971","2016-08-09 16:23:36",1.4,-0.696,-0.204,0.276,"slow","Travelling","water","underwater","",2016-08-09 16:23:36
4,"4.slow",9,"9.Travelling","27972","2016-08-09 16:23:36",1.4,-0.668,-0.308,0.388,"slow","Travelling","water","underwater","",2016-08-09 16:23:36
4,"4.slow",9,"9.Travelling","27973","2016-08-09 16:23:36",1.46,-0.676,-0.444,0.52,"slow","Travelling","water","underwater","",2016-08-09 16:23:36
4,"4.slow",9,"9.Travelling","27974","2016-08-09 16:23:36",1.46,-0.74,-0.56,0.656,"slow","Travelling","water","underwater","",2016-08-09 16:23:36
4,"4.slow",9,"9.Travelling","27975","2016-08-09 16:23:36",1.53,-0.736,-0.668,0.756,"slow","Travelling","water","underwater","",2016-08-09 16:23:36
4,"4.slow",9,"9.Travelling","27976","2016-08-09 16:23:36",1.53,-0.636,-0.684,0.8,"slow","Travelling","water","underwater","",2016-08-09 16:23:36
4,"4.slow",9,"9.Travelling","27977","2016-08-09 16:23:36",1.53,-0.528,-0.64,0.8,"slow","Travelling","water","underwater","",2016-08-09 16:23:36
4,"4.slow",9,"9.Travelling","27978","2016-08-09 16:23:36",1.53,-0.484,-0.512,0.728,"slow","Travelling","water","underwater","",2016-08-09 16:23:36
4,"4.slow",9,"9.Travelling","27979","2016-08-09 16:23:36",1.53,-0.544,-0.336,0.6,"slow","Travelling","water","underwater","",2016-08-09 16:23:36
4,"4.slow",9,"9.Travelling","27980","2016-08-09 16:23:36",1.56,-0.592,-0.196,0.528,"slow","Travelling","water","underwater","",2016-08-09 16:23:36
4,"4.slow",9,"9.Travelling","27981","2016-08-09 16:23:36",1.56,-0.648,-0.088,0.464,"slow","Travelling","water","underwater","",2016-08-09 16:23:36
4,"4.slow",9,"9.Travelling","27982","2016-08-09 16:23:36",1.56,-0.728,0.032,0.4,"slow","Travelling","water","underwater","",2016-08-09 16:23:36
4,"4.slow",9,"9.Travelling","27983","2016-08-09 16:23:36",1.56,-0.744,0.172,0.332,"slow","Travelling","water","underwater","",2016-08-09 16:23:36
4,"4.slow",9,"9.Travelling","27984","2016-08-09 16:23:36",1.59,-0.772,0.34,0.264,"slow","Travelling","water","underwater","",2016-08-09 16:23:36
4,"4.slow",9,"9.Travelling","27985","2016-08-09 16:23:37",1.62,-0.744,0.452,0.228,"slow","Travelling","water","underwater","",2016-08-09 16:23:37
4,"4.slow",9,"9.Travelling","27986","2016-08-09 16:23:37",1.62,-0.74,0.564,0.156,"slow","Travelling","water","underwater","",2016-08-09 16:23:37
4,"4.slow",9,"9.Travelling","27987","2016-08-09 16:23:37",1.65,-0.748,0.656,0.1,"slow","Travelling","water","underwater","",2016-08-09 16:23:37
4,"4.slow",9,"9.Travelling","27988","2016-08-09 16:23:37",1.68,-0.748,0.724,0.024,"slow","Travelling","water","underwater","",2016-08-09 16:23:37
4,"4.slow",9,"9.Travelling","27989","2016-08-09 16:23:37",1.68,-0.736,0.752,-0.04,"slow","Travelling","water","underwater","",2016-08-09 16:23:37
4,"4.slow",9,"9.Travelling","27990","2016-08-09 16:23:37",1.71,-0.768,0.764,-0.112,"slow","Travelling","water","underwater","",2016-08-09 16:23:37
4,"4.slow",9,"9.Travelling","27991","2016-08-09 16:23:37",1.71,-0.736,0.892,-0.152,"slow","Travelling","water","underwater","",2016-08-09 16:23:37
4,"4.slow",9,"9.Travelling","27992","2016-08-09 16:23:37",1.75,-0.732,1.04,-0.348,"slow","Travelling","water","underwater","",2016-08-09 16:23:37
4,"4.slow",9,"9.Travelling","27993","2016-08-09 16:23:37",1.78,-0.668,1.128,-0.356,"slow","Travelling","water","underwater","",2016-08-09 16:23:37
4,"4.slow",9,"9.Travelling","27994","2016-08-09 16:23:37",1.81,-0.576,1.18,-0.228,"slow","Travelling","water","underwater","",2016-08-09 16:23:37
4,"4.slow",9,"9.Travelling","27995","2016-08-09 16:23:37",1.81,-0.588,1.144,-0.136,"slow","Travelling","water","underwater","",2016-08-09 16:23:37
4,"4.slow",9,"9.Travelling","27996","2016-08-09 16:23:37",1.81,-0.568,1.06,-0.016,"slow","Travelling","water","underwater","",2016-08-09 16:23:37
4,"4.slow",9,"9.Travelling","27997","2016-08-09 16:23:37",1.81,-0.592,0.972,0.052,"slow","Travelling","water","underwater","",2016-08-09 16:23:37
4,"4.slow",9,"9.Travelling","27998","2016-08-09 16:23:37",1.81,-0.632,0.956,0.1,"slow","Travelling","water","underwater","",2016-08-09 16:23:37
4,"4.slow",9,"9.Travelling","27999","2016-08-09 16:23:37",1.84,-0.596,0.964,0.12,"slow","Travelling","water","underwater","",2016-08-09 16:23:37
4,"4.slow",9,"9.Travelling","28000","2016-08-09 16:23:37",1.81,-0.552,0.98,0.196,"slow","Travelling","water","underwater","",2016-08-09 16:23:37
4,"4.slow",9,"9.Travelling","28001","2016-08-09 16:23:37",1.81,-0.5,0.964,0.276,"slow","Travelling","water","underwater","",2016-08-09 16:23:37
4,"4.slow",9,"9.Travelling","28002","2016-08-09 16:23:37",1.81,-0.476,0.952,0.328,"slow","Travelling","water","underwater","",2016-08-09 16:23:37
4,"4.slow",9,"9.Travelling","28003","2016-08-09 16:23:37",1.78,-0.464,0.952,0.344,"slow","Travelling","water","underwater","",2016-08-09 16:23:37
4,"4.slow",9,"9.Travelling","28004","2016-08-09 16:23:37",1.78,-0.452,0.916,0.356,"slow","Travelling","water","underwater","",2016-08-09 16:23:37
4,"4.slow",9,"9.Travelling","28005","2016-08-09 16:23:37",1.75,-0.388,0.884,0.404,"slow","Travelling","water","underwater","",2016-08-09 16:23:37
4,"4.slow",9,"9.Travelling","28006","2016-08-09 16:23:37",1.75,-0.284,0.84,0.46,"slow","Travelling","water","underwater","",2016-08-09 16:23:37
4,"4.slow",9,"9.Travelling","28007","2016-08-09 16:23:37",1.75,-0.168,0.816,0.536,"slow","Travelling","water","underwater","",2016-08-09 16:23:37
4,"4.slow",9,"9.Travelling","28008","2016-08-09 16:23:38",1.75,-0.088,0.812,0.592,"slow","Travelling","water","underwater","",2016-08-09 16:23:38
4,"4.slow",9,"9.Travelling","28009","2016-08-09 16:23:38",1.75,-0.012,0.744,0.628,"slow","Travelling","water","underwater","",2016-08-09 16:23:38
4,"4.slow",9,"9.Travelling","28010","2016-08-09 16:23:38",1.75,-0.008,0.724,0.64,"slow","Travelling","water","underwater","",2016-08-09 16:23:38
4,"4.slow",9,"9.Travelling","28011","2016-08-09 16:23:38",1.75,0.016,0.72,0.744,"slow","Travelling","water","underwater","",2016-08-09 16:23:38
4,"4.slow",9,"9.Travelling","28012","2016-08-09 16:23:38",1.71,0.092,0.7,0.776,"slow","Travelling","water","underwater","",2016-08-09 16:23:38
4,"4.slow",9,"9.Travelling","28013","2016-08-09 16:23:38",1.71,0.224,0.656,0.78,"slow","Travelling","water","underwater","",2016-08-09 16:23:38
4,"4.slow",9,"9.Travelling","28014","2016-08-09 16:23:38",1.68,0.332,0.62,0.888,"slow","Travelling","water","underwater","",2016-08-09 16:23:38
4,"4.slow",9,"9.Travelling","28015","2016-08-09 16:23:38",1.68,0.372,0.568,0.9,"slow","Travelling","water","underwater","",2016-08-09 16:23:38
4,"4.slow",9,"9.Travelling","28016","2016-08-09 16:23:38",1.65,0.328,0.492,0.86,"slow","Travelling","water","underwater","",2016-08-09 16:23:38
4,"4.slow",9,"9.Travelling","28017","2016-08-09 16:23:38",1.59,0.26,0.424,0.804,"slow","Travelling","water","underwater","",2016-08-09 16:23:38
4,"4.slow",9,"9.Travelling","28018","2016-08-09 16:23:38",1.59,0.228,0.372,0.788,"slow","Travelling","water","underwater","",2016-08-09 16:23:38
4,"4.slow",9,"9.Travelling","28019","2016-08-09 16:23:38",1.56,0.204,0.372,0.836,"slow","Travelling","water","underwater","",2016-08-09 16:23:38
4,"4.slow",9,"9.Travelling","28020","2016-08-09 16:23:38",1.56,0.204,0.356,0.844,"slow","Travelling","water","underwater","",2016-08-09 16:23:38
4,"4.slow",9,"9.Travelling","28021","2016-08-09 16:23:38",1.56,0.228,0.332,0.828,"slow","Travelling","water","underwater","",2016-08-09 16:23:38
4,"4.slow",9,"9.Travelling","28022","2016-08-09 16:23:38",1.56,0.236,0.336,0.828,"slow","Travelling","water","underwater","",2016-08-09 16:23:38
4,"4.slow",9,"9.Travelling","28023","2016-08-09 16:23:38",1.53,0.272,0.328,0.832,"slow","Travelling","water","underwater","",2016-08-09 16:23:38
4,"4.slow",9,"9.Travelling","28024","2016-08-09 16:23:38",1.53,0.268,0.328,0.86,"slow","Travelling","water","underwater","",2016-08-09 16:23:38
4,"4.slow",9,"9.Travelling","28025","2016-08-09 16:23:38",1.5,0.284,0.3,0.848,"slow","Travelling","water","underwater","",2016-08-09 16:23:38
4,"4.slow",9,"9.Travelling","28026","2016-08-09 16:23:38",1.5,0.264,0.292,0.84,"slow","Travelling","water","underwater","",2016-08-09 16:23:38
4,"4.slow",9,"9.Travelling","28027","2016-08-09 16:23:38",1.5,0.256,0.296,0.876,"slow","Travelling","water","underwater","",2016-08-09 16:23:38
4,"4.slow",9,"9.Travelling","28028","2016-08-09 16:23:38",1.46,0.24,0.292,0.876,"slow","Travelling","water","underwater","",2016-08-09 16:23:38
4,"4.slow",9,"9.Travelling","28029","2016-08-09 16:23:38",1.46,0.236,0.256,0.896,"slow","Travelling","water","underwater","",2016-08-09 16:23:38
4,"4.slow",9,"9.Travelling","28030","2016-08-09 16:23:38",1.4,0.252,0.204,0.884,"slow","Travelling","water","underwater","",2016-08-09 16:23:38
4,"4.slow",9,"9.Travelling","28031","2016-08-09 16:23:38",1.4,0.28,0.172,0.884,"slow","Travelling","water","underwater","",2016-08-09 16:23:38
4,"4.slow",9,"9.Travelling","28032","2016-08-09 16:23:39",1.4,0.304,0.148,0.892,"slow","Travelling","water","underwater","",2016-08-09 16:23:39
4,"4.slow",9,"9.Travelling","28033","2016-08-09 16:23:39",1.37,0.308,0.124,0.916,"slow","Travelling","water","underwater","",2016-08-09 16:23:39
4,"4.slow",9,"9.Travelling","28034","2016-08-09 16:23:39",1.34,0.308,0.1,0.932,"slow","Travelling","water","underwater","",2016-08-09 16:23:39
4,"4.slow",9,"9.Travelling","28035","2016-08-09 16:23:39",1.34,0.32,0.08,0.92,"slow","Travelling","water","underwater","",2016-08-09 16:23:39
4,"4.slow",9,"9.Travelling","28036","2016-08-09 16:23:39",1.31,0.296,0.048,0.908,"slow","Travelling","water","underwater","",2016-08-09 16:23:39
4,"4.slow",9,"9.Travelling","28037","2016-08-09 16:23:39",1.28,0.292,0.028,0.9,"slow","Travelling","water","underwater","",2016-08-09 16:23:39
4,"4.slow",9,"9.Travelling","28038","2016-08-09 16:23:39",1.28,0.304,0.02,0.912,"slow","Travelling","water","underwater","",2016-08-09 16:23:39
4,"4.slow",9,"9.Travelling","28039","2016-08-09 16:23:39",1.25,0.304,0.008,0.9,"slow","Travelling","water","underwater","",2016-08-09 16:23:39
4,"4.slow",9,"9.Travelling","28040","2016-08-09 16:23:39",1.21,0.312,0.004,0.888,"slow","Travelling","water","underwater","",2016-08-09 16:23:39
4,"4.slow",9,"9.Travelling","28041","2016-08-09 16:23:39",1.18,0.312,0.004,0.888,"slow","Travelling","water","underwater","",2016-08-09 16:23:39
4,"4.slow",9,"9.Travelling","28042","2016-08-09 16:23:39",1.18,0.308,-0.024,0.884,"slow","Travelling","water","underwater","",2016-08-09 16:23:39
4,"4.slow",9,"9.Travelling","28043","2016-08-09 16:23:39",1.18,0.328,-0.056,0.888,"slow","Travelling","water","underwater","",2016-08-09 16:23:39
4,"4.slow",9,"9.Travelling","28044","2016-08-09 16:23:39",1.12,0.332,-0.064,0.884,"slow","Travelling","water","underwater","",2016-08-09 16:23:39
4,"4.slow",9,"9.Travelling","28045","2016-08-09 16:23:39",1.12,0.34,-0.052,0.88,"slow","Travelling","water","underwater","",2016-08-09 16:23:39
4,"4.slow",9,"9.Travelling","28046","2016-08-09 16:23:39",1.09,0.332,-0.052,0.856,"slow","Travelling","water","underwater","",2016-08-09 16:23:39
4,"4.slow",9,"9.Travelling","28047","2016-08-09 16:23:39",1.06,0.32,-0.076,0.876,"slow","Travelling","water","underwater","",2016-08-09 16:23:39
4,"4.slow",9,"9.Travelling","28048","2016-08-09 16:23:39",1.06,0.324,-0.144,0.876,"slow","Travelling","water","underwater","",2016-08-09 16:23:39
4,"4.slow",9,"9.Travelling","28049","2016-08-09 16:23:39",1.06,0.336,-0.188,0.86,"slow","Travelling","water","underwater","",2016-08-09 16:23:39
4,"4.slow",9,"9.Travelling","28050","2016-08-09 16:23:39",1.03,0.34,-0.232,0.86,"slow","Travelling","water","surface","",2016-08-09 16:23:39
4,"4.slow",9,"9.Travelling","28051","2016-08-09 16:23:39",1,0.364,-0.224,0.872,"slow","Travelling","water","surface","",2016-08-09 16:23:39
4,"4.slow",9,"9.Travelling","28052","2016-08-09 16:23:39",0.96,0.376,-0.236,0.868,"slow","Travelling","water","surface","",2016-08-09 16:23:39
4,"4.slow",9,"9.Travelling","28053","2016-08-09 16:23:39",0.96,0.384,-0.232,0.876,"slow","Travelling","water","surface","",2016-08-09 16:23:39
4,"4.slow",9,"9.Travelling","28054","2016-08-09 16:23:39",0.93,0.392,-0.208,0.892,"slow","Travelling","water","surface","",2016-08-09 16:23:39
4,"4.slow",9,"9.Travelling","28055","2016-08-09 16:23:39",0.93,0.404,-0.196,0.884,"slow","Travelling","water","surface","",2016-08-09 16:23:39
4,"4.slow",9,"9.Travelling","28056","2016-08-09 16:23:40",0.9,0.424,-0.208,0.88,"slow","Travelling","water","surface","",2016-08-09 16:23:40
4,"4.slow",9,"9.Travelling","28057","2016-08-09 16:23:40",0.84,0.412,-0.212,0.86,"slow","Travelling","water","surface","",2016-08-09 16:23:40
4,"4.slow",9,"9.Travelling","28058","2016-08-09 16:23:40",0.84,0.424,-0.196,0.844,"slow","Travelling","water","surface","",2016-08-09 16:23:40
4,"4.slow",9,"9.Travelling","28059","2016-08-09 16:23:40",0.78,0.444,-0.224,0.844,"slow","Travelling","water","surface","",2016-08-09 16:23:40
4,"4.slow",9,"9.Travelling","28060","2016-08-09 16:23:40",0.78,0.464,-0.24,0.808,"slow","Travelling","water","surface","",2016-08-09 16:23:40
4,"4.slow",9,"9.Travelling","28061","2016-08-09 16:23:40",0.75,0.448,-0.264,0.792,"slow","Travelling","water","surface","",2016-08-09 16:23:40
4,"4.slow",9,"9.Travelling","28062","2016-08-09 16:23:40",0.71,0.46,-0.26,0.804,"slow","Travelling","water","surface","",2016-08-09 16:23:40
4,"4.slow",9,"9.Travelling","28063","2016-08-09 16:23:40",0.65,0.472,-0.252,0.796,"slow","Travelling","water","surface","",2016-08-09 16:23:40
4,"4.slow",9,"9.Travelling","28064","2016-08-09 16:23:40",0.65,0.472,-0.2,0.824,"slow","Travelling","water","surface","",2016-08-09 16:23:40
4,"4.slow",9,"9.Travelling","28065","2016-08-09 16:23:40",0.62,0.52,-0.22,0.648,"slow","Travelling","water","surface","",2016-08-09 16:23:40
4,"4.slow",9,"9.Travelling","28066","2016-08-09 16:23:40",0.65,0.476,-0.192,0.6,"slow","Travelling","water","surface","",2016-08-09 16:23:40
4,"4.slow",9,"9.Travelling","28067","2016-08-09 16:23:40",0.65,0.476,-0.136,0.648,"slow","Travelling","water","surface","",2016-08-09 16:23:40
4,"4.slow",9,"9.Travelling","28068","2016-08-09 16:23:40",0.65,0.496,-0.096,0.68,"slow","Travelling","water","surface","",2016-08-09 16:23:40
4,"4.slow",9,"9.Travelling","28069","2016-08-09 16:23:40",0.65,0.456,-0.084,0.648,"slow","Travelling","water","surface","",2016-08-09 16:23:40
4,"4.slow",9,"9.Travelling","28070","2016-08-09 16:23:40",0.65,0.376,-0.044,0.628,"slow","Travelling","water","surface","",2016-08-09 16:23:40
4,"4.slow",9,"9.Travelling","28071","2016-08-09 16:23:40",0.62,0.312,0,0.652,"slow","Travelling","water","surface","",2016-08-09 16:23:40
4,"4.slow",9,"9.Travelling","28072","2016-08-09 16:23:40",0.65,0.272,0.024,0.668,"slow","Travelling","water","surface","",2016-08-09 16:23:40
4,"4.slow",9,"9.Travelling","28073","2016-08-09 16:23:40",0.65,0.22,0.04,0.676,"slow","Travelling","water","surface","",2016-08-09 16:23:40
4,"4.slow",9,"9.Travelling","28074","2016-08-09 16:23:40",0.65,0.18,0.104,0.7,"slow","Travelling","water","surface","",2016-08-09 16:23:40
4,"4.slow",9,"9.Travelling","28075","2016-08-09 16:23:40",0.65,0.14,0.16,0.724,"slow","Travelling","water","surface","",2016-08-09 16:23:40
4,"4.slow",9,"9.Travelling","28076","2016-08-09 16:23:40",0.62,0.092,0.18,0.728,"slow","Travelling","water","surface","",2016-08-09 16:23:40
4,"4.slow",9,"9.Travelling","28077","2016-08-09 16:23:40",0.65,0.048,0.188,0.732,"slow","Travelling","water","surface","",2016-08-09 16:23:40
4,"4.slow",9,"9.Travelling","28078","2016-08-09 16:23:40",0.62,0.008,0.2,0.756,"slow","Travelling","water","surface","",2016-08-09 16:23:40
4,"4.slow",9,"9.Travelling","28079","2016-08-09 16:23:40",0.65,-0.044,0.184,0.772,"slow","Travelling","water","surface","",2016-08-09 16:23:40
4,"4.slow",9,"9.Travelling","28080","2016-08-09 16:23:41",0.65,-0.08,0.172,0.804,"slow","Travelling","water","surface","",2016-08-09 16:23:41
4,"4.slow",9,"9.Travelling","28081","2016-08-09 16:23:41",0.65,-0.12,0.16,0.868,"slow","Travelling","water","surface","",2016-08-09 16:23:41
4,"4.slow",9,"9.Travelling","28082","2016-08-09 16:23:41",0.62,-0.176,0.144,0.88,"slow","Travelling","water","surface","",2016-08-09 16:23:41
4,"4.slow",9,"9.Travelling","28083","2016-08-09 16:23:41",0.65,-0.216,0.156,0.9,"slow","Travelling","water","surface","",2016-08-09 16:23:41
4,"4.slow",9,"9.Travelling","28084","2016-08-09 16:23:41",0.65,-0.24,0.168,0.956,"slow","Travelling","water","surface","",2016-08-09 16:23:41
4,"4.slow",9,"9.Travelling","28085","2016-08-09 16:23:41",0.65,-0.148,0.112,0.98,"slow","Travelling","water","surface","",2016-08-09 16:23:41
4,"4.slow",9,"9.Travelling","28086","2016-08-09 16:23:41",0.65,-0.128,0.068,0.992,"slow","Travelling","water","surface","",2016-08-09 16:23:41
4,"4.slow",9,"9.Travelling","28087","2016-08-09 16:23:41",0.65,-0.176,0.076,0.944,"slow","Travelling","water","surface","",2016-08-09 16:23:41
4,"4.slow",9,"9.Travelling","28088","2016-08-09 16:23:41",0.62,-0.296,0.08,0.908,"slow","Travelling","water","surface","",2016-08-09 16:23:41
4,"4.slow",9,"9.Travelling","28089","2016-08-09 16:23:41",0.68,-0.312,0.112,0.856,"slow","Travelling","water","surface","",2016-08-09 16:23:41
4,"4.slow",9,"9.Travelling","28090","2016-08-09 16:23:41",0.65,-0.296,0.144,0.892,"slow","Travelling","water","surface","",2016-08-09 16:23:41
4,"4.slow",9,"9.Travelling","28091","2016-08-09 16:23:41",0.68,-0.292,0.176,0.904,"slow","Travelling","water","surface","",2016-08-09 16:23:41
4,"4.slow",9,"9.Travelling","28092","2016-08-09 16:23:41",0.68,-0.288,0.204,0.896,"slow","Travelling","water","surface","",2016-08-09 16:23:41
4,"4.slow",9,"9.Travelling","28093","2016-08-09 16:23:41",0.71,-0.272,0.224,0.908,"slow","Travelling","water","surface","",2016-08-09 16:23:41
4,"4.slow",9,"9.Travelling","28094","2016-08-09 16:23:41",0.71,-0.236,0.224,0.944,"slow","Travelling","water","surface","",2016-08-09 16:23:41
4,"4.slow",9,"9.Travelling","28095","2016-08-09 16:23:41",0.75,-0.188,0.216,0.964,"slow","Travelling","water","surface","",2016-08-09 16:23:41
4,"4.slow",9,"9.Travelling","28096","2016-08-09 16:23:41",0.71,-0.148,0.16,0.98,"slow","Travelling","water","surface","",2016-08-09 16:23:41
4,"4.slow",9,"9.Travelling","28097","2016-08-09 16:23:41",0.75,-0.164,0.148,0.952,"slow","Travelling","water","surface","",2016-08-09 16:23:41
4,"4.slow",9,"9.Travelling","28098","2016-08-09 16:23:41",0.75,-0.176,0.14,0.964,"slow","Travelling","water","surface","",2016-08-09 16:23:41
4,"4.slow",9,"9.Travelling","28099","2016-08-09 16:23:41",0.78,-0.184,0.152,0.968,"slow","Travelling","water","surface","",2016-08-09 16:23:41
4,"4.slow",9,"9.Travelling","28100","2016-08-09 16:23:41",0.78,-0.184,0.148,0.952,"slow","Travelling","water","surface","",2016-08-09 16:23:41
4,"4.slow",9,"9.Travelling","28101","2016-08-09 16:23:41",0.78,-0.124,0.168,0.956,"slow","Travelling","water","surface","",2016-08-09 16:23:41
4,"4.slow",9,"9.Travelling","28102","2016-08-09 16:23:41",0.78,-0.1,0.172,0.944,"slow","Travelling","water","surface","",2016-08-09 16:23:41
4,"4.slow",9,"9.Travelling","28103","2016-08-09 16:23:41",0.78,-0.08,0.184,0.952,"slow","Travelling","water","surface","",2016-08-09 16:23:41
4,"4.slow",9,"9.Travelling","28104","2016-08-09 16:23:42",0.78,-0.068,0.148,0.976,"slow","Travelling","water","surface","",2016-08-09 16:23:42
4,"4.slow",9,"9.Travelling","28105","2016-08-09 16:23:42",0.78,-0.044,0.136,0.976,"slow","Travelling","water","surface","",2016-08-09 16:23:42
4,"4.slow",9,"9.Travelling","28106","2016-08-09 16:23:42",0.78,-0.032,0.128,0.988,"slow","Travelling","water","surface","",2016-08-09 16:23:42
4,"4.slow",9,"9.Travelling","28107","2016-08-09 16:23:42",0.78,-0.036,0.136,0.968,"slow","Travelling","water","surface","",2016-08-09 16:23:42
4,"4.slow",9,"9.Travelling","28108","2016-08-09 16:23:42",0.78,-0.036,0.136,0.972,"slow","Travelling","water","surface","",2016-08-09 16:23:42
4,"4.slow",9,"9.Travelling","28109","2016-08-09 16:23:42",0.78,-0.052,0.128,0.952,"slow","Travelling","water","surface","",2016-08-09 16:23:42
4,"4.slow",9,"9.Travelling","28110","2016-08-09 16:23:42",0.78,-0.068,0.144,0.924,"slow","Travelling","water","surface","",2016-08-09 16:23:42
4,"4.slow",9,"9.Travelling","28111","2016-08-09 16:23:42",0.78,-0.076,0.136,0.916,"slow","Travelling","water","surface","",2016-08-09 16:23:42
4,"4.slow",9,"9.Travelling","28112","2016-08-09 16:23:42",0.78,-0.112,0.112,0.94,"slow","Travelling","water","surface","",2016-08-09 16:23:42
4,"4.slow",9,"9.Travelling","28113","2016-08-09 16:23:42",0.78,-0.116,0.108,0.948,"slow","Travelling","water","surface","",2016-08-09 16:23:42
4,"4.slow",9,"9.Travelling","28114","2016-08-09 16:23:42",0.78,-0.14,0.112,0.892,"slow","Travelling","water","surface","",2016-08-09 16:23:42
4,"4.slow",9,"9.Travelling","28115","2016-08-09 16:23:42",0.81,-0.176,0.096,0.892,"slow","Travelling","water","surface","",2016-08-09 16:23:42
4,"4.slow",9,"9.Travelling","28116","2016-08-09 16:23:42",0.81,-0.176,0.112,0.892,"slow","Travelling","water","surface","",2016-08-09 16:23:42
4,"4.slow",9,"9.Travelling","28117","2016-08-09 16:23:42",0.81,-0.172,0.12,0.88,"slow","Travelling","water","surface","",2016-08-09 16:23:42
4,"4.slow",9,"9.Travelling","28118","2016-08-09 16:23:42",0.81,-0.168,0.124,0.86,"slow","Travelling","water","surface","",2016-08-09 16:23:42
4,"4.slow",9,"9.Travelling","28119","2016-08-09 16:23:42",0.81,-0.164,0.128,0.872,"slow","Travelling","water","surface","",2016-08-09 16:23:42
4,"4.slow",9,"9.Travelling","28120","2016-08-09 16:23:42",0.81,-0.16,0.124,0.908,"slow","Travelling","water","surface","",2016-08-09 16:23:42
4,"4.slow",9,"9.Travelling","28121","2016-08-09 16:23:42",0.81,-0.152,0.116,0.896,"slow","Travelling","water","surface","",2016-08-09 16:23:42
4,"4.slow",9,"9.Travelling","28122","2016-08-09 16:23:42",0.84,-0.14,0.104,0.908,"slow","Travelling","water","surface","",2016-08-09 16:23:42
4,"4.slow",9,"9.Travelling","28123","2016-08-09 16:23:42",0.84,-0.14,0.084,0.912,"slow","Travelling","water","surface","",2016-08-09 16:23:42
4,"4.slow",9,"9.Travelling","28124","2016-08-09 16:23:42",0.84,-0.12,0.072,0.92,"slow","Travelling","water","surface","",2016-08-09 16:23:42
4,"4.slow",9,"9.Travelling","28125","2016-08-09 16:23:42",0.84,-0.092,0.076,0.936,"slow","Travelling","water","surface","",2016-08-09 16:23:42
4,"4.slow",9,"9.Travelling","28126","2016-08-09 16:23:42",0.84,-0.068,0.06,0.948,"slow","Travelling","water","surface","",2016-08-09 16:23:42
4,"4.slow",9,"9.Travelling","28127","2016-08-09 16:23:43",0.84,-0.032,0.056,0.96,"slow","Travelling","water","surface","",2016-08-09 16:23:43
4,"4.slow",9,"9.Travelling","28128","2016-08-09 16:23:43",0.84,-0.016,0.052,0.944,"slow","Travelling","water","surface","",2016-08-09 16:23:43
4,"4.slow",9,"9.Travelling","28129","2016-08-09 16:23:43",0.84,0,0.088,0.956,"slow","Travelling","water","surface","",2016-08-09 16:23:43
4,"4.slow",9,"9.Travelling","28130","2016-08-09 16:23:43",0.84,0.028,0.1,0.964,"slow","Travelling","water","surface","",2016-08-09 16:23:43
4,"4.slow",9,"9.Travelling","28131","2016-08-09 16:23:43",0.84,0.068,0.116,0.98,"slow","Travelling","water","surface","",2016-08-09 16:23:43
4,"4.slow",9,"9.Travelling","28132","2016-08-09 16:23:43",0.84,0.116,0.132,0.968,"slow","Travelling","water","surface","",2016-08-09 16:23:43
4,"4.slow",9,"9.Travelling","28133","2016-08-09 16:23:43",0.84,0.14,0.148,0.972,"slow","Travelling","water","surface","",2016-08-09 16:23:43
4,"4.slow",9,"9.Travelling","28134","2016-08-09 16:23:43",0.84,0.164,0.148,0.984,"slow","Travelling","water","surface","",2016-08-09 16:23:43
4,"4.slow",9,"9.Travelling","28135","2016-08-09 16:23:43",0.84,0.184,0.132,0.976,"slow","Travelling","water","surface","",2016-08-09 16:23:43
4,"4.slow",9,"9.Travelling","28136","2016-08-09 16:23:43",0.81,0.196,0.124,0.972,"slow","Travelling","water","surface","",2016-08-09 16:23:43
4,"4.slow",9,"9.Travelling","28137","2016-08-09 16:23:43",0.81,0.216,0.14,0.964,"slow","Travelling","water","surface","",2016-08-09 16:23:43
4,"4.slow",9,"9.Travelling","28138","2016-08-09 16:23:43",0.81,0.26,0.148,0.972,"slow","Travelling","water","surface","",2016-08-09 16:23:43
4,"4.slow",9,"9.Travelling","28139","2016-08-09 16:23:43",0.78,0.28,0.156,0.948,"slow","Travelling","water","surface","",2016-08-09 16:23:43
4,"4.slow",9,"9.Travelling","28140","2016-08-09 16:23:43",0.78,0.316,0.156,0.948,"slow","Travelling","water","surface","",2016-08-09 16:23:43
4,"4.slow",9,"9.Travelling","28141","2016-08-09 16:23:43",0.78,0.356,0.164,0.94,"slow","Travelling","water","surface","",2016-08-09 16:23:43
4,"4.slow",9,"9.Travelling","28142","2016-08-09 16:23:43",0.78,0.376,0.2,0.932,"slow","Travelling","water","surface","",2016-08-09 16:23:43
4,"4.slow",9,"9.Travelling","28143","2016-08-09 16:23:43",0.75,0.412,0.224,0.92,"slow","Travelling","water","surface","",2016-08-09 16:23:43
4,"4.slow",9,"9.Travelling","28144","2016-08-09 16:23:43",0.71,0.436,0.24,0.904,"slow","Travelling","water","surface","",2016-08-09 16:23:43
4,"4.slow",9,"9.Travelling","28145","2016-08-09 16:23:43",0.71,0.444,0.232,0.876,"slow","Travelling","water","surface","",2016-08-09 16:23:43
4,"4.slow",9,"9.Travelling","28146","2016-08-09 16:23:43",0.68,0.452,0.228,0.864,"slow","Travelling","water","surface","",2016-08-09 16:23:43
4,"4.slow",9,"9.Travelling","28147","2016-08-09 16:23:43",0.65,0.496,0.208,0.86,"slow","Travelling","water","surface","",2016-08-09 16:23:43
4,"4.slow",9,"9.Travelling","28148","2016-08-09 16:23:43",0.65,0.556,0.176,0.776,"slow","Travelling","water","surface","",2016-08-09 16:23:43
4,"4.slow",9,"9.Travelling","28149","2016-08-09 16:23:43",0.65,0.528,0.164,0.688,"slow","Travelling","water","surface","",2016-08-09 16:23:43
4,"4.slow",9,"9.Travelling","28150","2016-08-09 16:23:43",0.62,0.476,0.132,0.716,"slow","Travelling","water","surface","",2016-08-09 16:23:43
4,"4.slow",9,"9.Travelling","28151","2016-08-09 16:23:44",0.62,0.48,0.16,0.752,"slow","Travelling","water","surface","",2016-08-09 16:23:44
4,"4.slow",9,"9.Travelling","28152","2016-08-09 16:23:44",0.62,0.48,0.16,0.808,"slow","Travelling","water","surface","",2016-08-09 16:23:44
4,"4.slow",9,"9.Travelling","28153","2016-08-09 16:23:44",0.62,0.46,0.124,0.788,"slow","Travelling","water","surface","",2016-08-09 16:23:44
4,"4.slow",9,"9.Travelling","28154","2016-08-09 16:23:44",0.65,0.432,0.08,0.756,"slow","Travelling","water","surface","",2016-08-09 16:23:44
4,"4.slow",9,"9.Travelling","28155","2016-08-09 16:23:44",0.62,0.404,0.056,0.748,"slow","Travelling","water","surface","",2016-08-09 16:23:44
4,"4.slow",9,"9.Travelling","28156","2016-08-09 16:23:44",0.62,0.384,0.084,0.804,"slow","Travelling","water","surface","",2016-08-09 16:23:44
4,"4.slow",9,"9.Travelling","28157","2016-08-09 16:23:44",0.62,0.376,0.156,0.796,"slow","Travelling","water","surface","",2016-08-09 16:23:44
4,"4.slow",9,"9.Travelling","28158","2016-08-09 16:23:44",0.65,0.336,0.22,0.76,"slow","Travelling","water","surface","",2016-08-09 16:23:44
4,"4.slow",9,"9.Travelling","28159","2016-08-09 16:23:44",0.62,0.276,0.288,0.78,"slow","Travelling","water","surface","",2016-08-09 16:23:44
4,"4.slow",9,"9.Travelling","28160","2016-08-09 16:23:44",0.62,0.244,0.292,0.804,"slow","Travelling","water","surface","",2016-08-09 16:23:44
4,"4.slow",9,"9.Travelling","28161","2016-08-09 16:23:44",0.62,0.244,0.276,0.788,"slow","Travelling","water","surface","",2016-08-09 16:23:44
4,"4.slow",9,"9.Travelling","28162","2016-08-09 16:23:44",0.65,0.252,0.28,0.772,"slow","Travelling","water","surface","",2016-08-09 16:23:44
4,"4.slow",9,"9.Travelling","28163","2016-08-09 16:23:44",0.62,0.26,0.324,0.768,"slow","Travelling","water","surface","",2016-08-09 16:23:44
4,"4.slow",9,"9.Travelling","28164","2016-08-09 16:23:44",0.62,0.268,0.368,0.764,"slow","Travelling","water","surface","",2016-08-09 16:23:44
4,"4.slow",9,"9.Travelling","28165","2016-08-09 16:23:44",0.62,0.276,0.408,0.764,"slow","Travelling","water","surface","",2016-08-09 16:23:44
4,"4.slow",9,"9.Travelling","28166","2016-08-09 16:23:44",0.65,0.268,0.44,0.76,"slow","Travelling","water","surface","",2016-08-09 16:23:44
4,"4.slow",9,"9.Travelling","28167","2016-08-09 16:23:44",0.62,0.252,0.476,0.76,"slow","Travelling","water","surface","",2016-08-09 16:23:44
4,"4.slow",9,"9.Travelling","28168","2016-08-09 16:23:44",0.62,0.248,0.516,0.76,"slow","Travelling","water","surface","",2016-08-09 16:23:44
4,"4.slow",9,"9.Travelling","28169","2016-08-09 16:23:44",0.62,0.228,0.532,0.764,"slow","Travelling","water","surface","",2016-08-09 16:23:44
4,"4.slow",9,"9.Travelling","28170","2016-08-09 16:23:44",0.62,0.216,0.552,0.756,"slow","Travelling","water","surface","",2016-08-09 16:23:44
4,"4.slow",9,"9.Travelling","28171","2016-08-09 16:23:44",0.62,0.232,0.564,0.764,"slow","Travelling","water","surface","",2016-08-09 16:23:44
4,"4.slow",9,"9.Travelling","28172","2016-08-09 16:23:44",0.62,0.252,0.568,0.76,"slow","Travelling","water","surface","",2016-08-09 16:23:44
4,"4.slow",9,"9.Travelling","28173","2016-08-09 16:23:44",0.62,0.252,0.56,0.768,"slow","Travelling","water","surface","",2016-08-09 16:23:44
4,"4.slow",9,"9.Travelling","28174","2016-08-09 16:23:44",0.62,0.252,0.548,0.76,"slow","Travelling","water","surface","",2016-08-09 16:23:44
4,"4.slow",9,"9.Travelling","28175","2016-08-09 16:23:45",0.62,0.248,0.54,0.784,"slow","Travelling","water","surface","",2016-08-09 16:23:45
4,"4.slow",9,"9.Travelling","28176","2016-08-09 16:23:45",0.62,0.232,0.52,0.8,"slow","Travelling","water","surface","",2016-08-09 16:23:45
4,"4.slow",9,"9.Travelling","28177","2016-08-09 16:23:45",0.65,0.228,0.48,0.82,"slow","Travelling","water","surface","",2016-08-09 16:23:45
4,"4.slow",9,"9.Travelling","28178","2016-08-09 16:23:45",0.62,0.224,0.452,0.824,"slow","Travelling","water","surface","",2016-08-09 16:23:45
4,"4.slow",9,"9.Travelling","28179","2016-08-09 16:23:45",0.62,0.208,0.424,0.848,"slow","Travelling","water","surface","",2016-08-09 16:23:45
4,"4.slow",9,"9.Travelling","28180","2016-08-09 16:23:45",0.62,0.18,0.404,0.86,"slow","Travelling","water","surface","",2016-08-09 16:23:45
4,"4.slow",9,"9.Travelling","28181","2016-08-09 16:23:45",0.65,0.148,0.412,0.892,"slow","Travelling","water","surface","",2016-08-09 16:23:45
4,"4.slow",9,"9.Travelling","28182","2016-08-09 16:23:45",0.62,0.152,0.412,0.92,"slow","Travelling","water","surface","",2016-08-09 16:23:45
4,"4.slow",9,"9.Travelling","28183","2016-08-09 16:23:45",0.65,0.156,0.38,0.916,"slow","Travelling","water","surface","",2016-08-09 16:23:45
4,"4.slow",9,"9.Travelling","28184","2016-08-09 16:23:45",0.62,0.168,0.364,0.916,"slow","Travelling","water","surface","",2016-08-09 16:23:45
4,"4.slow",9,"9.Travelling","28185","2016-08-09 16:23:45",0.62,0.176,0.36,0.9,"slow","Travelling","water","surface","",2016-08-09 16:23:45
4,"4.slow",9,"9.Travelling","28186","2016-08-09 16:23:45",0.65,0.168,0.384,0.892,"slow","Travelling","water","surface","",2016-08-09 16:23:45
4,"4.slow",9,"9.Travelling","28187","2016-08-09 16:23:45",0.62,0.188,0.42,0.888,"slow","Travelling","water","surface","",2016-08-09 16:23:45
4,"4.slow",9,"9.Travelling","28188","2016-08-09 16:23:45",0.65,0.176,0.452,0.852,"slow","Travelling","water","surface","",2016-08-09 16:23:45
4,"4.slow",9,"9.Travelling","28189","2016-08-09 16:23:45",0.65,0.14,0.476,0.84,"slow","Travelling","water","surface","",2016-08-09 16:23:45
4,"4.slow",9,"9.Travelling","28190","2016-08-09 16:23:45",0.65,0.068,0.452,0.784,"slow","Travelling","water","surface","",2016-08-09 16:23:45
4,"4.slow",9,"9.Travelling","28191","2016-08-09 16:23:45",0.62,-0.016,0.448,0.792,"slow","Travelling","water","surface","",2016-08-09 16:23:45
4,"4.slow",9,"9.Travelling","28192","2016-08-09 16:23:45",0.65,-0.08,0.436,0.812,"slow","Travelling","water","surface","",2016-08-09 16:23:45
4,"4.slow",9,"9.Travelling","28193","2016-08-09 16:23:45",0.65,-0.104,0.452,0.788,"slow","Travelling","water","surface","",2016-08-09 16:23:45
4,"4.slow",9,"9.Travelling","28194","2016-08-09 16:23:45",0.62,-0.136,0.472,0.732,"slow","Travelling","water","surface","",2016-08-09 16:23:45
4,"4.slow",9,"9.Travelling","28195","2016-08-09 16:23:45",0.65,-0.156,0.508,0.7,"slow","Travelling","water","surface","",2016-08-09 16:23:45
4,"4.slow",9,"9.Travelling","28196","2016-08-09 16:23:45",0.62,-0.208,0.512,0.676,"slow","Travelling","water","surface","",2016-08-09 16:23:45
4,"4.slow",9,"9.Travelling","28197","2016-08-09 16:23:45",0.65,-0.272,0.5,0.632,"slow","Travelling","water","surface","",2016-08-09 16:23:45
4,"4.slow",9,"9.Travelling","28198","2016-08-09 16:23:45",0.62,-0.312,0.5,0.62,"slow","Travelling","water","surface","",2016-08-09 16:23:45
4,"4.slow",9,"9.Travelling","28199","2016-08-09 16:23:46",0.62,-0.352,0.48,0.62,"slow","Travelling","water","surface","",2016-08-09 16:23:46
4,"4.slow",9,"9.Travelling","28200","2016-08-09 16:23:46",0.62,-0.392,0.48,0.612,"slow","Travelling","water","surface","",2016-08-09 16:23:46
4,"4.slow",9,"9.Travelling","28201","2016-08-09 16:23:46",0.65,-0.412,0.54,0.564,"slow","Travelling","water","surface","",2016-08-09 16:23:46
4,"4.slow",9,"9.Travelling","28202","2016-08-09 16:23:46",0.65,-0.456,0.508,0.58,"slow","Travelling","water","surface","",2016-08-09 16:23:46
4,"4.slow",9,"9.Travelling","28203","2016-08-09 16:23:46",0.65,-0.524,0.5,0.552,"slow","Travelling","water","surface","",2016-08-09 16:23:46
4,"4.slow",9,"9.Travelling","28204","2016-08-09 16:23:46",0.65,-0.6,0.464,0.496,"slow","Travelling","water","surface","",2016-08-09 16:23:46
4,"4.slow",9,"9.Travelling","28205","2016-08-09 16:23:46",0.65,-0.628,0.464,0.504,"slow","Travelling","water","surface","",2016-08-09 16:23:46
4,"4.slow",9,"9.Travelling","28206","2016-08-09 16:23:46",0.68,-0.636,0.468,0.512,"slow","Travelling","water","surface","",2016-08-09 16:23:46
4,"4.slow",9,"9.Travelling","28207","2016-08-09 16:23:46",0.71,-0.652,0.496,0.5,"slow","Travelling","water","surface","",2016-08-09 16:23:46
4,"4.slow",9,"9.Travelling","28208","2016-08-09 16:23:46",0.71,-0.64,0.52,0.532,"slow","Travelling","water","surface","",2016-08-09 16:23:46
4,"4.slow",9,"9.Travelling","28209","2016-08-09 16:23:46",0.75,-0.656,0.528,0.484,"slow","Travelling","water","surface","",2016-08-09 16:23:46
4,"4.slow",9,"9.Travelling","28210","2016-08-09 16:23:46",0.75,-0.632,0.56,0.532,"slow","Travelling","water","surface","",2016-08-09 16:23:46
4,"4.slow",9,"9.Travelling","28211","2016-08-09 16:23:46",0.78,-0.624,0.596,0.544,"slow","Travelling","water","surface","",2016-08-09 16:23:46
4,"4.slow",9,"9.Travelling","28212","2016-08-09 16:23:46",0.78,-0.616,0.628,0.528,"slow","Travelling","water","surface","",2016-08-09 16:23:46
4,"4.slow",9,"9.Travelling","28213","2016-08-09 16:23:46",0.81,-0.592,0.664,0.5,"slow","Travelling","water","surface","",2016-08-09 16:23:46
4,"4.slow",9,"9.Travelling","28214","2016-08-09 16:23:46",0.81,-0.576,0.692,0.512,"slow","Travelling","water","surface","",2016-08-09 16:23:46
4,"4.slow",9,"9.Travelling","28215","2016-08-09 16:23:46",0.81,-0.568,0.7,0.508,"slow","Travelling","water","surface","",2016-08-09 16:23:46
4,"4.slow",9,"9.Travelling","28216","2016-08-09 16:23:46",0.81,-0.536,0.696,0.536,"slow","Travelling","water","surface","",2016-08-09 16:23:46
4,"4.slow",9,"9.Travelling","28217","2016-08-09 16:23:46",0.84,-0.524,0.708,0.544,"slow","Travelling","water","surface","",2016-08-09 16:23:46
4,"4.slow",9,"9.Travelling","28218","2016-08-09 16:23:46",0.84,-0.512,0.696,0.556,"slow","Travelling","water","surface","",2016-08-09 16:23:46
4,"4.slow",9,"9.Travelling","28219","2016-08-09 16:23:46",0.87,-0.516,0.66,0.576,"slow","Travelling","water","surface","",2016-08-09 16:23:46
4,"4.slow",9,"9.Travelling","28220","2016-08-09 16:23:46",0.87,-0.512,0.624,0.596,"slow","Travelling","water","surface","",2016-08-09 16:23:46
4,"4.slow",9,"9.Travelling","28221","2016-08-09 16:23:46",0.87,-0.512,0.592,0.604,"slow","Travelling","water","surface","",2016-08-09 16:23:46
4,"4.slow",9,"9.Travelling","28222","2016-08-09 16:23:46",0.87,-0.5,0.576,0.616,"slow","Travelling","water","surface","",2016-08-09 16:23:46
4,"4.slow",9,"9.Travelling","28223","2016-08-09 16:23:47",0.87,-0.48,0.572,0.624,"slow","Travelling","water","surface","",2016-08-09 16:23:47
4,"4.slow",9,"9.Travelling","28224","2016-08-09 16:23:47",0.9,-0.476,0.584,0.628,"slow","Travelling","water","surface","",2016-08-09 16:23:47
4,"4.slow",9,"9.Travelling","28225","2016-08-09 16:23:47",0.9,-0.444,0.596,0.624,"slow","Travelling","water","surface","",2016-08-09 16:23:47
4,"4.slow",9,"9.Travelling","28226","2016-08-09 16:23:47",0.93,-0.424,0.616,0.608,"slow","Travelling","water","surface","",2016-08-09 16:23:47
4,"4.slow",9,"9.Travelling","28227","2016-08-09 16:23:47",0.93,-0.416,0.656,0.596,"slow","Travelling","water","surface","",2016-08-09 16:23:47
4,"4.slow",9,"9.Travelling","28228","2016-08-09 16:23:47",0.93,-0.384,0.672,0.576,"slow","Travelling","water","surface","",2016-08-09 16:23:47
4,"4.slow",9,"9.Travelling","28229","2016-08-09 16:23:47",0.93,-0.372,0.7,0.56,"slow","Travelling","water","surface","",2016-08-09 16:23:47
4,"4.slow",9,"9.Travelling","28230","2016-08-09 16:23:47",0.96,-0.372,0.732,0.544,"slow","Travelling","water","surface","",2016-08-09 16:23:47
4,"4.slow",9,"9.Travelling","28231","2016-08-09 16:23:47",0.96,-0.356,0.788,0.532,"slow","Travelling","water","surface","",2016-08-09 16:23:47
4,"4.slow",9,"9.Travelling","28232","2016-08-09 16:23:47",0.96,-0.332,0.844,0.504,"slow","Travelling","water","surface","",2016-08-09 16:23:47
4,"4.slow",9,"9.Travelling","28233","2016-08-09 16:23:47",0.96,-0.312,0.896,0.472,"slow","Travelling","water","surface","",2016-08-09 16:23:47
4,"4.slow",9,"9.Travelling","28234","2016-08-09 16:23:47",1,-0.3,0.928,0.46,"slow","Travelling","water","surface","",2016-08-09 16:23:47
4,"4.slow",9,"9.Travelling","28235","2016-08-09 16:23:47",1,-0.272,0.936,0.448,"slow","Travelling","water","surface","",2016-08-09 16:23:47
4,"4.slow",9,"9.Travelling","28236","2016-08-09 16:23:47",1,-0.236,0.944,0.452,"slow","Travelling","water","surface","",2016-08-09 16:23:47
4,"4.slow",9,"9.Travelling","28237","2016-08-09 16:23:47",1,-0.184,0.952,0.48,"slow","Travelling","water","surface","",2016-08-09 16:23:47
4,"4.slow",9,"9.Travelling","28238","2016-08-09 16:23:47",1,-0.16,0.952,0.492,"slow","Travelling","water","surface","",2016-08-09 16:23:47
4,"4.slow",9,"9.Travelling","28239","2016-08-09 16:23:47",0.96,-0.128,0.928,0.504,"slow","Travelling","water","surface","",2016-08-09 16:23:47
4,"4.slow",9,"9.Travelling","28240","2016-08-09 16:23:47",0.96,-0.112,0.892,0.528,"slow","Travelling","water","surface","",2016-08-09 16:23:47
4,"4.slow",9,"9.Travelling","28241","2016-08-09 16:23:47",0.96,-0.1,0.86,0.552,"slow","Travelling","water","surface","",2016-08-09 16:23:47
4,"4.slow",9,"9.Travelling","28242","2016-08-09 16:23:47",0.96,-0.096,0.832,0.568,"slow","Travelling","water","surface","",2016-08-09 16:23:47
4,"4.slow",9,"9.Travelling","28243","2016-08-09 16:23:47",0.96,-0.072,0.796,0.584,"slow","Travelling","water","surface","",2016-08-09 16:23:47
4,"4.slow",9,"9.Travelling","28244","2016-08-09 16:23:47",0.96,-0.06,0.748,0.612,"slow","Travelling","water","surface","",2016-08-09 16:23:47
4,"4.slow",9,"9.Travelling","28245","2016-08-09 16:23:47",0.96,-0.032,0.716,0.648,"slow","Travelling","water","surface","",2016-08-09 16:23:47
4,"4.slow",9,"9.Travelling","28246","2016-08-09 16:23:47",0.93,-0.004,0.688,0.676,"slow","Travelling","water","surface","",2016-08-09 16:23:47
4,"4.slow",9,"9.Travelling","28247","2016-08-09 16:23:48",0.96,0.028,0.672,0.708,"slow","Travelling","water","surface","",2016-08-09 16:23:48
4,"4.slow",9,"9.Travelling","28248","2016-08-09 16:23:48",0.96,0.052,0.676,0.712,"slow","Travelling","water","surface","",2016-08-09 16:23:48
4,"4.slow",9,"9.Travelling","28249","2016-08-09 16:23:48",0.93,0.08,0.68,0.716,"slow","Travelling","water","surface","",2016-08-09 16:23:48
4,"4.slow",9,"9.Travelling","28250","2016-08-09 16:23:48",0.93,0.116,0.684,0.724,"slow","Travelling","water","surface","",2016-08-09 16:23:48
4,"4.slow",9,"9.Travelling","28251","2016-08-09 16:23:48",0.93,0.128,0.672,0.72,"slow","Travelling","water","surface","",2016-08-09 16:23:48
4,"4.slow",9,"9.Travelling","28252","2016-08-09 16:23:48",0.93,0.16,0.672,0.732,"slow","Travelling","water","surface","",2016-08-09 16:23:48
4,"4.slow",9,"9.Travelling","28253","2016-08-09 16:23:48",0.93,0.2,0.656,0.752,"slow","Travelling","water","surface","",2016-08-09 16:23:48
4,"4.slow",9,"9.Travelling","28254","2016-08-09 16:23:48",0.93,0.232,0.64,0.756,"slow","Travelling","water","surface","",2016-08-09 16:23:48
4,"4.slow",9,"9.Travelling","28255","2016-08-09 16:23:48",0.93,0.256,0.628,0.76,"slow","Travelling","water","surface","",2016-08-09 16:23:48
4,"4.slow",9,"9.Travelling","28256","2016-08-09 16:23:48",0.93,0.272,0.62,0.76,"slow","Travelling","water","surface","",2016-08-09 16:23:48
4,"4.slow",9,"9.Travelling","28257","2016-08-09 16:23:48",0.9,0.3,0.604,0.764,"slow","Travelling","water","surface","",2016-08-09 16:23:48
4,"4.slow",9,"9.Travelling","28258","2016-08-09 16:23:48",0.9,0.328,0.576,0.76,"slow","Travelling","water","surface","",2016-08-09 16:23:48
4,"4.slow",9,"9.Travelling","28259","2016-08-09 16:23:48",0.9,0.38,0.552,0.764,"slow","Travelling","water","surface","",2016-08-09 16:23:48
4,"4.slow",9,"9.Travelling","28260","2016-08-09 16:23:48",0.87,0.436,0.548,0.76,"slow","Travelling","water","surface","",2016-08-09 16:23:48
4,"4.slow",9,"9.Travelling","28261","2016-08-09 16:23:48",0.87,0.468,0.536,0.752,"slow","Travelling","water","surface","",2016-08-09 16:23:48
4,"4.slow",9,"9.Travelling","28262","2016-08-09 16:23:48",0.84,0.504,0.5,0.72,"slow","Travelling","water","surface","",2016-08-09 16:23:48
4,"4.slow",9,"9.Travelling","28263","2016-08-09 16:23:48",0.84,0.556,0.44,0.712,"slow","Travelling","water","surface","",2016-08-09 16:23:48
4,"4.slow",9,"9.Travelling","28264","2016-08-09 16:23:48",0.84,0.608,0.404,0.708,"slow","Travelling","water","surface","",2016-08-09 16:23:48
4,"4.slow",9,"9.Travelling","28265","2016-08-09 16:23:48",0.81,0.656,0.376,0.692,"slow","Travelling","water","surface","",2016-08-09 16:23:48
4,"4.slow",9,"9.Travelling","28266","2016-08-09 16:23:48",0.81,0.664,0.356,0.684,"slow","Travelling","water","surface","",2016-08-09 16:23:48
4,"4.slow",9,"9.Travelling","28267","2016-08-09 16:23:48",0.78,0.68,0.344,0.684,"slow","Travelling","water","surface","",2016-08-09 16:23:48
4,"4.slow",9,"9.Travelling","28268","2016-08-09 16:23:48",0.75,0.688,0.308,0.664,"slow","Travelling","water","surface","",2016-08-09 16:23:48
4,"4.slow",9,"9.Travelling","28269","2016-08-09 16:23:48",0.75,0.672,0.276,0.648,"slow","Travelling","water","surface","",2016-08-09 16:23:48
4,"4.slow",9,"9.Travelling","28270","2016-08-09 16:23:49",0.71,0.644,0.252,0.636,"slow","Travelling","water","surface","",2016-08-09 16:23:49
4,"4.slow",9,"9.Travelling","28271","2016-08-09 16:23:49",0.71,0.628,0.204,0.624,"slow","Travelling","water","surface","",2016-08-09 16:23:49
4,"4.slow",9,"9.Travelling","28272","2016-08-09 16:23:49",0.68,0.584,0.188,0.628,"slow","Travelling","water","surface","",2016-08-09 16:23:49
4,"4.slow",9,"9.Travelling","28273","2016-08-09 16:23:49",0.68,0.552,0.192,0.712,"slow","Travelling","water","surface","",2016-08-09 16:23:49
4,"4.slow",9,"9.Travelling","28274","2016-08-09 16:23:49",0.65,0.496,0.216,0.744,"slow","Travelling","water","surface","",2016-08-09 16:23:49
4,"4.slow",9,"9.Travelling","28275","2016-08-09 16:23:49",0.65,0.468,0.228,0.72,"slow","Travelling","water","surface","",2016-08-09 16:23:49
4,"4.slow",9,"9.Travelling","28276","2016-08-09 16:23:49",0.65,0.416,0.232,0.692,"slow","Travelling","water","surface","",2016-08-09 16:23:49
4,"4.slow",9,"9.Travelling","28277","2016-08-09 16:23:49",0.65,0.404,0.224,0.74,"slow","Travelling","water","surface","",2016-08-09 16:23:49
4,"4.slow",9,"9.Travelling","28278","2016-08-09 16:23:49",0.65,0.42,0.22,0.768,"slow","Travelling","water","surface","",2016-08-09 16:23:49
4,"4.slow",9,"9.Travelling","28279","2016-08-09 16:23:49",0.65,0.432,0.216,0.78,"slow","Travelling","water","surface","",2016-08-09 16:23:49
4,"4.slow",9,"9.Travelling","28280","2016-08-09 16:23:49",0.65,0.432,0.208,0.784,"slow","Travelling","water","surface","",2016-08-09 16:23:49
4,"4.slow",9,"9.Travelling","28281","2016-08-09 16:23:49",0.65,0.448,0.196,0.82,"slow","Travelling","water","surface","",2016-08-09 16:23:49
4,"4.slow",9,"9.Travelling","28282","2016-08-09 16:23:49",0.65,0.432,0.156,0.816,"slow","Travelling","water","surface","",2016-08-09 16:23:49
4,"4.slow",9,"9.Travelling","28283","2016-08-09 16:23:49",0.62,0.396,0.136,0.812,"slow","Travelling","water","surface","",2016-08-09 16:23:49
4,"4.slow",9,"9.Travelling","28284","2016-08-09 16:23:49",0.62,0.372,0.152,0.824,"slow","Travelling","water","surface","",2016-08-09 16:23:49
4,"4.slow",9,"9.Travelling","28285","2016-08-09 16:23:49",0.65,0.324,0.18,0.808,"slow","Travelling","water","surface","",2016-08-09 16:23:49
4,"4.slow",9,"9.Travelling","28286","2016-08-09 16:23:49",0.62,0.288,0.196,0.812,"slow","Travelling","water","surface","",2016-08-09 16:23:49
4,"4.slow",9,"9.Travelling","28287","2016-08-09 16:23:49",0.62,0.244,0.208,0.812,"slow","Travelling","water","surface","",2016-08-09 16:23:49
4,"4.slow",9,"9.Travelling","28288","2016-08-09 16:23:49",0.65,0.18,0.216,0.832,"slow","Travelling","water","surface","",2016-08-09 16:23:49
4,"4.slow",9,"9.Travelling","28289","2016-08-09 16:23:49",0.62,0.16,0.228,0.876,"slow","Travelling","water","surface","",2016-08-09 16:23:49
4,"4.slow",9,"9.Travelling","28290","2016-08-09 16:23:49",0.62,0.148,0.244,0.884,"slow","Travelling","water","surface","",2016-08-09 16:23:49
4,"4.slow",9,"9.Travelling","28291","2016-08-09 16:23:49",0.62,0.14,0.236,0.872,"slow","Travelling","water","surface","",2016-08-09 16:23:49
4,"4.slow",9,"9.Travelling","28292","2016-08-09 16:23:49",0.62,0.148,0.244,0.88,"slow","Travelling","water","surface","",2016-08-09 16:23:49
4,"4.slow",9,"9.Travelling","28293","2016-08-09 16:23:49",0.62,0.16,0.236,0.892,"slow","Travelling","water","surface","",2016-08-09 16:23:49
4,"4.slow",9,"9.Travelling","28294","2016-08-09 16:23:50",0.65,0.188,0.24,0.904,"slow","Travelling","water","surface","",2016-08-09 16:23:50
4,"4.slow",9,"9.Travelling","28295","2016-08-09 16:23:50",0.62,0.18,0.264,0.864,"slow","Travelling","water","surface","",2016-08-09 16:23:50
4,"4.slow",9,"9.Travelling","28296","2016-08-09 16:23:50",0.62,0.164,0.308,0.872,"slow","Travelling","water","surface","",2016-08-09 16:23:50
4,"4.slow",9,"9.Travelling","28297","2016-08-09 16:23:50",0.65,0.14,0.332,0.844,"slow","Travelling","water","surface","",2016-08-09 16:23:50
4,"4.slow",9,"9.Travelling","28298","2016-08-09 16:23:50",0.62,0.132,0.364,0.856,"slow","Travelling","water","surface","",2016-08-09 16:23:50
4,"4.slow",9,"9.Travelling","28299","2016-08-09 16:23:50",0.62,0.092,0.392,0.828,"slow","Travelling","water","surface","",2016-08-09 16:23:50
4,"4.slow",9,"9.Travelling","28300","2016-08-09 16:23:50",0.62,0.068,0.416,0.856,"slow","Travelling","water","surface","",2016-08-09 16:23:50
4,"4.slow",9,"9.Travelling","28301","2016-08-09 16:23:50",0.62,0.036,0.412,0.844,"slow","Travelling","water","surface","",2016-08-09 16:23:50
4,"4.slow",9,"9.Travelling","28302","2016-08-09 16:23:50",0.62,0.016,0.392,0.836,"slow","Travelling","water","surface","",2016-08-09 16:23:50
4,"4.slow",9,"9.Travelling","28303","2016-08-09 16:23:50",0.62,-0.012,0.364,0.844,"slow","Travelling","water","surface","",2016-08-09 16:23:50
4,"4.slow",9,"9.Travelling","28304","2016-08-09 16:23:50",0.62,-0.012,0.372,0.848,"slow","Travelling","water","surface","",2016-08-09 16:23:50
4,"4.slow",9,"9.Travelling","28305","2016-08-09 16:23:50",0.62,-0.004,0.384,0.868,"slow","Travelling","water","surface","",2016-08-09 16:23:50
4,"4.slow",9,"9.Travelling","28306","2016-08-09 16:23:50",0.62,0,0.396,0.868,"slow","Travelling","water","surface","",2016-08-09 16:23:50
4,"4.slow",9,"9.Travelling","28307","2016-08-09 16:23:50",0.62,0.008,0.388,0.884,"slow","Travelling","water","surface","",2016-08-09 16:23:50
4,"4.slow",9,"9.Travelling","28308","2016-08-09 16:23:50",0.62,0.02,0.388,0.892,"slow","Travelling","water","surface","",2016-08-09 16:23:50
4,"4.slow",9,"9.Travelling","28309","2016-08-09 16:23:50",0.65,0.02,0.38,0.908,"slow","Travelling","water","surface","",2016-08-09 16:23:50
4,"4.slow",9,"9.Travelling","28310","2016-08-09 16:23:50",0.62,0.024,0.356,0.904,"slow","Travelling","water","surface","",2016-08-09 16:23:50
4,"4.slow",9,"9.Travelling","28311","2016-08-09 16:23:50",0.62,0.016,0.332,0.916,"slow","Travelling","water","surface","",2016-08-09 16:23:50
4,"4.slow",9,"9.Travelling","28312","2016-08-09 16:23:50",0.62,0.012,0.324,0.928,"slow","Travelling","water","surface","",2016-08-09 16:23:50
4,"4.slow",9,"9.Travelling","28313","2016-08-09 16:23:50",0.62,0.008,0.284,0.924,"slow","Travelling","water","surface","",2016-08-09 16:23:50
4,"4.slow",9,"9.Travelling","28314","2016-08-09 16:23:50",0.62,0.004,0.276,0.892,"slow","Travelling","water","surface","",2016-08-09 16:23:50
4,"4.slow",9,"9.Travelling","28315","2016-08-09 16:23:50",0.62,-0.024,0.296,0.864,"slow","Travelling","water","surface","",2016-08-09 16:23:50
4,"4.slow",9,"9.Travelling","28316","2016-08-09 16:23:50",0.62,-0.064,0.344,0.844,"slow","Travelling","water","surface","",2016-08-09 16:23:50
4,"4.slow",9,"9.Travelling","28317","2016-08-09 16:23:50",0.62,-0.1,0.368,0.808,"slow","Travelling","water","surface","",2016-08-09 16:23:50
4,"4.slow",9,"9.Travelling","28318","2016-08-09 16:23:51",0.62,-0.16,0.42,0.8,"slow","Travelling","water","surface","",2016-08-09 16:23:51
4,"4.slow",9,"9.Travelling","28319","2016-08-09 16:23:51",0.62,-0.18,0.4,0.796,"slow","Travelling","water","surface","",2016-08-09 16:23:51
4,"4.slow",9,"9.Travelling","28320","2016-08-09 16:23:51",0.62,-0.208,0.392,0.764,"slow","Travelling","water","surface","",2016-08-09 16:23:51
4,"4.slow",9,"9.Travelling","28321","2016-08-09 16:23:51",0.62,-0.276,0.404,0.74,"slow","Travelling","water","surface","",2016-08-09 16:23:51
4,"4.slow",9,"9.Travelling","28322","2016-08-09 16:23:51",0.65,-0.304,0.404,0.708,"slow","Travelling","water","surface","",2016-08-09 16:23:51
4,"4.slow",9,"9.Travelling","28323","2016-08-09 16:23:51",0.65,-0.376,0.408,0.7,"slow","Travelling","water","surface","",2016-08-09 16:23:51
4,"4.slow",9,"9.Travelling","28324","2016-08-09 16:23:51",0.65,-0.428,0.396,0.596,"slow","Travelling","water","surface","",2016-08-09 16:23:51
4,"4.slow",9,"9.Travelling","28325","2016-08-09 16:23:51",0.65,-0.468,0.392,0.636,"slow","Travelling","water","surface","",2016-08-09 16:23:51
4,"4.slow",9,"9.Travelling","28326","2016-08-09 16:23:51",0.65,-0.488,0.404,0.636,"slow","Travelling","water","surface","",2016-08-09 16:23:51
4,"4.slow",9,"9.Travelling","28327","2016-08-09 16:23:51",0.65,-0.516,0.392,0.648,"slow","Travelling","water","surface","",2016-08-09 16:23:51
4,"4.slow",9,"9.Travelling","28328","2016-08-09 16:23:51",0.68,-0.524,0.396,0.664,"slow","Travelling","water","surface","",2016-08-09 16:23:51
4,"4.slow",9,"9.Travelling","28329","2016-08-09 16:23:51",0.71,-0.528,0.428,0.664,"slow","Travelling","water","surface","",2016-08-09 16:23:51
4,"4.slow",9,"9.Travelling","28330","2016-08-09 16:23:51",0.71,-0.532,0.472,0.672,"slow","Travelling","water","surface","",2016-08-09 16:23:51
4,"4.slow",9,"9.Travelling","28331","2016-08-09 16:23:51",0.71,-0.532,0.5,0.676,"slow","Travelling","water","surface","",2016-08-09 16:23:51
4,"4.slow",9,"9.Travelling","28332","2016-08-09 16:23:51",0.75,-0.524,0.524,0.676,"slow","Travelling","water","surface","",2016-08-09 16:23:51
4,"4.slow",9,"9.Travelling","28333","2016-08-09 16:23:51",0.75,-0.524,0.548,0.68,"slow","Travelling","water","surface","",2016-08-09 16:23:51
4,"4.slow",9,"9.Travelling","28334","2016-08-09 16:23:51",0.75,-0.5,0.552,0.676,"slow","Travelling","water","surface","",2016-08-09 16:23:51
4,"4.slow",9,"9.Travelling","28335","2016-08-09 16:23:51",0.78,-0.472,0.552,0.684,"slow","Travelling","water","surface","",2016-08-09 16:23:51
4,"4.slow",9,"9.Travelling","28336","2016-08-09 16:23:51",0.78,-0.448,0.564,0.7,"slow","Travelling","water","surface","",2016-08-09 16:23:51
4,"4.slow",9,"9.Travelling","28337","2016-08-09 16:23:51",0.78,-0.404,0.564,0.696,"slow","Travelling","water","surface","",2016-08-09 16:23:51
4,"4.slow",9,"9.Travelling","28338","2016-08-09 16:23:51",0.81,-0.364,0.556,0.692,"slow","Travelling","water","surface","",2016-08-09 16:23:51
4,"4.slow",9,"9.Travelling","28339","2016-08-09 16:23:51",0.78,-0.324,0.58,0.708,"slow","Travelling","water","surface","",2016-08-09 16:23:51
4,"4.slow",9,"9.Travelling","28340","2016-08-09 16:23:51",0.81,-0.296,0.588,0.72,"slow","Travelling","water","surface","",2016-08-09 16:23:51
4,"4.slow",9,"9.Travelling","28341","2016-08-09 16:23:51",0.81,-0.264,0.592,0.728,"slow","Travelling","water","surface","",2016-08-09 16:23:51
4,"4.slow",9,"9.Travelling","28342","2016-08-09 16:23:52",0.81,-0.236,0.604,0.728,"slow","Travelling","water","surface","",2016-08-09 16:23:52
4,"4.slow",9,"9.Travelling","28343","2016-08-09 16:23:52",0.81,-0.184,0.628,0.716,"slow","Travelling","water","surface","",2016-08-09 16:23:52
4,"4.slow",9,"9.Travelling","28344","2016-08-09 16:23:52",0.84,-0.144,0.656,0.712,"slow","Travelling","water","surface","",2016-08-09 16:23:52
4,"4.slow",9,"9.Travelling","28345","2016-08-09 16:23:52",0.84,-0.104,0.696,0.724,"slow","Travelling","water","surface","",2016-08-09 16:23:52
4,"4.slow",9,"9.Travelling","28346","2016-08-09 16:23:52",0.84,-0.052,0.716,0.728,"slow","Travelling","water","surface","",2016-08-09 16:23:52
4,"4.slow",9,"9.Travelling","28347","2016-08-09 16:23:52",0.84,-0.012,0.732,0.724,"slow","Travelling","water","surface","",2016-08-09 16:23:52
4,"4.slow",9,"9.Travelling","28348","2016-08-09 16:23:52",0.84,0.032,0.744,0.716,"slow","Travelling","water","surface","",2016-08-09 16:23:52
4,"4.slow",9,"9.Travelling","28349","2016-08-09 16:23:52",0.87,0.06,0.752,0.732,"slow","Travelling","water","surface","",2016-08-09 16:23:52
4,"4.slow",9,"9.Travelling","28350","2016-08-09 16:23:52",0.87,0.096,0.744,0.732,"slow","Travelling","water","surface","",2016-08-09 16:23:52
4,"4.slow",9,"9.Travelling","28351","2016-08-09 16:23:52",0.87,0.128,0.74,0.748,"slow","Travelling","water","surface","",2016-08-09 16:23:52
4,"4.slow",9,"9.Travelling","28352","2016-08-09 16:23:52",0.84,0.148,0.748,0.744,"slow","Travelling","water","surface","",2016-08-09 16:23:52
4,"4.slow",9,"9.Travelling","28353","2016-08-09 16:23:52",0.84,0.168,0.752,0.748,"slow","Travelling","water","surface","",2016-08-09 16:23:52
4,"4.slow",9,"9.Travelling","28354","2016-08-09 16:23:52",0.84,0.196,0.752,0.752,"slow","Travelling","water","surface","",2016-08-09 16:23:52
4,"4.slow",9,"9.Travelling","28355","2016-08-09 16:23:52",0.84,0.228,0.76,0.748,"slow","Travelling","water","surface","",2016-08-09 16:23:52
4,"4.slow",9,"9.Travelling","28356","2016-08-09 16:23:52",0.84,0.28,0.732,0.74,"slow","Travelling","water","surface","",2016-08-09 16:23:52
4,"4.slow",9,"9.Travelling","28357","2016-08-09 16:23:52",0.84,0.312,0.716,0.732,"slow","Travelling","water","surface","",2016-08-09 16:23:52
4,"4.slow",9,"9.Travelling","28358","2016-08-09 16:23:52",0.81,0.376,0.696,0.72,"slow","Travelling","water","surface","",2016-08-09 16:23:52
4,"4.slow",9,"9.Travelling","28359","2016-08-09 16:23:52",0.81,0.428,0.648,0.708,"slow","Travelling","water","surface","",2016-08-09 16:23:52
4,"4.slow",9,"9.Travelling","28360","2016-08-09 16:23:52",0.81,0.472,0.6,0.7,"slow","Travelling","water","surface","",2016-08-09 16:23:52
4,"4.slow",9,"9.Travelling","28361","2016-08-09 16:23:52",0.78,0.524,0.572,0.692,"slow","Travelling","water","surface","",2016-08-09 16:23:52
4,"4.slow",9,"9.Travelling","28362","2016-08-09 16:23:52",0.78,0.528,0.536,0.676,"slow","Travelling","water","surface","",2016-08-09 16:23:52
4,"4.slow",9,"9.Travelling","28363","2016-08-09 16:23:52",0.75,0.52,0.52,0.68,"slow","Travelling","water","surface","",2016-08-09 16:23:52
4,"4.slow",9,"9.Travelling","28364","2016-08-09 16:23:52",0.75,0.528,0.488,0.688,"slow","Travelling","water","surface","",2016-08-09 16:23:52
4,"4.slow",9,"9.Travelling","28365","2016-08-09 16:23:52",0.75,0.528,0.46,0.676,"slow","Travelling","water","surface","",2016-08-09 16:23:52
4,"4.slow",9,"9.Travelling","28366","2016-08-09 16:23:53",0.71,0.512,0.44,0.684,"slow","Travelling","water","surface","",2016-08-09 16:23:53
4,"4.slow",9,"9.Travelling","28367","2016-08-09 16:23:53",0.71,0.5,0.424,0.708,"slow","Travelling","water","surface","",2016-08-09 16:23:53
4,"4.slow",9,"9.Travelling","28368","2016-08-09 16:23:53",0.68,0.504,0.416,0.704,"slow","Travelling","water","surface","",2016-08-09 16:23:53
4,"4.slow",9,"9.Travelling","28369","2016-08-09 16:23:53",0.68,0.468,0.404,0.696,"slow","Travelling","water","surface","",2016-08-09 16:23:53
4,"4.slow",9,"9.Travelling","28370","2016-08-09 16:23:53",0.68,0.436,0.376,0.708,"slow","Travelling","water","surface","",2016-08-09 16:23:53
4,"4.slow",9,"9.Travelling","28371","2016-08-09 16:23:53",0.65,0.396,0.36,0.712,"slow","Travelling","water","surface","",2016-08-09 16:23:53
4,"4.slow",9,"9.Travelling","28372","2016-08-09 16:23:53",0.65,0.372,0.32,0.724,"slow","Travelling","water","surface","",2016-08-09 16:23:53
4,"4.slow",9,"9.Travelling","28373","2016-08-09 16:23:53",0.62,0.328,0.316,0.728,"slow","Travelling","water","surface","",2016-08-09 16:23:53
4,"4.slow",9,"9.Travelling","28374","2016-08-09 16:23:53",0.65,0.304,0.304,0.732,"slow","Travelling","water","surface","",2016-08-09 16:23:53
4,"4.slow",9,"9.Travelling","28375","2016-08-09 16:23:53",0.65,0.28,0.292,0.776,"slow","Travelling","water","surface","",2016-08-09 16:23:53
4,"4.slow",9,"9.Travelling","28376","2016-08-09 16:23:53",0.62,0.26,0.272,0.78,"slow","Travelling","water","surface","",2016-08-09 16:23:53
4,"4.slow",9,"9.Travelling","28377","2016-08-09 16:23:53",0.65,0.252,0.232,0.78,"slow","Travelling","water","surface","",2016-08-09 16:23:53
4,"4.slow",9,"9.Travelling","28378","2016-08-09 16:23:53",0.62,0.264,0.184,0.82,"slow","Travelling","water","surface","",2016-08-09 16:23:53
4,"4.slow",9,"9.Travelling","28379","2016-08-09 16:23:53",0.62,0.272,0.144,0.86,"slow","Travelling","water","surface","",2016-08-09 16:23:53
4,"4.slow",9,"9.Travelling","28380","2016-08-09 16:23:53",0.62,0.264,0.116,0.892,"slow","Travelling","water","surface","",2016-08-09 16:23:53
4,"4.slow",9,"9.Travelling","28381","2016-08-09 16:23:53",0.65,0.26,0.124,0.9,"slow","Travelling","water","surface","",2016-08-09 16:23:53
4,"4.slow",9,"9.Travelling","28382","2016-08-09 16:23:53",0.62,0.244,0.132,0.912,"slow","Travelling","water","surface","",2016-08-09 16:23:53
4,"4.slow",9,"9.Travelling","28383","2016-08-09 16:23:53",0.62,0.228,0.116,0.92,"slow","Travelling","water","surface","",2016-08-09 16:23:53
4,"4.slow",9,"9.Travelling","28384","2016-08-09 16:23:53",0.62,0.216,0.108,0.904,"slow","Travelling","water","surface","",2016-08-09 16:23:53
4,"4.slow",9,"9.Travelling","28385","2016-08-09 16:23:53",0.62,0.212,0.1,0.912,"slow","Travelling","water","surface","",2016-08-09 16:23:53
4,"4.slow",9,"9.Travelling","28386","2016-08-09 16:23:53",0.62,0.208,0.108,0.92,"slow","Travelling","water","surface","",2016-08-09 16:23:53
4,"4.slow",9,"9.Travelling","28387","2016-08-09 16:23:53",0.62,0.184,0.116,0.912,"slow","Travelling","water","surface","",2016-08-09 16:23:53
4,"4.slow",9,"9.Travelling","28388","2016-08-09 16:23:53",0.62,0.172,0.128,0.9,"slow","Travelling","water","surface","",2016-08-09 16:23:53
4,"4.slow",9,"9.Travelling","28389","2016-08-09 16:23:54",0.62,0.156,0.128,0.916,"slow","Travelling","water","surface","",2016-08-09 16:23:54
4,"4.slow",9,"9.Travelling","28390","2016-08-09 16:23:54",0.62,0.152,0.124,0.904,"slow","Travelling","water","surface","",2016-08-09 16:23:54
4,"4.slow",9,"9.Travelling","28391","2016-08-09 16:23:54",0.62,0.148,0.116,0.912,"slow","Travelling","water","surface","",2016-08-09 16:23:54
4,"4.slow",9,"9.Travelling","28392","2016-08-09 16:23:54",0.62,0.152,0.12,0.912,"slow","Travelling","water","surface","",2016-08-09 16:23:54
4,"4.slow",9,"9.Travelling","28393","2016-08-09 16:23:54",0.62,0.152,0.128,0.912,"slow","Travelling","water","surface","",2016-08-09 16:23:54
4,"4.slow",9,"9.Travelling","28394","2016-08-09 16:23:54",0.62,0.16,0.14,0.896,"slow","Travelling","water","surface","",2016-08-09 16:23:54
4,"4.slow",9,"9.Travelling","28395","2016-08-09 16:23:54",0.62,0.168,0.168,0.888,"slow","Travelling","water","surface","",2016-08-09 16:23:54
4,"4.slow",9,"9.Travelling","28396","2016-08-09 16:23:54",0.62,0.164,0.184,0.888,"slow","Travelling","water","surface","",2016-08-09 16:23:54
4,"4.slow",9,"9.Travelling","28397","2016-08-09 16:23:54",0.62,0.156,0.204,0.884,"slow","Travelling","water","surface","",2016-08-09 16:23:54
4,"4.slow",9,"9.Travelling","28398","2016-08-09 16:23:54",0.62,0.156,0.224,0.892,"slow","Travelling","water","surface","",2016-08-09 16:23:54
4,"4.slow",9,"9.Travelling","28399","2016-08-09 16:23:54",0.62,0.132,0.232,0.896,"slow","Travelling","water","surface","",2016-08-09 16:23:54
4,"4.slow",9,"9.Travelling","28400","2016-08-09 16:23:54",0.62,0.112,0.248,0.896,"slow","Travelling","water","surface","",2016-08-09 16:23:54
4,"4.slow",9,"9.Travelling","28401","2016-08-09 16:23:54",0.62,0.12,0.256,0.908,"slow","Travelling","water","surface","",2016-08-09 16:23:54
4,"4.slow",9,"9.Travelling","28402","2016-08-09 16:23:54",0.62,0.132,0.268,0.904,"slow","Travelling","water","surface","",2016-08-09 16:23:54
4,"4.slow",9,"9.Travelling","28403","2016-08-09 16:23:54",0.62,0.132,0.276,0.904,"slow","Travelling","water","surface","",2016-08-09 16:23:54
4,"4.slow",9,"9.Travelling","28404","2016-08-09 16:23:54",0.62,0.132,0.296,0.888,"slow","Travelling","water","surface","",2016-08-09 16:23:54
4,"4.slow",9,"9.Travelling","28405","2016-08-09 16:23:54",0.62,0.136,0.296,0.888,"slow","Travelling","water","surface","",2016-08-09 16:23:54
4,"4.slow",9,"9.Travelling","28406","2016-08-09 16:23:54",0.62,0.12,0.308,0.88,"slow","Travelling","water","surface","",2016-08-09 16:23:54
4,"4.slow",9,"9.Travelling","28407","2016-08-09 16:23:54",0.62,0.124,0.324,0.88,"slow","Travelling","water","surface","",2016-08-09 16:23:54
4,"4.slow",9,"9.Travelling","28408","2016-08-09 16:23:54",0.62,0.136,0.328,0.88,"slow","Travelling","water","surface","",2016-08-09 16:23:54
4,"4.slow",9,"9.Travelling","28409","2016-08-09 16:23:54",0.62,0.124,0.324,0.884,"slow","Travelling","water","surface","",2016-08-09 16:23:54
4,"4.slow",9,"9.Travelling","28410","2016-08-09 16:23:54",0.62,0.12,0.328,0.884,"slow","Travelling","water","surface","",2016-08-09 16:23:54
4,"4.slow",9,"9.Travelling","28411","2016-08-09 16:23:54",0.62,0.096,0.32,0.88,"slow","Travelling","water","surface","",2016-08-09 16:23:54
4,"4.slow",9,"9.Travelling","28412","2016-08-09 16:23:54",0.62,0.096,0.304,0.872,"slow","Travelling","water","surface","",2016-08-09 16:23:54
4,"4.slow",9,"9.Travelling","28413","2016-08-09 16:23:55",0.62,0.1,0.292,0.864,"slow","Travelling","water","surface","",2016-08-09 16:23:55
4,"4.slow",9,"9.Travelling","28414","2016-08-09 16:23:55",0.62,0.092,0.284,0.864,"slow","Travelling","water","surface","",2016-08-09 16:23:55
4,"4.slow",9,"9.Travelling","28415","2016-08-09 16:23:55",0.62,0.08,0.308,0.856,"slow","Travelling","water","surface","",2016-08-09 16:23:55
4,"4.slow",9,"9.Travelling","28416","2016-08-09 16:23:55",0.62,0.072,0.312,0.86,"slow","Travelling","water","surface","",2016-08-09 16:23:55
4,"4.slow",9,"9.Travelling","28417","2016-08-09 16:23:55",0.62,0.068,0.3,0.86,"slow","Travelling","water","surface","",2016-08-09 16:23:55
4,"4.slow",9,"9.Travelling","28418","2016-08-09 16:23:55",0.62,0.064,0.292,0.864,"slow","Travelling","water","surface","",2016-08-09 16:23:55
4,"4.slow",9,"9.Travelling","28419","2016-08-09 16:23:55",0.62,0.064,0.3,0.852,"slow","Travelling","water","surface","",2016-08-09 16:23:55
4,"4.slow",9,"9.Travelling","28420","2016-08-09 16:23:55",0.62,0.068,0.296,0.848,"slow","Travelling","water","surface","",2016-08-09 16:23:55
4,"4.slow",9,"9.Travelling","28421","2016-08-09 16:23:55",0.62,0.084,0.288,0.868,"slow","Travelling","water","surface","",2016-08-09 16:23:55
4,"4.slow",9,"9.Travelling","28422","2016-08-09 16:23:55",0.62,0.084,0.276,0.876,"slow","Travelling","water","surface","",2016-08-09 16:23:55
4,"4.slow",9,"9.Travelling","28423","2016-08-09 16:23:55",0.62,0.092,0.296,0.896,"slow","Travelling","water","surface","",2016-08-09 16:23:55
4,"4.slow",9,"9.Travelling","28424","2016-08-09 16:23:55",0.62,0.092,0.304,0.904,"slow","Travelling","water","surface","",2016-08-09 16:23:55
4,"4.slow",9,"9.Travelling","28425","2016-08-09 16:23:55",0.62,0.084,0.304,0.9,"slow","Travelling","water","surface","",2016-08-09 16:23:55
4,"4.slow",9,"9.Travelling","28426","2016-08-09 16:23:55",0.62,0.08,0.284,0.924,"slow","Travelling","water","surface","",2016-08-09 16:23:55
4,"4.slow",9,"9.Travelling","28427","2016-08-09 16:23:55",0.62,0.088,0.284,0.932,"slow","Travelling","water","surface","",2016-08-09 16:23:55
4,"4.slow",9,"9.Travelling","28428","2016-08-09 16:23:55",0.62,0.092,0.28,0.928,"slow","Travelling","water","surface","",2016-08-09 16:23:55
4,"4.slow",9,"9.Travelling","28429","2016-08-09 16:23:55",0.62,0.096,0.256,0.928,"slow","Travelling","water","surface","",2016-08-09 16:23:55
4,"4.slow",9,"9.Travelling","28430","2016-08-09 16:23:55",0.62,0.092,0.244,0.92,"slow","Travelling","water","surface","",2016-08-09 16:23:55
4,"4.slow",9,"9.Travelling","28431","2016-08-09 16:23:55",0.62,0.104,0.228,0.904,"slow","Travelling","water","surface","",2016-08-09 16:23:55
4,"4.slow",9,"9.Travelling","28432","2016-08-09 16:23:55",0.65,0.108,0.228,0.904,"slow","Travelling","water","surface","",2016-08-09 16:23:55
4,"4.slow",9,"9.Travelling","28433","2016-08-09 16:23:55",0.62,0.12,0.228,0.92,"slow","Travelling","water","surface","",2016-08-09 16:23:55
4,"4.slow",9,"9.Travelling","28434","2016-08-09 16:23:55",0.62,0.14,0.228,0.94,"slow","Travelling","water","surface","",2016-08-09 16:23:55
4,"4.slow",9,"9.Travelling","28435","2016-08-09 16:23:55",0.62,0.152,0.216,0.96,"slow","Travelling","water","surface","",2016-08-09 16:23:55
4,"4.slow",9,"9.Travelling","28436","2016-08-09 16:23:55",0.62,0.16,0.2,0.936,"slow","Travelling","water","surface","",2016-08-09 16:23:55
4,"4.slow",9,"9.Travelling","28437","2016-08-09 16:23:56",0.65,0.16,0.2,0.932,"slow","Travelling","water","surface","",2016-08-09 16:23:56
4,"4.slow",9,"9.Travelling","28438","2016-08-09 16:23:56",0.62,0.16,0.204,0.916,"slow","Travelling","water","surface","",2016-08-09 16:23:56
4,"4.slow",9,"9.Travelling","28439","2016-08-09 16:23:56",0.62,0.164,0.212,0.916,"slow","Travelling","water","surface","",2016-08-09 16:23:56
4,"4.slow",9,"9.Travelling","28440","2016-08-09 16:23:56",0.62,0.168,0.224,0.908,"slow","Travelling","water","surface","",2016-08-09 16:23:56
4,"4.slow",9,"9.Travelling","28441","2016-08-09 16:23:56",0.62,0.18,0.24,0.924,"slow","Travelling","water","surface","",2016-08-09 16:23:56
4,"4.slow",9,"9.Travelling","28442","2016-08-09 16:23:56",0.62,0.168,0.24,0.928,"slow","Travelling","water","surface","",2016-08-09 16:23:56
4,"4.slow",9,"9.Travelling","28443","2016-08-09 16:23:56",0.62,0.184,0.236,0.908,"slow","Travelling","water","surface","",2016-08-09 16:23:56
4,"4.slow",9,"9.Travelling","28444","2016-08-09 16:23:56",0.62,0.204,0.228,0.892,"slow","Travelling","water","surface","",2016-08-09 16:23:56
4,"4.slow",9,"9.Travelling","28445","2016-08-09 16:23:56",0.62,0.22,0.256,0.896,"slow","Travelling","water","surface","",2016-08-09 16:23:56
4,"4.slow",9,"9.Travelling","28446","2016-08-09 16:23:56",0.62,0.212,0.296,0.888,"slow","Travelling","water","surface","",2016-08-09 16:23:56
4,"4.slow",9,"9.Travelling","28447","2016-08-09 16:23:56",0.62,0.192,0.348,0.876,"slow","Travelling","water","surface","",2016-08-09 16:23:56
4,"4.slow",9,"9.Travelling","28448","2016-08-09 16:23:56",0.62,0.152,0.392,0.856,"slow","Travelling","water","surface","",2016-08-09 16:23:56
4,"4.slow",9,"9.Travelling","28449","2016-08-09 16:23:56",0.62,0.104,0.4,0.844,"slow","Travelling","water","surface","",2016-08-09 16:23:56
4,"4.slow",9,"9.Travelling","28450","2016-08-09 16:23:56",0.62,0.076,0.408,0.84,"slow","Travelling","water","surface","",2016-08-09 16:23:56
4,"4.slow",9,"9.Travelling","28451","2016-08-09 16:23:56",0.62,0.072,0.412,0.84,"slow","Travelling","water","surface","",2016-08-09 16:23:56
4,"4.slow",9,"9.Travelling","28452","2016-08-09 16:23:56",0.62,0.06,0.404,0.852,"slow","Travelling","water","surface","",2016-08-09 16:23:56
4,"4.slow",9,"9.Travelling","28453","2016-08-09 16:23:56",0.62,0.056,0.404,0.852,"slow","Travelling","water","surface","",2016-08-09 16:23:56
4,"4.slow",9,"9.Travelling","28454","2016-08-09 16:23:56",0.62,0.044,0.404,0.88,"slow","Travelling","water","surface","",2016-08-09 16:23:56
4,"4.slow",9,"9.Travelling","28455","2016-08-09 16:23:56",0.62,0.036,0.408,0.868,"slow","Travelling","water","surface","",2016-08-09 16:23:56
4,"4.slow",9,"9.Travelling","28456","2016-08-09 16:23:56",0.62,0.024,0.412,0.848,"slow","Travelling","water","surface","",2016-08-09 16:23:56
4,"4.slow",9,"9.Travelling","28457","2016-08-09 16:23:56",0.62,0.032,0.408,0.856,"slow","Travelling","water","surface","",2016-08-09 16:23:56
4,"4.slow",9,"9.Travelling","28458","2016-08-09 16:23:56",0.62,0.032,0.4,0.864,"slow","Travelling","water","surface","",2016-08-09 16:23:56
4,"4.slow",9,"9.Travelling","28459","2016-08-09 16:23:56",0.62,0.032,0.384,0.856,"slow","Travelling","water","surface","",2016-08-09 16:23:56
4,"4.slow",9,"9.Travelling","28460","2016-08-09 16:23:56",0.62,0.024,0.372,0.852,"slow","Travelling","water","surface","",2016-08-09 16:23:56
4,"4.slow",9,"9.Travelling","28461","2016-08-09 16:23:57",0.62,0.02,0.372,0.868,"slow","Travelling","water","surface","",2016-08-09 16:23:57
4,"4.slow",9,"9.Travelling","28462","2016-08-09 16:23:57",0.62,0.04,0.356,0.88,"slow","Travelling","water","surface","",2016-08-09 16:23:57
4,"4.slow",9,"9.Travelling","28463","2016-08-09 16:23:57",0.62,0.068,0.288,0.88,"slow","Travelling","water","surface","",2016-08-09 16:23:57
4,"4.slow",9,"9.Travelling","28464","2016-08-09 16:23:57",0.62,0.088,0.24,0.892,"slow","Travelling","water","surface","",2016-08-09 16:23:57
4,"4.slow",9,"9.Travelling","28465","2016-08-09 16:23:57",0.62,0.092,0.196,0.9,"slow","Travelling","water","surface","",2016-08-09 16:23:57
4,"4.slow",9,"9.Travelling","28466","2016-08-09 16:23:57",0.62,0.096,0.2,0.896,"slow","Travelling","water","surface","",2016-08-09 16:23:57
4,"4.slow",9,"9.Travelling","28467","2016-08-09 16:23:57",0.62,0.1,0.224,0.888,"slow","Travelling","water","surface","",2016-08-09 16:23:57
4,"4.slow",9,"9.Travelling","28468","2016-08-09 16:23:57",0.62,0.112,0.256,0.868,"slow","Travelling","water","surface","",2016-08-09 16:23:57
4,"4.slow",9,"9.Travelling","28469","2016-08-09 16:23:57",0.62,0.108,0.292,0.864,"slow","Travelling","water","surface","",2016-08-09 16:23:57
4,"4.slow",9,"9.Travelling","28470","2016-08-09 16:23:57",0.62,0.1,0.304,0.84,"slow","Travelling","water","surface","",2016-08-09 16:23:57
4,"4.slow",9,"9.Travelling","28471","2016-08-09 16:23:57",0.62,0.116,0.328,0.84,"slow","Travelling","water","surface","",2016-08-09 16:23:57
4,"4.slow",9,"9.Travelling","28472","2016-08-09 16:23:57",0.62,0.124,0.364,0.832,"slow","Travelling","water","surface","",2016-08-09 16:23:57
4,"4.slow",9,"9.Travelling","28473","2016-08-09 16:23:57",0.62,0.136,0.388,0.824,"slow","Travelling","water","surface","",2016-08-09 16:23:57
4,"4.slow",9,"9.Travelling","28474","2016-08-09 16:23:57",0.65,0.144,0.4,0.824,"slow","Travelling","water","surface","",2016-08-09 16:23:57
4,"4.slow",9,"9.Travelling","28475","2016-08-09 16:23:57",0.65,0.152,0.448,0.84,"slow","Travelling","water","surface","",2016-08-09 16:23:57
4,"4.slow",9,"9.Travelling","28476","2016-08-09 16:23:57",0.65,0.132,0.496,0.808,"slow","Travelling","water","surface","",2016-08-09 16:23:57
4,"4.slow",9,"9.Travelling","28477","2016-08-09 16:23:57",0.65,0.164,0.468,0.82,"slow","Travelling","water","surface","",2016-08-09 16:23:57
4,"4.slow",9,"9.Travelling","28478","2016-08-09 16:23:57",0.65,0.188,0.472,0.84,"slow","Travelling","water","surface","",2016-08-09 16:23:57
4,"4.slow",9,"9.Travelling","28479","2016-08-09 16:23:57",0.65,0.22,0.488,0.844,"slow","Travelling","water","surface","",2016-08-09 16:23:57
4,"4.slow",9,"9.Travelling","28480","2016-08-09 16:23:57",0.65,0.248,0.508,0.816,"slow","Travelling","water","surface","",2016-08-09 16:23:57
4,"4.slow",9,"9.Travelling","28481","2016-08-09 16:23:57",0.65,0.248,0.528,0.788,"slow","Travelling","water","surface","",2016-08-09 16:23:57
4,"4.slow",9,"9.Travelling","28482","2016-08-09 16:23:57",0.65,0.236,0.536,0.8,"slow","Travelling","water","surface","",2016-08-09 16:23:57
4,"4.slow",9,"9.Travelling","28483","2016-08-09 16:23:57",0.65,0.204,0.552,0.808,"slow","Travelling","water","surface","",2016-08-09 16:23:57
4,"4.slow",9,"9.Travelling","28484","2016-08-09 16:23:57",0.65,0.168,0.592,0.8,"slow","Travelling","water","surface","",2016-08-09 16:23:57
4,"4.slow",9,"9.Travelling","28485","2016-08-09 16:23:58",0.65,0.136,0.66,0.788,"slow","Travelling","water","surface","",2016-08-09 16:23:58
4,"4.slow",9,"9.Travelling","28486","2016-08-09 16:23:58",0.65,0.12,0.712,0.768,"slow","Travelling","water","surface","",2016-08-09 16:23:58
4,"4.slow",9,"9.Travelling","28487","2016-08-09 16:23:58",0.65,0.092,0.728,0.736,"slow","Travelling","water","surface","",2016-08-09 16:23:58
4,"4.slow",9,"9.Travelling","28488","2016-08-09 16:23:58",0.68,0.072,0.728,0.732,"slow","Travelling","water","surface","",2016-08-09 16:23:58
4,"4.slow",9,"9.Travelling","28489","2016-08-09 16:23:58",0.65,0.08,0.712,0.736,"slow","Travelling","water","surface","",2016-08-09 16:23:58
4,"4.slow",9,"9.Travelling","28490","2016-08-09 16:23:58",0.68,0.092,0.692,0.72,"slow","Travelling","water","surface","",2016-08-09 16:23:58
4,"4.slow",9,"9.Travelling","28491","2016-08-09 16:23:58",0.68,0.1,0.668,0.728,"slow","Travelling","water","surface","",2016-08-09 16:23:58
4,"4.slow",9,"9.Travelling","28492","2016-08-09 16:23:58",0.65,0.104,0.668,0.76,"slow","Travelling","water","surface","",2016-08-09 16:23:58
4,"4.slow",9,"9.Travelling","28493","2016-08-09 16:23:58",0.68,0.1,0.644,0.752,"slow","Travelling","water","surface","",2016-08-09 16:23:58
4,"4.slow",9,"9.Travelling","28494","2016-08-09 16:23:58",0.65,0.104,0.648,0.744,"slow","Travelling","water","surface","",2016-08-09 16:23:58
4,"4.slow",9,"9.Travelling","28495","2016-08-09 16:23:58",0.65,0.092,0.652,0.752,"slow","Travelling","water","surface","",2016-08-09 16:23:58
4,"4.slow",9,"9.Travelling","28496","2016-08-09 16:23:58",0.65,0.092,0.644,0.756,"slow","Travelling","water","surface","",2016-08-09 16:23:58
4,"4.slow",9,"9.Travelling","28497","2016-08-09 16:23:58",0.65,0.104,0.616,0.748,"slow","Travelling","water","surface","",2016-08-09 16:23:58
4,"4.slow",9,"9.Travelling","28498","2016-08-09 16:23:58",0.65,0.124,0.588,0.756,"slow","Travelling","water","surface","",2016-08-09 16:23:58
4,"4.slow",9,"9.Travelling","28499","2016-08-09 16:23:58",0.65,0.14,0.568,0.772,"slow","Travelling","water","surface","",2016-08-09 16:23:58
4,"4.slow",9,"9.Travelling","28500","2016-08-09 16:23:58",0.65,0.164,0.58,0.788,"slow","Travelling","water","surface","",2016-08-09 16:23:58
4,"4.slow",9,"9.Travelling","28501","2016-08-09 16:23:58",0.65,0.18,0.564,0.8,"slow","Travelling","water","surface","",2016-08-09 16:23:58
4,"4.slow",9,"9.Travelling","28502","2016-08-09 16:23:58",0.65,0.188,0.532,0.808,"slow","Travelling","water","surface","",2016-08-09 16:23:58
4,"4.slow",9,"9.Travelling","28503","2016-08-09 16:23:58",0.65,0.172,0.524,0.816,"slow","Travelling","water","surface","",2016-08-09 16:23:58
4,"4.slow",9,"9.Travelling","28504","2016-08-09 16:23:58",0.62,0.168,0.496,0.816,"slow","Travelling","water","surface","",2016-08-09 16:23:58
4,"4.slow",9,"9.Travelling","28505","2016-08-09 16:23:58",0.65,0.148,0.46,0.82,"slow","Travelling","water","surface","",2016-08-09 16:23:58
4,"4.slow",9,"9.Travelling","28506","2016-08-09 16:23:58",0.62,0.128,0.444,0.828,"slow","Travelling","water","surface","",2016-08-09 16:23:58
4,"4.slow",9,"9.Travelling","28507","2016-08-09 16:23:58",0.62,0.092,0.42,0.812,"slow","Travelling","water","surface","",2016-08-09 16:23:58
4,"4.slow",9,"9.Travelling","28508","2016-08-09 16:23:59",0.62,0.068,0.388,0.816,"slow","Travelling","water","surface","",2016-08-09 16:23:59
4,"4.slow",9,"9.Travelling","28509","2016-08-09 16:23:59",0.62,0.036,0.352,0.796,"slow","Travelling","water","surface","",2016-08-09 16:23:59
4,"4.slow",9,"9.Travelling","28510","2016-08-09 16:23:59",0.62,0,0.36,0.796,"slow","Travelling","water","surface","",2016-08-09 16:23:59
4,"4.slow",9,"9.Travelling","28511","2016-08-09 16:23:59",0.62,-0.036,0.36,0.804,"slow","Travelling","water","surface","",2016-08-09 16:23:59
4,"4.slow",9,"9.Travelling","28512","2016-08-09 16:23:59",0.65,-0.088,0.368,0.816,"slow","Travelling","water","surface","",2016-08-09 16:23:59
4,"4.slow",9,"9.Travelling","28513","2016-08-09 16:23:59",0.62,-0.152,0.368,0.828,"slow","Travelling","water","surface","",2016-08-09 16:23:59
4,"4.slow",9,"9.Travelling","28514","2016-08-09 16:23:59",0.62,-0.212,0.368,0.816,"slow","Travelling","water","surface","",2016-08-09 16:23:59
4,"4.slow",9,"9.Travelling","28515","2016-08-09 16:23:59",0.62,-0.248,0.352,0.808,"slow","Travelling","water","surface","",2016-08-09 16:23:59
4,"4.slow",9,"9.Travelling","28516","2016-08-09 16:23:59",0.62,-0.284,0.324,0.784,"slow","Travelling","water","surface","",2016-08-09 16:23:59
4,"4.slow",9,"9.Travelling","28517","2016-08-09 16:23:59",0.62,-0.312,0.264,0.764,"slow","Travelling","water","surface","",2016-08-09 16:23:59
4,"4.slow",9,"9.Travelling","28518","2016-08-09 16:23:59",0.62,-0.36,0.192,0.74,"slow","Travelling","water","surface","",2016-08-09 16:23:59
4,"4.slow",9,"9.Travelling","28519","2016-08-09 16:23:59",0.62,-0.392,0.12,0.732,"slow","Travelling","water","surface","",2016-08-09 16:23:59
4,"4.slow",9,"9.Travelling","28520","2016-08-09 16:23:59",0.62,-0.436,0.072,0.704,"slow","Travelling","water","surface","",2016-08-09 16:23:59
4,"4.slow",9,"9.Travelling","28521","2016-08-09 16:23:59",0.62,-0.568,0.08,0.624,"slow","Travelling","water","surface","",2016-08-09 16:23:59
4,"4.slow",9,"9.Travelling","28522","2016-08-09 16:23:59",0.62,-0.6,0.132,0.576,"slow","Travelling","water","surface","",2016-08-09 16:23:59
4,"4.slow",9,"9.Travelling","28523","2016-08-09 16:23:59",0.65,-0.632,0.22,0.504,"slow","Travelling","water","surface","",2016-08-09 16:23:59
4,"4.slow",9,"9.Travelling","28524","2016-08-09 16:23:59",0.65,-0.676,0.296,0.424,"slow","Travelling","water","surface","",2016-08-09 16:23:59
4,"4.slow",9,"9.Travelling","28525","2016-08-09 16:23:59",0.68,-0.716,0.336,0.364,"slow","Travelling","water","surface","",2016-08-09 16:23:59
4,"4.slow",9,"9.Travelling","28526","2016-08-09 16:23:59",0.68,-0.756,0.324,0.328,"slow","Travelling","water","surface","",2016-08-09 16:23:59
4,"4.slow",9,"9.Travelling","28527","2016-08-09 16:23:59",0.71,-0.776,0.336,0.296,"slow","Travelling","water","surface","",2016-08-09 16:23:59
4,"4.slow",9,"9.Travelling","28528","2016-08-09 16:23:59",0.75,-0.82,0.328,0.272,"slow","Travelling","water","surface","",2016-08-09 16:23:59
4,"4.slow",9,"9.Travelling","28529","2016-08-09 16:23:59",0.78,-0.844,0.348,0.22,"slow","Travelling","water","surface","",2016-08-09 16:23:59
4,"4.slow",9,"9.Travelling","28530","2016-08-09 16:23:59",0.81,-0.884,0.34,0.196,"slow","Travelling","water","surface","",2016-08-09 16:23:59
4,"4.slow",9,"9.Travelling","28531","2016-08-09 16:23:59",0.84,-0.936,0.316,0.14,"slow","Travelling","water","surface","",2016-08-09 16:23:59
4,"4.slow",9,"9.Travelling","28532","2016-08-09 16:24:00",0.87,-0.948,0.316,0.108,"slow","Travelling","water","surface","",2016-08-09 16:24:00
4,"4.slow",9,"9.Travelling","28533","2016-08-09 16:24:00",0.9,-0.952,0.316,0.056,"slow","Travelling","water","surface","",2016-08-09 16:24:00
4,"4.slow",9,"9.Travelling","28534","2016-08-09 16:24:00",0.93,-0.932,0.36,0.012,"slow","Travelling","water","surface","",2016-08-09 16:24:00
4,"4.slow",9,"9.Travelling","28535","2016-08-09 16:24:00",0.93,-0.916,0.408,-0.044,"slow","Travelling","water","surface","",2016-08-09 16:24:00
4,"4.slow",9,"9.Travelling","28536","2016-08-09 16:24:00",0.96,-0.892,0.46,-0.076,"slow","Travelling","water","surface","",2016-08-09 16:24:00
4,"4.slow",9,"9.Travelling","28537","2016-08-09 16:24:00",1,-0.88,0.496,-0.096,"slow","Travelling","water","surface","",2016-08-09 16:24:00
4,"4.slow",9,"9.Travelling","28538","2016-08-09 16:24:00",1.03,-0.872,0.544,-0.108,"slow","Travelling","water","surface","",2016-08-09 16:24:00
4,"4.slow",9,"9.Travelling","28539","2016-08-09 16:24:00",1.06,-0.86,0.56,-0.132,"slow","Travelling","water","underwater","",2016-08-09 16:24:00
4,"4.slow",9,"9.Travelling","28540","2016-08-09 16:24:00",1.06,-0.86,0.576,-0.136,"slow","Travelling","water","underwater","",2016-08-09 16:24:00
4,"4.slow",9,"9.Travelling","28541","2016-08-09 16:24:00",1.09,-0.84,0.592,-0.14,"slow","Travelling","water","underwater","",2016-08-09 16:24:00
4,"4.slow",9,"9.Travelling","28542","2016-08-09 16:24:00",1.12,-0.84,0.628,-0.148,"slow","Travelling","water","underwater","",2016-08-09 16:24:00
4,"4.slow",9,"9.Travelling","28543","2016-08-09 16:24:00",1.15,-0.844,0.696,-0.156,"slow","Travelling","water","underwater","",2016-08-09 16:24:00
4,"4.slow",9,"9.Travelling","28544","2016-08-09 16:24:00",1.18,-0.872,0.72,-0.176,"slow","Travelling","water","underwater","",2016-08-09 16:24:00
4,"4.slow",9,"9.Travelling","28545","2016-08-09 16:24:00",1.21,-0.872,0.728,-0.164,"slow","Travelling","water","underwater","",2016-08-09 16:24:00
4,"4.slow",9,"9.Travelling","28546","2016-08-09 16:24:00",1.21,-0.868,0.72,-0.14,"slow","Travelling","water","underwater","",2016-08-09 16:24:00
4,"4.slow",9,"9.Travelling","28547","2016-08-09 16:24:00",1.25,-0.86,0.716,-0.12,"slow","Travelling","water","underwater","",2016-08-09 16:24:00
4,"4.slow",9,"9.Travelling","28548","2016-08-09 16:24:00",1.28,-0.852,0.72,-0.088,"slow","Travelling","water","underwater","",2016-08-09 16:24:00
4,"4.slow",9,"9.Travelling","28549","2016-08-09 16:24:00",1.31,-0.832,0.736,-0.084,"slow","Travelling","water","underwater","",2016-08-09 16:24:00
4,"4.slow",9,"9.Travelling","28550","2016-08-09 16:24:00",1.28,-0.88,0.76,-0.108,"slow","Travelling","water","underwater","",2016-08-09 16:24:00
4,"4.slow",9,"9.Travelling","28551","2016-08-09 16:24:00",1.31,-0.9,0.804,-0.076,"slow","Travelling","water","underwater","",2016-08-09 16:24:00
4,"4.slow",9,"9.Travelling","28552","2016-08-09 16:24:00",1.34,-0.892,0.768,-0.112,"slow","Travelling","water","underwater","",2016-08-09 16:24:00
4,"4.slow",9,"9.Travelling","28553","2016-08-09 16:24:00",1.34,-0.876,0.712,-0.064,"slow","Travelling","water","underwater","",2016-08-09 16:24:00
4,"4.slow",9,"9.Travelling","28554","2016-08-09 16:24:00",1.34,-0.82,0.712,0.06,"slow","Travelling","water","underwater","",2016-08-09 16:24:00
4,"4.slow",9,"9.Travelling","28555","2016-08-09 16:24:00",1.37,-0.736,0.716,0.124,"slow","Travelling","water","underwater","",2016-08-09 16:24:00
4,"4.slow",9,"9.Travelling","28556","2016-08-09 16:24:01",1.37,-0.652,0.692,0.156,"slow","Travelling","water","underwater","",2016-08-09 16:24:01
4,"4.slow",9,"9.Travelling","28557","2016-08-09 16:24:01",1.37,-0.584,0.676,0.18,"slow","Travelling","water","underwater","",2016-08-09 16:24:01
4,"4.slow",9,"9.Travelling","28558","2016-08-09 16:24:01",1.37,-0.56,0.704,0.236,"slow","Travelling","water","underwater","",2016-08-09 16:24:01
4,"4.slow",9,"9.Travelling","28559","2016-08-09 16:24:01",1.4,-0.584,0.68,0.248,"slow","Travelling","water","underwater","",2016-08-09 16:24:01
4,"4.slow",9,"9.Travelling","28560","2016-08-09 16:24:01",1.4,-0.616,0.716,0.24,"slow","Travelling","water","underwater","",2016-08-09 16:24:01
4,"4.slow",9,"9.Travelling","28561","2016-08-09 16:24:01",1.4,-0.596,0.744,0.26,"slow","Travelling","water","underwater","",2016-08-09 16:24:01
4,"4.slow",9,"9.Travelling","28562","2016-08-09 16:24:01",1.43,-0.572,0.772,0.296,"slow","Travelling","water","underwater","",2016-08-09 16:24:01
4,"4.slow",9,"9.Travelling","28563","2016-08-09 16:24:01",1.43,-0.556,0.776,0.296,"slow","Travelling","water","underwater","",2016-08-09 16:24:01
4,"4.slow",9,"9.Travelling","28564","2016-08-09 16:24:01",1.43,-0.548,0.74,0.296,"slow","Travelling","water","underwater","",2016-08-09 16:24:01
4,"4.slow",9,"9.Travelling","28565","2016-08-09 16:24:01",1.46,-0.528,0.696,0.272,"slow","Travelling","water","underwater","",2016-08-09 16:24:01
4,"4.slow",9,"9.Travelling","28566","2016-08-09 16:24:01",1.46,-0.524,0.736,0.2,"slow","Travelling","water","underwater","",2016-08-09 16:24:01
4,"4.slow",9,"9.Travelling","28567","2016-08-09 16:24:01",1.5,-0.552,0.804,0.14,"slow","Travelling","water","underwater","",2016-08-09 16:24:01
4,"4.slow",9,"9.Travelling","28568","2016-08-09 16:24:01",1.5,-0.54,0.872,0.124,"slow","Travelling","water","underwater","",2016-08-09 16:24:01
4,"4.slow",9,"9.Travelling","28569","2016-08-09 16:24:01",1.53,-0.512,0.9,0.148,"slow","Travelling","water","underwater","",2016-08-09 16:24:01
4,"4.slow",9,"9.Travelling","28570","2016-08-09 16:24:01",1.56,-0.56,0.892,0.092,"slow","Travelling","water","underwater","",2016-08-09 16:24:01
4,"4.slow",9,"9.Travelling","28571","2016-08-09 16:24:01",1.56,-0.596,0.884,0.008,"slow","Travelling","water","underwater","",2016-08-09 16:24:01
4,"4.slow",9,"9.Travelling","28572","2016-08-09 16:24:01",1.59,-0.576,0.876,0.032,"slow","Travelling","water","underwater","",2016-08-09 16:24:01
4,"4.slow",9,"9.Travelling","28573","2016-08-09 16:24:01",1.59,-0.548,0.872,0.088,"slow","Travelling","water","underwater","",2016-08-09 16:24:01
4,"4.slow",9,"9.Travelling","28574","2016-08-09 16:24:01",1.62,-0.532,0.864,0.084,"slow","Travelling","water","underwater","",2016-08-09 16:24:01
4,"4.slow",9,"9.Travelling","28575","2016-08-09 16:24:01",1.62,-0.52,0.896,0.064,"slow","Travelling","water","underwater","",2016-08-09 16:24:01
4,"4.slow",9,"9.Travelling","28576","2016-08-09 16:24:01",1.65,-0.528,0.924,0.004,"slow","Travelling","water","underwater","",2016-08-09 16:24:01
4,"4.slow",9,"9.Travelling","28577","2016-08-09 16:24:01",1.68,-0.524,0.976,-0.024,"slow","Travelling","water","underwater","",2016-08-09 16:24:01
4,"4.slow",9,"9.Travelling","28578","2016-08-09 16:24:01",1.71,-0.512,0.984,-0.008,"slow","Travelling","water","underwater","",2016-08-09 16:24:01
4,"4.slow",9,"9.Travelling","28579","2016-08-09 16:24:01",1.71,-0.5,1,0,"slow","Travelling","water","underwater","",2016-08-09 16:24:01
4,"4.slow",9,"9.Travelling","28580","2016-08-09 16:24:02",1.71,-0.46,1.012,0.004,"slow","Travelling","water","underwater","",2016-08-09 16:24:02
4,"4.slow",9,"9.Travelling","28581","2016-08-09 16:24:02",1.75,-0.444,1.028,-0.004,"slow","Travelling","water","underwater","",2016-08-09 16:24:02
4,"4.slow",9,"9.Travelling","28582","2016-08-09 16:24:02",1.75,-0.448,1.04,0.012,"slow","Travelling","water","underwater","",2016-08-09 16:24:02
4,"4.slow",9,"9.Travelling","28583","2016-08-09 16:24:02",1.78,-0.468,1.036,0.028,"slow","Travelling","water","underwater","",2016-08-09 16:24:02
4,"4.slow",9,"9.Travelling","28584","2016-08-09 16:24:02",1.78,-0.452,1.024,0.044,"slow","Travelling","water","underwater","",2016-08-09 16:24:02
4,"4.slow",9,"9.Travelling","28585","2016-08-09 16:24:02",1.81,-0.444,0.992,0.076,"slow","Travelling","water","underwater","",2016-08-09 16:24:02
4,"4.slow",9,"9.Travelling","28586","2016-08-09 16:24:02",1.81,-0.408,0.984,0.108,"slow","Travelling","water","underwater","",2016-08-09 16:24:02
4,"4.slow",9,"9.Travelling","28587","2016-08-09 16:24:02",1.81,-0.36,0.976,0.084,"slow","Travelling","water","underwater","",2016-08-09 16:24:02
4,"4.slow",9,"9.Travelling","28588","2016-08-09 16:24:02",1.81,-0.408,0.952,0.1,"slow","Travelling","water","underwater","",2016-08-09 16:24:02
4,"4.slow",9,"9.Travelling","28589","2016-08-09 16:24:02",1.81,-0.448,0.944,0.104,"slow","Travelling","water","underwater","",2016-08-09 16:24:02
4,"4.slow",9,"9.Travelling","28590","2016-08-09 16:24:02",1.81,-0.464,0.916,0.12,"slow","Travelling","water","underwater","",2016-08-09 16:24:02
4,"4.slow",9,"9.Travelling","28591","2016-08-09 16:24:02",1.84,-0.484,0.904,0.136,"slow","Travelling","water","underwater","",2016-08-09 16:24:02
4,"4.slow",9,"9.Travelling","28592","2016-08-09 16:24:02",1.84,-0.5,0.892,0.172,"slow","Travelling","water","underwater","",2016-08-09 16:24:02
4,"4.slow",9,"9.Travelling","28593","2016-08-09 16:24:02",1.84,-0.5,0.888,0.22,"slow","Travelling","water","underwater","",2016-08-09 16:24:02
4,"4.slow",9,"9.Travelling","28594","2016-08-09 16:24:02",1.87,-0.516,0.868,0.224,"slow","Travelling","water","underwater","",2016-08-09 16:24:02
4,"4.slow",9,"9.Travelling","28595","2016-08-09 16:24:02",1.87,-0.504,0.856,0.228,"slow","Travelling","water","underwater","",2016-08-09 16:24:02
4,"4.slow",9,"9.Travelling","28596","2016-08-09 16:24:02",1.87,-0.516,0.848,0.268,"slow","Travelling","water","underwater","",2016-08-09 16:24:02
4,"4.slow",9,"9.Travelling","28597","2016-08-09 16:24:02",1.87,-0.52,0.836,0.244,"slow","Travelling","water","underwater","",2016-08-09 16:24:02
4,"4.slow",9,"9.Travelling","28598","2016-08-09 16:24:02",1.9,-0.528,0.808,0.24,"slow","Travelling","water","underwater","",2016-08-09 16:24:02
4,"4.slow",9,"9.Travelling","28599","2016-08-09 16:24:02",1.87,-0.552,0.768,0.256,"slow","Travelling","water","underwater","",2016-08-09 16:24:02
4,"4.slow",9,"9.Travelling","28600","2016-08-09 16:24:02",1.9,-0.572,0.728,0.292,"slow","Travelling","water","underwater","",2016-08-09 16:24:02
4,"4.slow",9,"9.Travelling","28601","2016-08-09 16:24:02",1.9,-0.58,0.7,0.348,"slow","Travelling","water","underwater","",2016-08-09 16:24:02
4,"4.slow",9,"9.Travelling","28602","2016-08-09 16:24:02",1.93,-0.58,0.696,0.416,"slow","Travelling","water","underwater","",2016-08-09 16:24:02
4,"4.slow",9,"9.Travelling","28603","2016-08-09 16:24:02",1.9,-0.604,0.672,0.464,"slow","Travelling","water","underwater","",2016-08-09 16:24:02
4,"4.slow",9,"9.Travelling","28604","2016-08-09 16:24:03",1.93,-0.6,0.652,0.524,"slow","Travelling","water","underwater","",2016-08-09 16:24:03
4,"4.slow",9,"9.Travelling","28605","2016-08-09 16:24:03",1.93,-0.572,0.632,0.572,"slow","Travelling","water","underwater","",2016-08-09 16:24:03
4,"4.slow",9,"9.Travelling","28606","2016-08-09 16:24:03",1.93,-0.528,0.568,0.62,"slow","Travelling","water","underwater","",2016-08-09 16:24:03
4,"4.slow",9,"9.Travelling","28607","2016-08-09 16:24:03",1.96,-0.476,0.504,0.68,"slow","Travelling","water","underwater","",2016-08-09 16:24:03
4,"4.slow",9,"9.Travelling","28608","2016-08-09 16:24:03",1.96,-0.428,0.48,0.736,"slow","Travelling","water","underwater","",2016-08-09 16:24:03
4,"4.slow",9,"9.Travelling","28609","2016-08-09 16:24:03",1.96,-0.38,0.452,0.776,"slow","Travelling","water","underwater","",2016-08-09 16:24:03
4,"4.slow",9,"9.Travelling","28610","2016-08-09 16:24:03",1.96,-0.336,0.444,0.808,"slow","Travelling","water","underwater","",2016-08-09 16:24:03
4,"4.slow",9,"9.Travelling","28611","2016-08-09 16:24:03",1.96,-0.3,0.444,0.824,"slow","Travelling","water","underwater","",2016-08-09 16:24:03
4,"4.slow",9,"9.Travelling","28612","2016-08-09 16:24:03",1.96,-0.244,0.44,0.844,"slow","Travelling","water","underwater","",2016-08-09 16:24:03
4,"4.slow",9,"9.Travelling","28613","2016-08-09 16:24:03",1.96,-0.204,0.424,0.86,"slow","Travelling","water","underwater","",2016-08-09 16:24:03
4,"4.slow",9,"9.Travelling","28614","2016-08-09 16:24:03",1.96,-0.18,0.432,0.868,"slow","Travelling","water","underwater","",2016-08-09 16:24:03
4,"4.slow",9,"9.Travelling","28615","2016-08-09 16:24:03",1.96,-0.148,0.428,0.88,"slow","Travelling","water","underwater","",2016-08-09 16:24:03
4,"4.slow",9,"9.Travelling","28616","2016-08-09 16:24:03",1.96,-0.108,0.408,0.916,"slow","Travelling","water","underwater","",2016-08-09 16:24:03
4,"4.slow",9,"9.Travelling","28617","2016-08-09 16:24:03",1.96,-0.052,0.348,0.944,"slow","Travelling","water","underwater","",2016-08-09 16:24:03
4,"4.slow",9,"9.Travelling","28618","2016-08-09 16:24:03",1.96,-0.02,0.324,0.948,"slow","Travelling","water","underwater","",2016-08-09 16:24:03
4,"4.slow",9,"9.Travelling","28619","2016-08-09 16:24:03",2,-0.008,0.28,0.944,"slow","Travelling","water","underwater","",2016-08-09 16:24:03
4,"4.slow",9,"9.Travelling","28620","2016-08-09 16:24:03",1.96,-0.004,0.24,0.96,"slow","Travelling","water","underwater","",2016-08-09 16:24:03
4,"4.slow",9,"9.Travelling","28621","2016-08-09 16:24:03",1.96,-0.008,0.22,0.96,"slow","Travelling","water","underwater","",2016-08-09 16:24:03
4,"4.slow",9,"9.Travelling","28622","2016-08-09 16:24:03",1.96,0,0.232,0.96,"slow","Travelling","water","underwater","",2016-08-09 16:24:03
4,"4.slow",9,"9.Travelling","28623","2016-08-09 16:24:03",1.96,0.004,0.276,0.96,"slow","Travelling","water","underwater","",2016-08-09 16:24:03
4,"4.slow",9,"9.Travelling","28624","2016-08-09 16:24:03",1.96,0,0.304,0.932,"slow","Travelling","water","underwater","",2016-08-09 16:24:03
4,"4.slow",9,"9.Travelling","28625","2016-08-09 16:24:03",1.93,-0.012,0.324,0.9,"slow","Travelling","water","underwater","",2016-08-09 16:24:03
4,"4.slow",9,"9.Travelling","28626","2016-08-09 16:24:03",1.93,-0.028,0.34,0.88,"slow","Travelling","water","underwater","",2016-08-09 16:24:03
4,"4.slow",9,"9.Travelling","28627","2016-08-09 16:24:04",1.93,-0.024,0.32,0.872,"slow","Travelling","water","underwater","",2016-08-09 16:24:04
4,"4.slow",9,"9.Travelling","28628","2016-08-09 16:24:04",1.93,-0.02,0.292,0.864,"slow","Travelling","water","underwater","",2016-08-09 16:24:04
4,"4.slow",9,"9.Travelling","28629","2016-08-09 16:24:04",1.93,-0.02,0.276,0.9,"slow","Travelling","water","underwater","",2016-08-09 16:24:04
4,"4.slow",9,"9.Travelling","28630","2016-08-09 16:24:04",1.93,-0.008,0.272,0.932,"slow","Travelling","water","underwater","",2016-08-09 16:24:04
4,"4.slow",9,"9.Travelling","28631","2016-08-09 16:24:04",1.93,0,0.248,0.92,"slow","Travelling","water","underwater","",2016-08-09 16:24:04
4,"4.slow",9,"9.Travelling","28632","2016-08-09 16:24:04",1.9,0.012,0.22,0.904,"slow","Travelling","water","underwater","",2016-08-09 16:24:04
4,"4.slow",9,"9.Travelling","28633","2016-08-09 16:24:04",1.9,0.032,0.16,0.904,"slow","Travelling","water","underwater","",2016-08-09 16:24:04
4,"4.slow",9,"9.Travelling","28634","2016-08-09 16:24:04",1.9,0.048,0.104,0.916,"slow","Travelling","water","underwater","",2016-08-09 16:24:04
1,"1.other",10,"10.Other","28635","2016-08-09 16:24:04",1.9,0.072,0.052,0.904,"other","Other","water","underwater","other",2016-08-09 16:24:04
1,"1.other",10,"10.Other","28636","2016-08-09 16:24:04",1.87,0.1,0.004,0.904,"other","Other","water","underwater","",2016-08-09 16:24:04
1,"1.other",10,"10.Other","28637","2016-08-09 16:24:04",1.9,0.12,-0.016,0.904,"other","Other","water","underwater","",2016-08-09 16:24:04
1,"1.other",10,"10.Other","28638","2016-08-09 16:24:04",1.9,0.136,-0.052,0.904,"other","Other","water","underwater","",2016-08-09 16:24:04
1,"1.other",10,"10.Other","28639","2016-08-09 16:24:04",1.87,0.168,-0.08,0.892,"other","Other","water","underwater","",2016-08-09 16:24:04
1,"1.other",10,"10.Other","28640","2016-08-09 16:24:04",1.9,0.2,-0.116,0.896,"other","Other","water","underwater","",2016-08-09 16:24:04
1,"1.other",10,"10.Other","28641","2016-08-09 16:24:04",1.9,0.236,-0.192,0.892,"other","Other","water","underwater","",2016-08-09 16:24:04
1,"1.other",10,"10.Other","28642","2016-08-09 16:24:04",1.9,0.264,-0.228,0.888,"other","Other","water","underwater","",2016-08-09 16:24:04
1,"1.other",10,"10.Other","28643","2016-08-09 16:24:04",1.87,0.296,-0.276,0.888,"other","Other","water","underwater","",2016-08-09 16:24:04
1,"1.other",10,"10.Other","28644","2016-08-09 16:24:04",1.87,0.336,-0.3,0.868,"other","Other","water","underwater","",2016-08-09 16:24:04
1,"1.other",10,"10.Other","28645","2016-08-09 16:24:04",1.87,0.356,-0.336,0.86,"other","Other","water","underwater","",2016-08-09 16:24:04
1,"1.other",10,"10.Other","28646","2016-08-09 16:24:04",1.87,0.384,-0.372,0.844,"other","Other","water","underwater","",2016-08-09 16:24:04
1,"1.other",10,"10.Other","28647","2016-08-09 16:24:04",1.87,0.4,-0.38,0.844,"other","Other","water","underwater","",2016-08-09 16:24:04
1,"1.other",10,"10.Other","28648","2016-08-09 16:24:04",1.84,0.424,-0.388,0.828,"other","Other","water","underwater","",2016-08-09 16:24:04
1,"1.other",10,"10.Other","28649","2016-08-09 16:24:04",1.84,0.444,-0.392,0.824,"other","Other","water","underwater","",2016-08-09 16:24:04
1,"1.other",10,"10.Other","28650","2016-08-09 16:24:04",1.84,0.468,-0.392,0.792,"other","Other","water","underwater","",2016-08-09 16:24:04
1,"1.other",10,"10.Other","28651","2016-08-09 16:24:05",1.84,0.5,-0.404,0.784,"other","Other","water","underwater","",2016-08-09 16:24:05
1,"1.other",10,"10.Other","28652","2016-08-09 16:24:05",1.84,0.508,-0.388,0.804,"other","Other","water","underwater","",2016-08-09 16:24:05
1,"1.other",10,"10.Other","28653","2016-08-09 16:24:05",1.81,0.516,-0.388,0.816,"other","Other","water","underwater","",2016-08-09 16:24:05
1,"1.other",10,"10.Other","28654","2016-08-09 16:24:05",1.81,0.532,-0.372,0.788,"other","Other","water","underwater","",2016-08-09 16:24:05
1,"1.other",10,"10.Other","28655","2016-08-09 16:24:05",1.78,0.54,-0.372,0.756,"other","Other","water","underwater","",2016-08-09 16:24:05
1,"1.other",10,"10.Other","28656","2016-08-09 16:24:05",1.78,0.528,-0.38,0.724,"other","Other","water","underwater","",2016-08-09 16:24:05
1,"1.other",10,"10.Other","28657","2016-08-09 16:24:05",1.75,0.516,-0.376,0.736,"other","Other","water","underwater","",2016-08-09 16:24:05
1,"1.other",10,"10.Other","28658","2016-08-09 16:24:05",1.71,0.52,-0.364,0.72,"other","Other","water","underwater","",2016-08-09 16:24:05
1,"1.other",10,"10.Other","28659","2016-08-09 16:24:05",1.71,0.524,-0.336,0.72,"other","Other","water","underwater","",2016-08-09 16:24:05
1,"1.other",10,"10.Other","28660","2016-08-09 16:24:05",1.68,0.528,-0.32,0.708,"other","Other","water","underwater","",2016-08-09 16:24:05
1,"1.other",10,"10.Other","28661","2016-08-09 16:24:05",1.68,0.52,-0.328,0.708,"other","Other","water","underwater","",2016-08-09 16:24:05
1,"1.other",10,"10.Other","28662","2016-08-09 16:24:05",1.65,0.536,-0.324,0.712,"other","Other","water","underwater","",2016-08-09 16:24:05
1,"1.other",10,"10.Other","28663","2016-08-09 16:24:05",1.65,0.536,-0.352,0.7,"other","Other","water","underwater","",2016-08-09 16:24:05
1,"1.other",10,"10.Other","28664","2016-08-09 16:24:05",1.65,0.52,-0.368,0.696,"other","Other","water","underwater","",2016-08-09 16:24:05
1,"1.other",10,"10.Other","28665","2016-08-09 16:24:05",1.62,0.528,-0.376,0.692,"other","Other","water","underwater","",2016-08-09 16:24:05
1,"1.other",10,"10.Other","28666","2016-08-09 16:24:05",1.59,0.536,-0.392,0.676,"other","Other","water","underwater","",2016-08-09 16:24:05
1,"1.other",10,"10.Other","28667","2016-08-09 16:24:05",1.59,0.556,-0.392,0.664,"other","Other","water","underwater","",2016-08-09 16:24:05
1,"1.other",10,"10.Other","28668","2016-08-09 16:24:05",1.56,0.56,-0.404,0.664,"other","Other","water","underwater","",2016-08-09 16:24:05
1,"1.other",10,"10.Other","28669","2016-08-09 16:24:05",1.56,0.568,-0.4,0.668,"other","Other","water","underwater","",2016-08-09 16:24:05
1,"1.other",10,"10.Other","28670","2016-08-09 16:24:05",1.56,0.568,-0.396,0.664,"other","Other","water","underwater","",2016-08-09 16:24:05
1,"1.other",10,"10.Other","28671","2016-08-09 16:24:05",1.56,0.572,-0.404,0.64,"other","Other","water","underwater","",2016-08-09 16:24:05
1,"1.other",10,"10.Other","28672","2016-08-09 16:24:05",1.56,0.576,-0.412,0.636,"other","Other","water","underwater","",2016-08-09 16:24:05
1,"1.other",10,"10.Other","28673","2016-08-09 16:24:05",1.53,0.572,-0.396,0.636,"other","Other","water","underwater","",2016-08-09 16:24:05
1,"1.other",10,"10.Other","28674","2016-08-09 16:24:05",1.5,0.592,-0.396,0.632,"other","Other","water","underwater","",2016-08-09 16:24:05
1,"1.other",10,"10.Other","28675","2016-08-09 16:24:06",1.5,0.604,-0.392,0.632,"other","Other","water","underwater","",2016-08-09 16:24:06
1,"1.other",10,"10.Other","28676","2016-08-09 16:24:06",1.46,0.604,-0.412,0.632,"other","Other","water","underwater","",2016-08-09 16:24:06
1,"1.other",10,"10.Other","28677","2016-08-09 16:24:06",1.46,0.604,-0.412,0.628,"other","Other","water","underwater","",2016-08-09 16:24:06
1,"1.other",10,"10.Other","28678","2016-08-09 16:24:06",1.4,0.6,-0.4,0.632,"other","Other","water","underwater","",2016-08-09 16:24:06
1,"1.other",10,"10.Other","28679","2016-08-09 16:24:06",1.43,0.608,-0.388,0.624,"other","Other","water","underwater","",2016-08-09 16:24:06
1,"1.other",10,"10.Other","28680","2016-08-09 16:24:06",1.4,0.612,-0.424,0.64,"other","Other","water","underwater","",2016-08-09 16:24:06
1,"1.other",10,"10.Other","28681","2016-08-09 16:24:06",1.4,0.6,-0.456,0.632,"other","Other","water","underwater","",2016-08-09 16:24:06
1,"1.other",10,"10.Other","28682","2016-08-09 16:24:06",1.37,0.6,-0.484,0.588,"other","Other","water","underwater","",2016-08-09 16:24:06
1,"1.other",10,"10.Other","28683","2016-08-09 16:24:06",1.34,0.596,-0.38,0.572,"other","Other","water","underwater","",2016-08-09 16:24:06
1,"1.other",10,"10.Other","28684","2016-08-09 16:24:06",1.34,0.692,-0.48,0.64,"other","Other","water","underwater","",2016-08-09 16:24:06
1,"1.other",10,"10.Other","28685","2016-08-09 16:24:06",1.31,0.716,-0.58,0.708,"other","Other","water","underwater","",2016-08-09 16:24:06
1,"1.other",10,"10.Other","28686","2016-08-09 16:24:06",1.28,0.624,-0.58,0.532,"other","Other","water","underwater","",2016-08-09 16:24:06
1,"1.other",10,"10.Other","28687","2016-08-09 16:24:06",1.28,0.552,-0.464,0.496,"other","Other","water","underwater","",2016-08-09 16:24:06
1,"1.other",10,"10.Other","28688","2016-08-09 16:24:06",1.28,0.548,-0.368,0.532,"other","Other","water","underwater","",2016-08-09 16:24:06
1,"1.other",10,"10.Other","28689","2016-08-09 16:24:06",1.25,0.456,-0.408,0.472,"other","Other","water","underwater","",2016-08-09 16:24:06
1,"1.other",10,"10.Other","28690","2016-08-09 16:24:06",1.21,0.408,-0.544,0.508,"other","Other","water","underwater","",2016-08-09 16:24:06
1,"1.other",10,"10.Other","28691","2016-08-09 16:24:06",1.21,0.428,-0.636,0.548,"other","Other","water","underwater","",2016-08-09 16:24:06
1,"1.other",10,"10.Other","28692","2016-08-09 16:24:06",1.21,0.464,-0.644,0.448,"other","Other","water","underwater","",2016-08-09 16:24:06
1,"1.other",10,"10.Other","28693","2016-08-09 16:24:06",1.21,0.488,-0.66,0.416,"other","Other","water","underwater","",2016-08-09 16:24:06
1,"1.other",10,"10.Other","28694","2016-08-09 16:24:06",1.18,0.432,-0.656,0.388,"other","Other","water","underwater","",2016-08-09 16:24:06
1,"1.other",10,"10.Other","28695","2016-08-09 16:24:06",1.18,0.384,-0.708,0.308,"other","Other","water","underwater","",2016-08-09 16:24:06
1,"1.other",10,"10.Other","28696","2016-08-09 16:24:06",1.18,0.38,-0.8,0.296,"other","Other","water","underwater","",2016-08-09 16:24:06
1,"1.other",10,"10.Other","28697","2016-08-09 16:24:06",1.15,0.372,-0.928,0.292,"other","Other","water","underwater","",2016-08-09 16:24:06
1,"1.other",10,"10.Other","28698","2016-08-09 16:24:06",1.15,0.376,-1.028,0.288,"other","Other","water","underwater","",2016-08-09 16:24:06
1,"1.other",10,"10.Other","28699","2016-08-09 16:24:07",1.15,0.372,-1.076,0.324,"other","Other","water","underwater","",2016-08-09 16:24:07
1,"1.other",10,"10.Other","28700","2016-08-09 16:24:07",1.12,0.332,-1.06,0.356,"other","Other","water","underwater","",2016-08-09 16:24:07
1,"1.other",10,"10.Other","28701","2016-08-09 16:24:07",1.12,0.28,-1.036,0.328,"other","Other","water","underwater","",2016-08-09 16:24:07
1,"1.other",10,"10.Other","28702","2016-08-09 16:24:07",1.06,0.212,-0.9,0.368,"other","Other","water","underwater","",2016-08-09 16:24:07
1,"1.other",10,"10.Other","28703","2016-08-09 16:24:07",1.06,0.168,-0.828,0.392,"other","Other","water","underwater","",2016-08-09 16:24:07
1,"1.other",10,"10.Other","28704","2016-08-09 16:24:07",1.03,0.128,-0.796,0.408,"other","Other","water","surface","",2016-08-09 16:24:07
1,"1.other",10,"10.Other","28705","2016-08-09 16:24:07",1.03,0.076,-0.716,0.464,"other","Other","water","surface","",2016-08-09 16:24:07
1,"1.other",10,"10.Other","28706","2016-08-09 16:24:07",1,0.04,-0.64,0.548,"other","Other","water","surface","",2016-08-09 16:24:07
1,"1.other",10,"10.Other","28707","2016-08-09 16:24:07",1.03,0.04,-0.556,0.64,"other","Other","water","surface","",2016-08-09 16:24:07
1,"1.other",10,"10.Other","28708","2016-08-09 16:24:07",1,0.036,-0.528,0.712,"other","Other","water","surface","",2016-08-09 16:24:07
1,"1.other",10,"10.Other","28709","2016-08-09 16:24:07",1,0.064,-0.544,0.796,"other","Other","water","surface","",2016-08-09 16:24:07
1,"1.other",10,"10.Other","28710","2016-08-09 16:24:07",0.96,0.056,-0.544,0.772,"other","Other","water","surface","",2016-08-09 16:24:07
1,"1.other",10,"10.Other","28711","2016-08-09 16:24:07",0.96,-0.004,-0.54,0.744,"other","Other","water","surface","",2016-08-09 16:24:07
1,"1.other",10,"10.Other","28712","2016-08-09 16:24:07",0.96,-0.064,-0.48,0.724,"other","Other","water","surface","",2016-08-09 16:24:07
1,"1.other",10,"10.Other","28713","2016-08-09 16:24:07",0.96,-0.096,-0.384,0.744,"other","Other","water","surface","",2016-08-09 16:24:07
1,"1.other",10,"10.Other","28714","2016-08-09 16:24:07",0.93,-0.064,-0.32,0.836,"other","Other","water","surface","",2016-08-09 16:24:07
1,"1.other",10,"10.Other","28715","2016-08-09 16:24:07",1.09,-0.512,-0.568,-1.328,"other","Other","water","underwater","",2016-08-09 16:24:07
1,"1.other",10,"10.Other","28716","2016-08-09 16:24:07",1.34,-2.284,0.836,-2.58,"other","Other","water","underwater","",2016-08-09 16:24:07
1,"1.other",10,"10.Other","28717","2016-08-09 16:24:07",-0.07,2.94,-0.024,2.052,"other","Other","water","surface","",2016-08-09 16:24:07
1,"1.other",10,"10.Other","28718","2016-08-09 16:24:07",1.21,3.156,0.136,2.092,"other","Other","water","underwater","",2016-08-09 16:24:07
1,"1.other",10,"10.Other","28719","2016-08-09 16:24:07",0.93,1.184,0.044,-0.408,"other","Other","water","surface","",2016-08-09 16:24:07
1,"1.other",10,"10.Other","28720","2016-08-09 16:24:07",0.93,1.992,-0.984,1.304,"other","Other","water","surface","",2016-08-09 16:24:07
1,"1.other",10,"10.Other","28721","2016-08-09 16:24:07",1,1.392,-1.056,1.06,"other","Other","water","surface","",2016-08-09 16:24:07
1,"1.other",10,"10.Other","28722","2016-08-09 16:24:07",1.09,2.476,-1.628,1.568,"other","Other","water","underwater","",2016-08-09 16:24:07
1,"1.other",10,"10.Other","28723","2016-08-09 16:24:08",1,-0.544,-1.244,-0.288,"other","Other","water","surface","",2016-08-09 16:24:08
1,"1.other",10,"10.Other","28724","2016-08-09 16:24:08",1.06,-0.304,-0.604,0.144,"other","Other","water","underwater","",2016-08-09 16:24:08
1,"1.other",10,"10.Other","28725","2016-08-09 16:24:08",1.03,-0.064,-0.276,0.532,"other","Other","water","surface","",2016-08-09 16:24:08
1,"1.other",10,"10.Other","28726","2016-08-09 16:24:08",1.03,0.128,-0.092,0.724,"other","Other","water","surface","",2016-08-09 16:24:08
1,"1.other",10,"10.Other","28727","2016-08-09 16:24:08",1,0.268,-0.016,0.828,"other","Other","water","surface","",2016-08-09 16:24:08
1,"1.other",10,"10.Other","28728","2016-08-09 16:24:08",1,0.388,0.024,0.844,"other","Other","water","surface","",2016-08-09 16:24:08
1,"1.other",10,"10.Other","28729","2016-08-09 16:24:08",1,0.48,0.084,0.816,"other","Other","water","surface","",2016-08-09 16:24:08
1,"1.other",10,"10.Other","28730","2016-08-09 16:24:08",1,0.528,0.124,0.812,"other","Other","water","surface","",2016-08-09 16:24:08
1,"1.other",10,"10.Other","28731","2016-08-09 16:24:08",0.96,0.556,0.18,0.776,"other","Other","water","surface","",2016-08-09 16:24:08
1,"1.other",10,"10.Other","28732","2016-08-09 16:24:08",0.96,0.552,0.212,0.748,"other","Other","water","surface","",2016-08-09 16:24:08
1,"1.other",10,"10.Other","28733","2016-08-09 16:24:08",0.93,0.592,0.204,0.736,"other","Other","water","surface","",2016-08-09 16:24:08
1,"1.other",10,"10.Other","28734","2016-08-09 16:24:08",0.93,0.608,0.16,0.728,"other","Other","water","surface","",2016-08-09 16:24:08
1,"1.other",10,"10.Other","28735","2016-08-09 16:24:08",0.93,0.608,0.116,0.72,"other","Other","water","surface","",2016-08-09 16:24:08
1,"1.other",10,"10.Other","28736","2016-08-09 16:24:08",0.9,0.616,0.1,0.668,"other","Other","water","surface","",2016-08-09 16:24:08
1,"1.other",10,"10.Other","28737","2016-08-09 16:24:08",0.87,0.64,0.108,0.628,"other","Other","water","surface","",2016-08-09 16:24:08
1,"1.other",10,"10.Other","28738","2016-08-09 16:24:08",0.9,0.692,0.1,0.572,"other","Other","water","surface","",2016-08-09 16:24:08
1,"1.other",10,"10.Other","28739","2016-08-09 16:24:08",0.87,0.716,0.1,0.528,"other","Other","water","surface","",2016-08-09 16:24:08
1,"1.other",10,"10.Other","28740","2016-08-09 16:24:08",0.87,0.728,0.1,0.512,"other","Other","water","surface","",2016-08-09 16:24:08
1,"1.other",10,"10.Other","28741","2016-08-09 16:24:08",0.87,0.768,0.12,0.5,"other","Other","water","surface","",2016-08-09 16:24:08
1,"1.other",10,"10.Other","28742","2016-08-09 16:24:08",0.87,0.82,0.124,0.472,"other","Other","water","surface","",2016-08-09 16:24:08
1,"1.other",10,"10.Other","28743","2016-08-09 16:24:08",0.87,0.84,0.136,0.428,"other","Other","water","surface","",2016-08-09 16:24:08
1,"1.other",10,"10.Other","28744","2016-08-09 16:24:08",0.87,0.868,0.136,0.392,"other","Other","water","surface","",2016-08-09 16:24:08
1,"1.other",10,"10.Other","28745","2016-08-09 16:24:08",0.87,0.888,0.116,0.372,"other","Other","water","surface","",2016-08-09 16:24:08
1,"1.other",10,"10.Other","28746","2016-08-09 16:24:08",0.84,0.916,0.116,0.348,"other","Other","water","surface","",2016-08-09 16:24:08
1,"1.other",10,"10.Other","28747","2016-08-09 16:24:09",0.84,0.916,0.112,0.3,"other","Other","water","surface","",2016-08-09 16:24:09
1,"1.other",10,"10.Other","28748","2016-08-09 16:24:09",0.84,0.892,0.096,0.272,"other","Other","water","surface","",2016-08-09 16:24:09
1,"1.other",10,"10.Other","28749","2016-08-09 16:24:09",0.84,0.876,0.08,0.244,"other","Other","water","surface","",2016-08-09 16:24:09
1,"1.other",10,"10.Other","28750","2016-08-09 16:24:09",0.84,0.884,0.06,0.24,"other","Other","water","surface","",2016-08-09 16:24:09
1,"1.other",10,"10.Other","28751","2016-08-09 16:24:09",0.87,0.888,0.044,0.224,"other","Other","water","surface","",2016-08-09 16:24:09
1,"1.other",10,"10.Other","28752","2016-08-09 16:24:09",0.84,0.92,0.024,0.22,"other","Other","water","surface","",2016-08-09 16:24:09
1,"1.other",10,"10.Other","28753","2016-08-09 16:24:09",0.87,0.932,0.008,0.224,"other","Other","water","surface","",2016-08-09 16:24:09
1,"1.other",10,"10.Other","28754","2016-08-09 16:24:09",0.87,0.944,-0.032,0.228,"other","Other","water","surface","",2016-08-09 16:24:09
1,"1.other",10,"10.Other","28755","2016-08-09 16:24:09",0.87,0.964,-0.072,0.212,"other","Other","water","surface","",2016-08-09 16:24:09
1,"1.other",10,"10.Other","28756","2016-08-09 16:24:09",0.87,0.976,-0.092,0.208,"other","Other","water","surface","",2016-08-09 16:24:09
1,"1.other",10,"10.Other","28757","2016-08-09 16:24:09",0.87,0.972,-0.096,0.224,"other","Other","water","surface","",2016-08-09 16:24:09
1,"1.other",10,"10.Other","28758","2016-08-09 16:24:09",0.87,0.976,-0.096,0.268,"other","Other","water","surface","",2016-08-09 16:24:09
1,"1.other",10,"10.Other","28759","2016-08-09 16:24:09",0.87,0.98,-0.08,0.252,"other","Other","water","surface","",2016-08-09 16:24:09
1,"1.other",10,"10.Other","28760","2016-08-09 16:24:09",0.87,0.976,-0.092,0.236,"other","Other","water","surface","",2016-08-09 16:24:09
1,"1.other",10,"10.Other","28761","2016-08-09 16:24:09",0.87,0.928,-0.088,0.228,"other","Other","water","surface","",2016-08-09 16:24:09
1,"1.other",10,"10.Other","28762","2016-08-09 16:24:09",0.9,0.904,-0.092,0.236,"other","Other","water","surface","",2016-08-09 16:24:09
1,"1.other",10,"10.Other","28763","2016-08-09 16:24:09",0.87,0.876,-0.136,0.244,"other","Other","water","surface","",2016-08-09 16:24:09
1,"1.other",10,"10.Other","28764","2016-08-09 16:24:09",0.9,0.864,-0.216,0.32,"other","Other","water","surface","",2016-08-09 16:24:09
1,"1.other",10,"10.Other","28765","2016-08-09 16:24:09",0.87,0.904,-0.28,0.32,"other","Other","water","surface","",2016-08-09 16:24:09
1,"1.other",10,"10.Other","28766","2016-08-09 16:24:09",0.9,0.952,-0.268,0.288,"other","Other","water","surface","",2016-08-09 16:24:09
1,"1.other",10,"10.Other","28767","2016-08-09 16:24:09",0.9,1.004,-0.28,0.28,"other","Other","water","surface","",2016-08-09 16:24:09
1,"1.other",10,"10.Other","28768","2016-08-09 16:24:09",0.9,0.972,-0.272,0.264,"other","Other","water","surface","",2016-08-09 16:24:09
1,"1.other",10,"10.Other","28769","2016-08-09 16:24:09",0.9,0.916,-0.236,0.288,"other","Other","water","surface","",2016-08-09 16:24:09
1,"1.other",10,"10.Other","28770","2016-08-09 16:24:10",0.9,0.912,-0.232,0.296,"other","Other","water","surface","",2016-08-09 16:24:10
1,"1.other",10,"10.Other","28771","2016-08-09 16:24:10",0.9,0.916,-0.204,0.288,"other","Other","water","surface","",2016-08-09 16:24:10
1,"1.other",10,"10.Other","28772","2016-08-09 16:24:10",0.93,0.924,-0.196,0.268,"other","Other","water","surface","",2016-08-09 16:24:10
1,"1.other",10,"10.Other","28773","2016-08-09 16:24:10",0.93,0.936,-0.176,0.244,"other","Other","water","surface","",2016-08-09 16:24:10
1,"1.other",10,"10.Other","28774","2016-08-09 16:24:10",0.93,0.968,-0.196,0.216,"other","Other","water","surface","",2016-08-09 16:24:10
1,"1.other",10,"10.Other","28775","2016-08-09 16:24:10",0.93,0.972,-0.208,0.208,"other","Other","water","surface","",2016-08-09 16:24:10
1,"1.other",10,"10.Other","28776","2016-08-09 16:24:10",0.93,0.988,-0.212,0.228,"other","Other","water","surface","",2016-08-09 16:24:10
1,"1.other",10,"10.Other","28777","2016-08-09 16:24:10",0.93,0.996,-0.196,0.22,"other","Other","water","surface","",2016-08-09 16:24:10
1,"1.other",10,"10.Other","28778","2016-08-09 16:24:10",0.93,0.996,-0.204,0.18,"other","Other","water","surface","",2016-08-09 16:24:10
1,"1.other",10,"10.Other","28779","2016-08-09 16:24:10",0.93,0.98,-0.208,0.152,"other","Other","water","surface","",2016-08-09 16:24:10
1,"1.other",10,"10.Other","28780","2016-08-09 16:24:10",0.93,0.98,-0.216,0.12,"other","Other","water","surface","",2016-08-09 16:24:10
1,"1.other",10,"10.Other","28781","2016-08-09 16:24:10",0.96,0.976,-0.22,0.12,"other","Other","water","surface","",2016-08-09 16:24:10
1,"1.other",10,"10.Other","28782","2016-08-09 16:24:10",0.93,0.972,-0.236,0.112,"other","Other","water","surface","",2016-08-09 16:24:10
1,"1.other",10,"10.Other","28783","2016-08-09 16:24:10",0.96,0.964,-0.248,0.104,"other","Other","water","surface","",2016-08-09 16:24:10
1,"1.other",10,"10.Other","28784","2016-08-09 16:24:10",0.93,0.956,-0.256,0.112,"other","Other","water","surface","",2016-08-09 16:24:10
1,"1.other",10,"10.Other","28785","2016-08-09 16:24:10",0.96,0.952,-0.264,0.108,"other","Other","water","surface","",2016-08-09 16:24:10
1,"1.other",10,"10.Other","28786","2016-08-09 16:24:10",0.96,0.928,-0.284,0.072,"other","Other","water","surface","",2016-08-09 16:24:10
1,"1.other",10,"10.Other","28787","2016-08-09 16:24:10",0.96,0.92,-0.308,0.052,"other","Other","water","surface","",2016-08-09 16:24:10
1,"1.other",10,"10.Other","28788","2016-08-09 16:24:10",0.96,0.924,-0.332,0.06,"other","Other","water","surface","",2016-08-09 16:24:10
1,"1.other",10,"10.Other","28789","2016-08-09 16:24:10",0.96,0.94,-0.344,0.048,"other","Other","water","surface","",2016-08-09 16:24:10
1,"1.other",10,"10.Other","28790","2016-08-09 16:24:10",0.96,0.948,-0.372,0.052,"other","Other","water","surface","",2016-08-09 16:24:10
1,"1.other",10,"10.Other","28791","2016-08-09 16:24:10",0.96,0.932,-0.388,0.052,"other","Other","water","surface","",2016-08-09 16:24:10
1,"1.other",10,"10.Other","28792","2016-08-09 16:24:10",1,0.9,-0.388,0.064,"other","Other","water","surface","",2016-08-09 16:24:10
1,"1.other",10,"10.Other","28793","2016-08-09 16:24:10",1,0.836,-0.38,0.048,"other","Other","water","surface","",2016-08-09 16:24:10
1,"1.other",10,"10.Other","28794","2016-08-09 16:24:11",1,0.816,-0.384,0.04,"other","Other","water","surface","",2016-08-09 16:24:11
1,"1.other",10,"10.Other","28795","2016-08-09 16:24:11",1,0.832,-0.384,0.024,"other","Other","water","surface","",2016-08-09 16:24:11
1,"1.other",10,"10.Other","28796","2016-08-09 16:24:11",1,0.888,-0.38,0.012,"other","Other","water","surface","",2016-08-09 16:24:11
1,"1.other",10,"10.Other","28797","2016-08-09 16:24:11",1,0.932,-0.392,-0.012,"other","Other","water","surface","",2016-08-09 16:24:11
1,"1.other",10,"10.Other","28798","2016-08-09 16:24:11",1.03,0.932,-0.444,-0.04,"other","Other","water","surface","",2016-08-09 16:24:11
1,"1.other",10,"10.Other","28799","2016-08-09 16:24:11",1.03,0.92,-0.528,-0.044,"other","Other","water","surface","",2016-08-09 16:24:11
1,"1.other",10,"10.Other","28800","2016-08-09 16:24:11",1.03,0.916,-0.584,-0.048,"other","Other","water","surface","",2016-08-09 16:24:11
1,"1.other",10,"10.Other","28801","2016-08-09 16:24:11",1.03,0.916,-0.596,-0.096,"other","Other","water","surface","",2016-08-09 16:24:11
1,"1.other",10,"10.Other","28802","2016-08-09 16:24:11",1.03,0.872,-0.648,-0.116,"other","Other","water","surface","",2016-08-09 16:24:11
1,"1.other",10,"10.Other","28803","2016-08-09 16:24:11",1.03,0.832,-0.72,-0.204,"other","Other","water","surface","",2016-08-09 16:24:11
1,"1.other",10,"10.Other","28804","2016-08-09 16:24:11",1.03,0.812,-0.764,-0.288,"other","Other","water","surface","",2016-08-09 16:24:11
1,"1.other",10,"10.Other","28805","2016-08-09 16:24:11",1.03,0.812,-0.772,-0.332,"other","Other","water","surface","",2016-08-09 16:24:11
1,"1.other",10,"10.Other","28806","2016-08-09 16:24:11",1,0.828,-0.724,-0.36,"other","Other","water","surface","",2016-08-09 16:24:11
1,"1.other",10,"10.Other","28807","2016-08-09 16:24:11",1.03,0.812,-0.716,-0.404,"other","Other","water","surface","",2016-08-09 16:24:11
1,"1.other",10,"10.Other","28808","2016-08-09 16:24:11",1,0.772,-0.724,-0.408,"other","Other","water","surface","",2016-08-09 16:24:11
1,"1.other",10,"10.Other","28809","2016-08-09 16:24:11",1,0.716,-0.704,-0.408,"other","Other","water","surface","",2016-08-09 16:24:11
1,"1.other",10,"10.Other","28810","2016-08-09 16:24:11",0.96,0.68,-0.696,-0.424,"other","Other","water","surface","",2016-08-09 16:24:11
1,"1.other",10,"10.Other","28811","2016-08-09 16:24:11",0.96,0.632,-0.708,-0.44,"other","Other","water","surface","",2016-08-09 16:24:11
1,"1.other",10,"10.Other","28812","2016-08-09 16:24:11",0.96,0.568,-0.732,-0.436,"other","Other","water","surface","",2016-08-09 16:24:11
1,"1.other",10,"10.Other","28813","2016-08-09 16:24:11",0.93,0.48,-0.756,-0.424,"other","Other","water","surface","",2016-08-09 16:24:11
1,"1.other",10,"10.Other","28814","2016-08-09 16:24:11",0.93,0.364,-0.8,-0.388,"other","Other","water","surface","",2016-08-09 16:24:11
1,"1.other",10,"10.Other","28815","2016-08-09 16:24:11",0.93,0.252,-0.844,-0.332,"other","Other","water","surface","",2016-08-09 16:24:11
1,"1.other",10,"10.Other","28816","2016-08-09 16:24:11",0.93,0.176,-0.888,-0.272,"other","Other","water","surface","",2016-08-09 16:24:11
1,"1.other",10,"10.Other","28817","2016-08-09 16:24:11",0.9,0.112,-0.916,-0.212,"other","Other","water","surface","",2016-08-09 16:24:11
1,"1.other",10,"10.Other","28818","2016-08-09 16:24:12",0.9,0.06,-0.936,-0.132,"other","Other","water","surface","",2016-08-09 16:24:12
1,"1.other",10,"10.Other","28819","2016-08-09 16:24:12",0.9,0.028,-0.972,-0.072,"other","Other","water","surface","",2016-08-09 16:24:12
1,"1.other",10,"10.Other","28820","2016-08-09 16:24:12",0.9,-0.028,-0.992,-0.008,"other","Other","water","surface","",2016-08-09 16:24:12
1,"1.other",10,"10.Other","28821","2016-08-09 16:24:12",0.87,-0.084,-0.992,0.028,"other","Other","water","surface","",2016-08-09 16:24:12
1,"1.other",10,"10.Other","28822","2016-08-09 16:24:12",0.87,-0.144,-0.992,0.056,"other","Other","water","surface","",2016-08-09 16:24:12
1,"1.other",10,"10.Other","28823","2016-08-09 16:24:12",0.87,-0.232,-0.992,0.06,"other","Other","water","surface","",2016-08-09 16:24:12
1,"1.other",10,"10.Other","28824","2016-08-09 16:24:12",0.87,-0.288,-0.932,0.064,"other","Other","water","surface","",2016-08-09 16:24:12
1,"1.other",10,"10.Other","28825","2016-08-09 16:24:12",0.87,-0.36,-0.904,0.1,"other","Other","water","surface","",2016-08-09 16:24:12
1,"1.other",10,"10.Other","28826","2016-08-09 16:24:12",0.87,-0.42,-0.844,0.156,"other","Other","water","surface","",2016-08-09 16:24:12
1,"1.other",10,"10.Other","28827","2016-08-09 16:24:12",0.87,-0.464,-0.784,0.236,"other","Other","water","surface","",2016-08-09 16:24:12
1,"1.other",10,"10.Other","28828","2016-08-09 16:24:12",0.87,-0.48,-0.728,0.3,"other","Other","water","surface","",2016-08-09 16:24:12
1,"1.other",10,"10.Other","28829","2016-08-09 16:24:12",0.9,-0.512,-0.688,0.324,"other","Other","water","surface","",2016-08-09 16:24:12
1,"1.other",10,"10.Other","28830","2016-08-09 16:24:12",0.9,-0.54,-0.636,0.34,"other","Other","water","surface","",2016-08-09 16:24:12
1,"1.other",10,"10.Other","28831","2016-08-09 16:24:12",0.9,-0.556,-0.608,0.336,"other","Other","water","surface","",2016-08-09 16:24:12
1,"1.other",10,"10.Other","28832","2016-08-09 16:24:12",0.9,-0.6,-0.556,0.328,"other","Other","water","surface","",2016-08-09 16:24:12
1,"1.other",10,"10.Other","28833","2016-08-09 16:24:12",0.9,-0.652,-0.512,0.324,"other","Other","water","surface","",2016-08-09 16:24:12
1,"1.other",10,"10.Other","28834","2016-08-09 16:24:12",0.9,-0.66,-0.464,0.308,"other","Other","water","surface","",2016-08-09 16:24:12
1,"1.other",10,"10.Other","28835","2016-08-09 16:24:12",0.93,-0.692,-0.412,0.312,"other","Other","water","surface","",2016-08-09 16:24:12
1,"1.other",10,"10.Other","28836","2016-08-09 16:24:12",0.93,-0.74,-0.348,0.324,"other","Other","water","surface","",2016-08-09 16:24:12
1,"1.other",10,"10.Other","28837","2016-08-09 16:24:12",0.93,-0.76,-0.3,0.32,"other","Other","water","surface","",2016-08-09 16:24:12
1,"1.other",10,"10.Other","28838","2016-08-09 16:24:12",0.96,-0.7,-0.38,0.012,"other","Other","water","surface","",2016-08-09 16:24:12
1,"1.other",10,"10.Other","28839","2016-08-09 16:24:12",1,-0.524,-0.644,0.704,"other","Other","water","surface","",2016-08-09 16:24:12
1,"1.other",10,"10.Other","28840","2016-08-09 16:24:12",0.96,-0.72,-0.296,0.604,"other","Other","water","surface","",2016-08-09 16:24:12
1,"1.other",10,"10.Other","28841","2016-08-09 16:24:12",0.96,-0.824,-0.192,0.464,"other","Other","water","surface","",2016-08-09 16:24:12
1,"1.other",10,"10.Other","28842","2016-08-09 16:24:13",1,-0.828,-0.1,0.472,"other","Other","water","surface","",2016-08-09 16:24:13
1,"1.other",10,"10.Other","28843","2016-08-09 16:24:13",1,-0.804,-0.036,0.52,"other","Other","water","surface","",2016-08-09 16:24:13
1,"1.other",10,"10.Other","28844","2016-08-09 16:24:13",1.03,-0.78,-0.004,0.576,"other","Other","water","surface","",2016-08-09 16:24:13
1,"1.other",10,"10.Other","28845","2016-08-09 16:24:13",1.03,-0.756,0.02,0.612,"other","Other","water","surface","",2016-08-09 16:24:13
1,"1.other",10,"10.Other","28846","2016-08-09 16:24:13",1.06,-0.724,0.06,0.652,"other","Other","water","underwater","",2016-08-09 16:24:13
1,"1.other",10,"10.Other","28847","2016-08-09 16:24:13",1.06,-0.696,0.108,0.664,"other","Other","water","underwater","",2016-08-09 16:24:13
1,"1.other",10,"10.Other","28848","2016-08-09 16:24:13",1.09,-0.692,0.164,0.68,"other","Other","water","underwater","",2016-08-09 16:24:13
1,"1.other",10,"10.Other","28849","2016-08-09 16:24:13",1.09,-0.708,0.196,0.68,"other","Other","water","underwater","",2016-08-09 16:24:13
1,"1.other",10,"10.Other","28850","2016-08-09 16:24:13",1.09,-0.688,0.196,0.68,"other","Other","water","underwater","",2016-08-09 16:24:13
1,"1.other",10,"10.Other","28851","2016-08-09 16:24:13",1.12,-0.648,0.272,0.628,"other","Other","water","underwater","",2016-08-09 16:24:13
1,"1.other",10,"10.Other","28852","2016-08-09 16:24:13",1.12,-0.62,0.32,0.648,"other","Other","water","underwater","",2016-08-09 16:24:13
1,"1.other",10,"10.Other","28853","2016-08-09 16:24:13",1.12,-0.592,0.292,0.648,"other","Other","water","underwater","",2016-08-09 16:24:13
1,"1.other",10,"10.Other","28854","2016-08-09 16:24:13",1.15,-0.612,0.256,0.66,"other","Other","water","underwater","",2016-08-09 16:24:13
1,"1.other",10,"10.Other","28855","2016-08-09 16:24:13",1.15,-0.608,0.268,0.72,"other","Other","water","underwater","",2016-08-09 16:24:13
1,"1.other",10,"10.Other","28856","2016-08-09 16:24:13",1.15,-0.584,0.276,0.764,"other","Other","water","underwater","",2016-08-09 16:24:13
1,"1.other",10,"10.Other","28857","2016-08-09 16:24:13",1.15,-0.596,0.288,0.792,"other","Other","water","underwater","",2016-08-09 16:24:13
1,"1.other",10,"10.Other","28858","2016-08-09 16:24:13",1.18,-0.592,0.292,0.792,"other","Other","water","underwater","",2016-08-09 16:24:13
1,"1.other",10,"10.Other","28859","2016-08-09 16:24:13",1.18,-0.564,0.34,0.808,"other","Other","water","underwater","",2016-08-09 16:24:13
1,"1.other",10,"10.Other","28860","2016-08-09 16:24:13",1.18,-0.524,0.372,0.792,"other","Other","water","underwater","",2016-08-09 16:24:13
1,"1.other",10,"10.Other","28861","2016-08-09 16:24:13",1.18,-0.488,0.32,0.804,"other","Other","water","underwater","",2016-08-09 16:24:13
1,"1.other",10,"10.Other","28862","2016-08-09 16:24:13",1.21,-0.448,0.26,0.852,"other","Other","water","underwater","",2016-08-09 16:24:13
1,"1.other",10,"10.Other","28863","2016-08-09 16:24:13",1.21,-0.356,0.204,0.892,"other","Other","water","underwater","",2016-08-09 16:24:13
1,"1.other",10,"10.Other","28864","2016-08-09 16:24:13",1.21,-0.312,0.112,0.896,"other","Other","water","underwater","",2016-08-09 16:24:13
1,"1.other",10,"10.Other","28865","2016-08-09 16:24:13",1.21,-0.28,0.06,0.868,"other","Other","water","underwater","",2016-08-09 16:24:13
1,"1.other",10,"10.Other","28866","2016-08-09 16:24:14",1.21,-0.252,0.028,0.852,"other","Other","water","underwater","",2016-08-09 16:24:14
1,"1.other",10,"10.Other","28867","2016-08-09 16:24:14",1.21,-0.216,0.008,0.868,"other","Other","water","underwater","",2016-08-09 16:24:14
1,"1.other",10,"10.Other","28868","2016-08-09 16:24:14",1.21,-0.18,-0.016,0.896,"other","Other","water","underwater","",2016-08-09 16:24:14
1,"1.other",10,"10.Other","28869","2016-08-09 16:24:14",1.25,-0.084,-0.072,0.96,"other","Other","water","underwater","",2016-08-09 16:24:14
1,"1.other",10,"10.Other","28870","2016-08-09 16:24:14",1.25,0.028,-0.04,1.024,"other","Other","water","underwater","",2016-08-09 16:24:14
1,"1.other",10,"10.Other","28871","2016-08-09 16:24:14",1.21,0.052,-0.076,0.964,"other","Other","water","underwater","",2016-08-09 16:24:14
1,"1.other",10,"10.Other","28872","2016-08-09 16:24:14",1.21,0.072,-0.156,0.908,"other","Other","water","underwater","",2016-08-09 16:24:14
1,"1.other",10,"10.Other","28873","2016-08-09 16:24:14",1.25,0.084,-0.212,0.88,"other","Other","water","underwater","",2016-08-09 16:24:14
1,"1.other",10,"10.Other","28874","2016-08-09 16:24:14",1.25,0.164,-0.236,0.9,"other","Other","water","underwater","",2016-08-09 16:24:14
1,"1.other",10,"10.Other","28875","2016-08-09 16:24:14",1.25,0.232,-0.236,0.924,"other","Other","water","underwater","",2016-08-09 16:24:14
1,"1.other",10,"10.Other","28876","2016-08-09 16:24:14",1.25,0.276,-0.228,0.9,"other","Other","water","underwater","",2016-08-09 16:24:14
1,"1.other",10,"10.Other","28877","2016-08-09 16:24:14",1.28,0.276,-0.256,0.832,"other","Other","water","underwater","",2016-08-09 16:24:14
1,"1.other",10,"10.Other","28878","2016-08-09 16:24:14",1.25,0.304,-0.312,0.776,"other","Other","water","underwater","",2016-08-09 16:24:14
1,"1.other",10,"10.Other","28879","2016-08-09 16:24:14",1.25,0.336,-0.368,0.752,"other","Other","water","underwater","",2016-08-09 16:24:14
1,"1.other",10,"10.Other","28880","2016-08-09 16:24:14",1.28,0.376,-0.412,0.74,"other","Other","water","underwater","",2016-08-09 16:24:14
1,"1.other",10,"10.Other","28881","2016-08-09 16:24:14",1.28,0.428,-0.42,0.752,"other","Other","water","underwater","",2016-08-09 16:24:14
1,"1.other",10,"10.Other","28882","2016-08-09 16:24:14",1.28,0.464,-0.42,0.736,"other","Other","water","underwater","",2016-08-09 16:24:14
1,"1.other",10,"10.Other","28883","2016-08-09 16:24:14",1.28,0.48,-0.444,0.716,"other","Other","water","underwater","",2016-08-09 16:24:14
1,"1.other",10,"10.Other","28884","2016-08-09 16:24:14",1.28,0.456,-0.44,0.704,"other","Other","water","underwater","",2016-08-09 16:24:14
1,"1.other",10,"10.Other","28885","2016-08-09 16:24:14",1.28,0.44,-0.48,0.676,"other","Other","water","underwater","",2016-08-09 16:24:14
1,"1.other",10,"10.Other","28886","2016-08-09 16:24:14",1.31,0.46,-0.528,0.644,"other","Other","water","underwater","",2016-08-09 16:24:14
1,"1.other",10,"10.Other","28887","2016-08-09 16:24:14",1.28,0.5,-0.564,0.624,"other","Other","water","underwater","",2016-08-09 16:24:14
1,"1.other",10,"10.Other","28888","2016-08-09 16:24:14",1.28,0.524,-0.596,0.616,"other","Other","water","underwater","",2016-08-09 16:24:14
1,"1.other",10,"10.Other","28889","2016-08-09 16:24:15",1.28,0.524,-0.596,0.632,"other","Other","water","underwater","",2016-08-09 16:24:15
1,"1.other",10,"10.Other","28890","2016-08-09 16:24:15",1.31,0.492,-0.596,0.652,"other","Other","water","underwater","",2016-08-09 16:24:15
1,"1.other",10,"10.Other","28891","2016-08-09 16:24:15",1.28,0.476,-0.588,0.664,"other","Other","water","underwater","",2016-08-09 16:24:15
1,"1.other",10,"10.Other","28892","2016-08-09 16:24:15",1.28,0.464,-0.608,0.64,"other","Other","water","underwater","",2016-08-09 16:24:15
1,"1.other",10,"10.Other","28893","2016-08-09 16:24:15",1.28,0.46,-0.636,0.584,"other","Other","water","underwater","",2016-08-09 16:24:15
1,"1.other",10,"10.Other","28894","2016-08-09 16:24:15",1.28,0.468,-0.652,0.552,"other","Other","water","underwater","",2016-08-09 16:24:15
1,"1.other",10,"10.Other","28895","2016-08-09 16:24:15",1.28,0.46,-0.676,0.516,"other","Other","water","underwater","",2016-08-09 16:24:15
1,"1.other",10,"10.Other","28896","2016-08-09 16:24:15",1.28,0.444,-0.696,0.5,"other","Other","water","underwater","",2016-08-09 16:24:15
1,"1.other",10,"10.Other","28897","2016-08-09 16:24:15",1.28,0.408,-0.708,0.5,"other","Other","water","underwater","",2016-08-09 16:24:15
1,"1.other",10,"10.Other","28898","2016-08-09 16:24:15",1.28,0.388,-0.72,0.504,"other","Other","water","underwater","",2016-08-09 16:24:15
1,"1.other",10,"10.Other","28899","2016-08-09 16:24:15",1.28,0.356,-0.728,0.504,"other","Other","water","underwater","",2016-08-09 16:24:15
1,"1.other",10,"10.Other","28900","2016-08-09 16:24:15",1.28,0.288,-0.736,0.504,"other","Other","water","underwater","",2016-08-09 16:24:15
1,"1.other",10,"10.Other","28901","2016-08-09 16:24:15",1.28,0.232,-0.748,0.512,"other","Other","water","underwater","",2016-08-09 16:24:15
1,"1.other",10,"10.Other","28902","2016-08-09 16:24:15",1.28,0.176,-0.752,0.54,"other","Other","water","underwater","",2016-08-09 16:24:15
1,"1.other",10,"10.Other","28903","2016-08-09 16:24:15",1.28,0.1,-0.772,0.54,"other","Other","water","underwater","",2016-08-09 16:24:15
1,"1.other",10,"10.Other","28904","2016-08-09 16:24:15",1.28,0.064,-0.772,0.524,"other","Other","water","underwater","",2016-08-09 16:24:15
1,"1.other",10,"10.Other","28905","2016-08-09 16:24:15",1.28,0.032,-0.788,0.512,"other","Other","water","underwater","",2016-08-09 16:24:15
1,"1.other",10,"10.Other","28906","2016-08-09 16:24:15",1.28,-0.004,-0.816,0.496,"other","Other","water","underwater","",2016-08-09 16:24:15
1,"1.other",10,"10.Other","28907","2016-08-09 16:24:15",1.28,-0.004,-0.812,0.508,"other","Other","water","underwater","",2016-08-09 16:24:15
1,"1.other",10,"10.Other","28908","2016-08-09 16:24:15",1.28,-0.008,-0.836,0.528,"other","Other","water","underwater","",2016-08-09 16:24:15
1,"1.other",10,"10.Other","28909","2016-08-09 16:24:15",1.28,-0.016,-0.836,0.556,"other","Other","water","underwater","",2016-08-09 16:24:15
1,"1.other",10,"10.Other","28910","2016-08-09 16:24:15",1.28,-0.048,-0.844,0.564,"other","Other","water","underwater","",2016-08-09 16:24:15
1,"1.other",10,"10.Other","28911","2016-08-09 16:24:15",1.28,-0.048,-0.864,0.564,"other","Other","water","underwater","",2016-08-09 16:24:15
1,"1.other",10,"10.Other","28912","2016-08-09 16:24:15",1.28,-0.032,-0.86,0.552,"other","Other","water","underwater","",2016-08-09 16:24:15
1,"1.other",10,"10.Other","28913","2016-08-09 16:24:16",1.28,-0.036,-0.812,0.556,"other","Other","water","underwater","",2016-08-09 16:24:16
1,"1.other",10,"10.Other","28914","2016-08-09 16:24:16",1.28,-0.056,-0.78,0.616,"other","Other","water","underwater","",2016-08-09 16:24:16
1,"1.other",10,"10.Other","28915","2016-08-09 16:24:16",1.28,-0.1,-0.736,0.656,"other","Other","water","underwater","",2016-08-09 16:24:16
1,"1.other",10,"10.Other","28916","2016-08-09 16:24:16",1.28,-0.16,-0.688,0.672,"other","Other","water","underwater","",2016-08-09 16:24:16
1,"1.other",10,"10.Other","28917","2016-08-09 16:24:16",1.25,-0.228,-0.636,0.676,"other","Other","water","underwater","",2016-08-09 16:24:16
1,"1.other",10,"10.Other","28918","2016-08-09 16:24:16",1.25,-0.292,-0.572,0.684,"other","Other","water","underwater","",2016-08-09 16:24:16
1,"1.other",10,"10.Other","28919","2016-08-09 16:24:16",1.25,-0.328,-0.488,0.688,"other","Other","water","underwater","",2016-08-09 16:24:16
1,"1.other",10,"10.Other","28920","2016-08-09 16:24:16",1.25,-0.34,-0.448,0.712,"other","Other","water","underwater","",2016-08-09 16:24:16
1,"1.other",10,"10.Other","28921","2016-08-09 16:24:16",1.25,-0.324,-0.408,0.732,"other","Other","water","underwater","",2016-08-09 16:24:16
1,"1.other",10,"10.Other","28922","2016-08-09 16:24:16",1.25,-0.32,-0.344,0.772,"other","Other","water","underwater","",2016-08-09 16:24:16
1,"1.other",10,"10.Other","28923","2016-08-09 16:24:16",1.25,-0.332,-0.276,0.788,"other","Other","water","underwater","",2016-08-09 16:24:16
1,"1.other",10,"10.Other","28924","2016-08-09 16:24:16",1.25,-0.356,-0.18,0.812,"other","Other","water","underwater","",2016-08-09 16:24:16
1,"1.other",10,"10.Other","28925","2016-08-09 16:24:16",1.25,-0.384,-0.16,0.82,"other","Other","water","underwater","",2016-08-09 16:24:16
1,"1.other",10,"10.Other","28926","2016-08-09 16:24:16",1.25,-0.4,-0.132,0.812,"other","Other","water","underwater","",2016-08-09 16:24:16
1,"1.other",10,"10.Other","28927","2016-08-09 16:24:16",1.25,-0.408,-0.064,0.812,"other","Other","water","underwater","",2016-08-09 16:24:16
1,"1.other",10,"10.Other","28928","2016-08-09 16:24:16",1.21,-0.404,-0.032,0.816,"other","Other","water","underwater","",2016-08-09 16:24:16
1,"1.other",10,"10.Other","28929","2016-08-09 16:24:16",1.21,-0.404,-0.004,0.808,"other","Other","water","underwater","",2016-08-09 16:24:16
1,"1.other",10,"10.Other","28930","2016-08-09 16:24:16",1.21,-0.412,0.064,0.76,"other","Other","water","underwater","",2016-08-09 16:24:16
1,"1.other",10,"10.Other","28931","2016-08-09 16:24:16",1.21,-0.428,0.148,0.736,"other","Other","water","underwater","",2016-08-09 16:24:16
1,"1.other",10,"10.Other","28932","2016-08-09 16:24:16",1.21,-0.448,0.208,0.72,"other","Other","water","underwater","",2016-08-09 16:24:16
1,"1.other",10,"10.Other","28933","2016-08-09 16:24:16",1.25,-0.472,0.26,0.684,"other","Other","water","underwater","",2016-08-09 16:24:16
1,"1.other",10,"10.Other","28934","2016-08-09 16:24:16",1.25,-0.496,0.292,0.656,"other","Other","water","underwater","",2016-08-09 16:24:16
1,"1.other",10,"10.Other","28935","2016-08-09 16:24:16",1.25,-0.52,0.336,0.6,"other","Other","water","underwater","",2016-08-09 16:24:16
1,"1.other",10,"10.Other","28936","2016-08-09 16:24:16",1.25,-0.536,0.4,0.556,"other","Other","water","underwater","",2016-08-09 16:24:16
1,"1.other",10,"10.Other","28937","2016-08-09 16:24:17",1.25,-0.572,0.484,0.48,"other","Other","water","underwater","",2016-08-09 16:24:17
1,"1.other",10,"10.Other","28938","2016-08-09 16:24:17",1.28,-0.588,0.544,0.412,"other","Other","water","underwater","",2016-08-09 16:24:17
1,"1.other",10,"10.Other","28939","2016-08-09 16:24:17",1.28,-0.596,0.616,0.316,"other","Other","water","underwater","",2016-08-09 16:24:17
1,"1.other",10,"10.Other","28940","2016-08-09 16:24:17",1.31,-0.616,0.696,0.22,"other","Other","water","underwater","",2016-08-09 16:24:17
1,"1.other",10,"10.Other","28941","2016-08-09 16:24:17",1.31,-0.624,0.772,0.172,"other","Other","water","underwater","",2016-08-09 16:24:17
1,"1.other",10,"10.Other","28942","2016-08-09 16:24:17",1.31,-0.624,0.824,0.128,"other","Other","water","underwater","",2016-08-09 16:24:17
1,"1.other",10,"10.Other","28943","2016-08-09 16:24:17",1.34,-0.636,0.86,0.076,"other","Other","water","underwater","",2016-08-09 16:24:17
1,"1.other",10,"10.Other","28944","2016-08-09 16:24:17",1.37,-0.62,0.884,0.024,"other","Other","water","underwater","",2016-08-09 16:24:17
1,"1.other",10,"10.Other","28945","2016-08-09 16:24:17",1.37,-0.608,0.908,-0.02,"other","Other","water","underwater","",2016-08-09 16:24:17
1,"1.other",10,"10.Other","28946","2016-08-09 16:24:17",1.37,-0.604,0.928,-0.048,"other","Other","water","underwater","",2016-08-09 16:24:17
1,"1.other",10,"10.Other","28947","2016-08-09 16:24:17",1.37,-0.6,0.968,-0.092,"other","Other","water","underwater","",2016-08-09 16:24:17
1,"1.other",10,"10.Other","28948","2016-08-09 16:24:17",1.37,-0.572,1.008,-0.116,"other","Other","water","underwater","",2016-08-09 16:24:17
1,"1.other",10,"10.Other","28949","2016-08-09 16:24:17",1.4,-0.54,1.028,-0.1,"other","Other","water","underwater","",2016-08-09 16:24:17
1,"1.other",10,"10.Other","28950","2016-08-09 16:24:17",1.4,-0.516,1.04,-0.104,"other","Other","water","underwater","",2016-08-09 16:24:17
1,"1.other",10,"10.Other","28951","2016-08-09 16:24:17",1.4,-0.516,1.036,-0.092,"other","Other","water","underwater","",2016-08-09 16:24:17
1,"1.other",10,"10.Other","28952","2016-08-09 16:24:17",1.4,-0.512,1.024,-0.084,"other","Other","water","underwater","",2016-08-09 16:24:17
1,"1.other",10,"10.Other","28953","2016-08-09 16:24:17",1.4,-0.524,1.012,-0.068,"other","Other","water","underwater","",2016-08-09 16:24:17
1,"1.other",10,"10.Other","28954","2016-08-09 16:24:17",1.4,-0.536,1.008,-0.048,"other","Other","water","underwater","",2016-08-09 16:24:17
1,"1.other",10,"10.Other","28955","2016-08-09 16:24:17",1.4,-0.516,1.004,-0.016,"other","Other","water","underwater","",2016-08-09 16:24:17
1,"1.other",10,"10.Other","28956","2016-08-09 16:24:17",1.37,-0.5,1.012,0.012,"other","Other","water","underwater","",2016-08-09 16:24:17
1,"1.other",10,"10.Other","28957","2016-08-09 16:24:17",1.37,-0.476,1.032,0.072,"other","Other","water","underwater","",2016-08-09 16:24:17
1,"1.other",10,"10.Other","28958","2016-08-09 16:24:17",1.37,-0.456,1.016,0.108,"other","Other","water","underwater","",2016-08-09 16:24:17
1,"1.other",10,"10.Other","28959","2016-08-09 16:24:17",1.34,-0.436,1.016,0.136,"other","Other","water","underwater","",2016-08-09 16:24:17
1,"1.other",10,"10.Other","28960","2016-08-09 16:24:17",1.34,-0.4,1.016,0.188,"other","Other","water","underwater","",2016-08-09 16:24:17
1,"1.other",10,"10.Other","28961","2016-08-09 16:24:18",1.31,-0.372,0.98,0.244,"other","Other","water","underwater","",2016-08-09 16:24:18
1,"1.other",10,"10.Other","28962","2016-08-09 16:24:18",1.31,-0.324,0.94,0.296,"other","Other","water","underwater","",2016-08-09 16:24:18
1,"1.other",10,"10.Other","28963","2016-08-09 16:24:18",1.31,-0.26,0.872,0.348,"other","Other","water","underwater","",2016-08-09 16:24:18
1,"1.other",10,"10.Other","28964","2016-08-09 16:24:18",1.28,-0.208,0.864,0.408,"other","Other","water","underwater","",2016-08-09 16:24:18
1,"1.other",10,"10.Other","28965","2016-08-09 16:24:18",1.28,-0.172,0.86,0.44,"other","Other","water","underwater","",2016-08-09 16:24:18
1,"1.other",10,"10.Other","28966","2016-08-09 16:24:18",1.28,-0.132,0.836,0.488,"other","Other","water","underwater","",2016-08-09 16:24:18
1,"1.other",10,"10.Other","28967","2016-08-09 16:24:18",1.25,-0.108,0.844,0.524,"other","Other","water","underwater","",2016-08-09 16:24:18
1,"1.other",10,"10.Other","28968","2016-08-09 16:24:18",1.25,-0.084,0.84,0.568,"other","Other","water","underwater","",2016-08-09 16:24:18
1,"1.other",10,"10.Other","28969","2016-08-09 16:24:18",1.21,-0.056,0.832,0.6,"other","Other","water","underwater","",2016-08-09 16:24:18
1,"1.other",10,"10.Other","28970","2016-08-09 16:24:18",1.21,-0.028,0.82,0.604,"other","Other","water","underwater","",2016-08-09 16:24:18
1,"1.other",10,"10.Other","28971","2016-08-09 16:24:18",1.18,0,0.788,0.644,"other","Other","water","underwater","",2016-08-09 16:24:18
1,"1.other",10,"10.Other","28972","2016-08-09 16:24:18",1.18,0.04,0.732,0.696,"other","Other","water","underwater","",2016-08-09 16:24:18
1,"1.other",10,"10.Other","28973","2016-08-09 16:24:18",1.15,0.06,0.648,0.716,"other","Other","water","underwater","",2016-08-09 16:24:18
1,"1.other",10,"10.Other","28974","2016-08-09 16:24:18",1.15,0.064,0.592,0.752,"other","Other","water","underwater","",2016-08-09 16:24:18
1,"1.other",10,"10.Other","28975","2016-08-09 16:24:18",1.15,0.088,0.544,0.792,"other","Other","water","underwater","",2016-08-09 16:24:18
1,"1.other",10,"10.Other","28976","2016-08-09 16:24:18",1.12,0.128,0.5,0.82,"other","Other","water","underwater","",2016-08-09 16:24:18
1,"1.other",10,"10.Other","28977","2016-08-09 16:24:18",1.12,0.164,0.472,0.82,"other","Other","water","underwater","",2016-08-09 16:24:18
1,"1.other",10,"10.Other","28978","2016-08-09 16:24:18",1.12,0.18,0.44,0.828,"other","Other","water","underwater","",2016-08-09 16:24:18
1,"1.other",10,"10.Other","28979","2016-08-09 16:24:18",1.09,0.224,0.412,0.832,"other","Other","water","underwater","",2016-08-09 16:24:18
1,"1.other",10,"10.Other","28980","2016-08-09 16:24:18",1.09,0.256,0.372,0.828,"other","Other","water","underwater","",2016-08-09 16:24:18
1,"1.other",10,"10.Other","28981","2016-08-09 16:24:18",1.09,0.268,0.336,0.84,"other","Other","water","underwater","",2016-08-09 16:24:18
1,"1.other",10,"10.Other","28982","2016-08-09 16:24:18",1.06,0.284,0.3,0.848,"other","Other","water","underwater","",2016-08-09 16:24:18
1,"1.other",10,"10.Other","28983","2016-08-09 16:24:18",1.06,0.272,0.256,0.84,"other","Other","water","underwater","",2016-08-09 16:24:18
1,"1.other",10,"10.Other","28984","2016-08-09 16:24:18",1.06,0.28,0.212,0.852,"other","Other","water","underwater","",2016-08-09 16:24:18
1,"1.other",10,"10.Other","28985","2016-08-09 16:24:19",1.03,0.268,0.192,0.848,"other","Other","water","surface","",2016-08-09 16:24:19
1,"1.other",10,"10.Other","28986","2016-08-09 16:24:19",1.03,0.272,0.16,0.856,"other","Other","water","surface","",2016-08-09 16:24:19
1,"1.other",10,"10.Other","28987","2016-08-09 16:24:19",1.03,0.26,0.112,0.852,"other","Other","water","surface","",2016-08-09 16:24:19
1,"1.other",10,"10.Other","28988","2016-08-09 16:24:19",1.03,0.276,0.072,0.86,"other","Other","water","surface","",2016-08-09 16:24:19
1,"1.other",10,"10.Other","28989","2016-08-09 16:24:19",1,0.288,0.036,0.86,"other","Other","water","surface","",2016-08-09 16:24:19
1,"1.other",10,"10.Other","28990","2016-08-09 16:24:19",1,0.292,0.016,0.872,"other","Other","water","surface","",2016-08-09 16:24:19
1,"1.other",10,"10.Other","28991","2016-08-09 16:24:19",1,0.336,0,0.888,"other","Other","water","surface","",2016-08-09 16:24:19
1,"1.other",10,"10.Other","28992","2016-08-09 16:24:19",0.96,0.368,-0.02,0.876,"other","Other","water","surface","",2016-08-09 16:24:19
1,"1.other",10,"10.Other","28993","2016-08-09 16:24:19",0.96,0.416,-0.016,0.876,"other","Other","water","surface","",2016-08-09 16:24:19
1,"1.other",10,"10.Other","28994","2016-08-09 16:24:19",0.96,0.448,-0.008,0.864,"other","Other","water","surface","",2016-08-09 16:24:19
1,"1.other",10,"10.Other","28995","2016-08-09 16:24:19",0.93,0.46,0,0.848,"other","Other","water","surface","",2016-08-09 16:24:19
1,"1.other",10,"10.Other","28996","2016-08-09 16:24:19",0.93,0.492,-0.004,0.832,"other","Other","water","surface","",2016-08-09 16:24:19
1,"1.other",10,"10.Other","28997","2016-08-09 16:24:19",0.93,0.52,-0.008,0.812,"other","Other","water","surface","",2016-08-09 16:24:19
1,"1.other",10,"10.Other","28998","2016-08-09 16:24:19",0.9,0.548,-0.004,0.812,"other","Other","water","surface","",2016-08-09 16:24:19
1,"1.other",10,"10.Other","28999","2016-08-09 16:24:19",0.9,0.58,-0.02,0.812,"other","Other","water","surface","",2016-08-09 16:24:19
1,"1.other",10,"10.Other","29000","2016-08-09 16:24:19",0.87,0.612,-0.036,0.788,"other","Other","water","surface","",2016-08-09 16:24:19
1,"1.other",10,"10.Other","29001","2016-08-09 16:24:19",0.87,0.624,-0.056,0.764,"other","Other","water","surface","",2016-08-09 16:24:19
1,"1.other",10,"10.Other","29002","2016-08-09 16:24:19",0.84,0.612,-0.068,0.748,"other","Other","water","surface","",2016-08-09 16:24:19
1,"1.other",10,"10.Other","29003","2016-08-09 16:24:19",0.84,0.616,-0.08,0.728,"other","Other","water","surface","",2016-08-09 16:24:19
1,"1.other",10,"10.Other","29004","2016-08-09 16:24:19",0.81,0.608,-0.124,0.696,"other","Other","water","surface","",2016-08-09 16:24:19
1,"1.other",10,"10.Other","29005","2016-08-09 16:24:19",0.81,0.6,-0.14,0.676,"other","Other","water","surface","",2016-08-09 16:24:19
1,"1.other",10,"10.Other","29006","2016-08-09 16:24:19",0.81,0.572,-0.156,0.7,"other","Other","water","surface","",2016-08-09 16:24:19
1,"1.other",10,"10.Other","29007","2016-08-09 16:24:19",0.78,0.552,-0.208,0.732,"other","Other","water","surface","",2016-08-09 16:24:19
1,"1.other",10,"10.Other","29008","2016-08-09 16:24:20",0.78,0.528,-0.208,0.732,"other","Other","water","surface","",2016-08-09 16:24:20
1,"1.other",10,"10.Other","29009","2016-08-09 16:24:20",0.78,0.48,-0.252,0.736,"other","Other","water","surface","",2016-08-09 16:24:20
1,"1.other",10,"10.Other","29010","2016-08-09 16:24:20",0.75,0.468,-0.236,0.756,"other","Other","water","surface","",2016-08-09 16:24:20
1,"1.other",10,"10.Other","29011","2016-08-09 16:24:20",0.75,0.444,-0.212,0.768,"other","Other","water","surface","",2016-08-09 16:24:20
1,"1.other",10,"10.Other","29012","2016-08-09 16:24:20",0.75,0.396,-0.216,0.76,"other","Other","water","surface","",2016-08-09 16:24:20
1,"1.other",10,"10.Other","29013","2016-08-09 16:24:20",0.75,0.368,-0.232,0.792,"other","Other","water","surface","",2016-08-09 16:24:20
1,"1.other",10,"10.Other","29014","2016-08-09 16:24:20",0.75,0.356,-0.228,0.804,"other","Other","water","surface","",2016-08-09 16:24:20
1,"1.other",10,"10.Other","29015","2016-08-09 16:24:20",0.75,0.356,-0.172,0.816,"other","Other","water","surface","",2016-08-09 16:24:20
1,"1.other",10,"10.Other","29016","2016-08-09 16:24:20",0.75,0.344,-0.108,0.824,"other","Other","water","surface","",2016-08-09 16:24:20
1,"1.other",10,"10.Other","29017","2016-08-09 16:24:20",0.71,0.308,-0.052,0.832,"other","Other","water","surface","",2016-08-09 16:24:20
1,"1.other",10,"10.Other","29018","2016-08-09 16:24:20",0.75,0.284,0.008,0.824,"other","Other","water","surface","",2016-08-09 16:24:20
1,"1.other",10,"10.Other","29019","2016-08-09 16:24:20",0.75,0.248,0.068,0.8,"other","Other","water","surface","",2016-08-09 16:24:20
1,"1.other",10,"10.Other","29020","2016-08-09 16:24:20",0.75,0.244,0.136,0.816,"other","Other","water","surface","",2016-08-09 16:24:20
1,"1.other",10,"10.Other","29021","2016-08-09 16:24:20",0.75,0.22,0.2,0.82,"other","Other","water","surface","",2016-08-09 16:24:20
1,"1.other",10,"10.Other","29022","2016-08-09 16:24:20",0.75,0.192,0.276,0.848,"other","Other","water","surface","",2016-08-09 16:24:20
1,"1.other",10,"10.Other","29023","2016-08-09 16:24:20",0.75,0.168,0.304,0.844,"other","Other","water","surface","",2016-08-09 16:24:20
1,"1.other",10,"10.Other","29024","2016-08-09 16:24:20",0.71,0.176,0.316,0.832,"other","Other","water","surface","",2016-08-09 16:24:20
1,"1.other",10,"10.Other","29025","2016-08-09 16:24:20",0.75,0.188,0.368,0.828,"other","Other","water","surface","",2016-08-09 16:24:20
1,"1.other",10,"10.Other","29026","2016-08-09 16:24:20",0.71,0.212,0.432,0.82,"other","Other","water","surface","",2016-08-09 16:24:20
1,"1.other",10,"10.Other","29027","2016-08-09 16:24:20",0.75,0.228,0.484,0.816,"other","Other","water","surface","",2016-08-09 16:24:20
1,"1.other",10,"10.Other","29028","2016-08-09 16:24:20",0.75,0.232,0.552,0.796,"other","Other","water","surface","",2016-08-09 16:24:20
1,"1.other",10,"10.Other","29029","2016-08-09 16:24:20",0.75,0.232,0.588,0.756,"other","Other","water","surface","",2016-08-09 16:24:20
1,"1.other",10,"10.Other","29030","2016-08-09 16:24:20",0.75,0.212,0.596,0.732,"other","Other","water","surface","",2016-08-09 16:24:20
1,"1.other",10,"10.Other","29031","2016-08-09 16:24:20",0.71,0.2,0.62,0.744,"other","Other","water","surface","",2016-08-09 16:24:20
1,"1.other",10,"10.Other","29032","2016-08-09 16:24:21",0.71,0.176,0.624,0.748,"other","Other","water","surface","",2016-08-09 16:24:21
1,"1.other",10,"10.Other","29033","2016-08-09 16:24:21",0.75,0.164,0.612,0.744,"other","Other","water","surface","",2016-08-09 16:24:21
1,"1.other",10,"10.Other","29034","2016-08-09 16:24:21",0.75,0.164,0.62,0.736,"other","Other","water","surface","",2016-08-09 16:24:21
1,"1.other",10,"10.Other","29035","2016-08-09 16:24:21",0.75,0.148,0.636,0.732,"other","Other","water","surface","",2016-08-09 16:24:21
1,"1.other",10,"10.Other","29036","2016-08-09 16:24:21",0.71,0.148,0.644,0.76,"other","Other","water","surface","",2016-08-09 16:24:21
1,"1.other",10,"10.Other","29037","2016-08-09 16:24:21",0.75,0.172,0.656,0.756,"other","Other","water","surface","",2016-08-09 16:24:21
5,"5.slow",11,"11.Travelling","29038","2016-08-09 16:24:21",0.75,0.18,0.628,0.768,"slow","Travelling","water","surface","slow",2016-08-09 16:24:21
5,"5.slow",11,"11.Travelling","29039","2016-08-09 16:24:21",0.75,0.204,0.628,0.792,"slow","Travelling","water","surface","",2016-08-09 16:24:21
5,"5.slow",11,"11.Travelling","29040","2016-08-09 16:24:21",0.71,0.24,0.636,0.78,"slow","Travelling","water","surface","",2016-08-09 16:24:21
5,"5.slow",11,"11.Travelling","29041","2016-08-09 16:24:21",0.75,0.252,0.616,0.772,"slow","Travelling","water","surface","",2016-08-09 16:24:21
5,"5.slow",11,"11.Travelling","29042","2016-08-09 16:24:21",0.75,0.248,0.592,0.768,"slow","Travelling","water","surface","",2016-08-09 16:24:21
5,"5.slow",11,"11.Travelling","29043","2016-08-09 16:24:21",0.71,0.236,0.552,0.788,"slow","Travelling","water","surface","",2016-08-09 16:24:21
5,"5.slow",11,"11.Travelling","29044","2016-08-09 16:24:21",0.71,0.208,0.52,0.792,"slow","Travelling","water","surface","",2016-08-09 16:24:21
5,"5.slow",11,"11.Travelling","29045","2016-08-09 16:24:21",0.75,0.188,0.472,0.78,"slow","Travelling","water","surface","",2016-08-09 16:24:21
5,"5.slow",11,"11.Travelling","29046","2016-08-09 16:24:21",0.75,0.136,0.4,0.808,"slow","Travelling","water","surface","",2016-08-09 16:24:21
5,"5.slow",11,"11.Travelling","29047","2016-08-09 16:24:21",0.75,0.108,0.304,0.816,"slow","Travelling","water","surface","",2016-08-09 16:24:21
5,"5.slow",11,"11.Travelling","29048","2016-08-09 16:24:21",0.71,0.076,0.22,0.82,"slow","Travelling","water","surface","",2016-08-09 16:24:21
5,"5.slow",11,"11.Travelling","29049","2016-08-09 16:24:21",0.71,0.076,0.136,0.852,"slow","Travelling","water","surface","",2016-08-09 16:24:21
5,"5.slow",11,"11.Travelling","29050","2016-08-09 16:24:21",0.75,0.088,0.084,0.884,"slow","Travelling","water","surface","",2016-08-09 16:24:21
5,"5.slow",11,"11.Travelling","29051","2016-08-09 16:24:21",0.71,0.092,0.06,0.9,"slow","Travelling","water","surface","",2016-08-09 16:24:21
5,"5.slow",11,"11.Travelling","29052","2016-08-09 16:24:21",0.75,0.092,0.048,0.908,"slow","Travelling","water","surface","",2016-08-09 16:24:21
5,"5.slow",11,"11.Travelling","29053","2016-08-09 16:24:21",0.71,0.096,0.048,0.916,"slow","Travelling","water","surface","",2016-08-09 16:24:21
5,"5.slow",11,"11.Travelling","29054","2016-08-09 16:24:21",0.75,0.092,0.04,0.928,"slow","Travelling","water","surface","",2016-08-09 16:24:21
5,"5.slow",11,"11.Travelling","29055","2016-08-09 16:24:21",0.71,0.092,0.02,0.92,"slow","Travelling","water","surface","",2016-08-09 16:24:21
5,"5.slow",11,"11.Travelling","29056","2016-08-09 16:24:22",0.75,0.08,0.004,0.92,"slow","Travelling","water","surface","",2016-08-09 16:24:22
5,"5.slow",11,"11.Travelling","29057","2016-08-09 16:24:22",0.71,0.084,0,0.932,"slow","Travelling","water","surface","",2016-08-09 16:24:22
5,"5.slow",11,"11.Travelling","29058","2016-08-09 16:24:22",0.71,0.08,-0.012,0.928,"slow","Travelling","water","surface","",2016-08-09 16:24:22
5,"5.slow",11,"11.Travelling","29059","2016-08-09 16:24:22",0.75,0.072,-0.04,0.912,"slow","Travelling","water","surface","",2016-08-09 16:24:22
5,"5.slow",11,"11.Travelling","29060","2016-08-09 16:24:22",0.71,0.048,-0.056,0.92,"slow","Travelling","water","surface","",2016-08-09 16:24:22
5,"5.slow",11,"11.Travelling","29061","2016-08-09 16:24:22",0.71,0.048,-0.1,0.924,"slow","Travelling","water","surface","",2016-08-09 16:24:22
5,"5.slow",11,"11.Travelling","29062","2016-08-09 16:24:22",0.75,0.044,-0.132,0.9,"slow","Travelling","water","surface","",2016-08-09 16:24:22
5,"5.slow",11,"11.Travelling","29063","2016-08-09 16:24:22",0.75,0.044,-0.188,0.916,"slow","Travelling","water","surface","",2016-08-09 16:24:22
5,"5.slow",11,"11.Travelling","29064","2016-08-09 16:24:22",0.75,0.068,-0.248,0.924,"slow","Travelling","water","surface","",2016-08-09 16:24:22
5,"5.slow",11,"11.Travelling","29065","2016-08-09 16:24:22",0.71,0.064,-0.308,0.9,"slow","Travelling","water","surface","",2016-08-09 16:24:22
5,"5.slow",11,"11.Travelling","29066","2016-08-09 16:24:22",0.71,0.048,-0.352,0.892,"slow","Travelling","water","surface","",2016-08-09 16:24:22
5,"5.slow",11,"11.Travelling","29067","2016-08-09 16:24:22",0.75,0.06,-0.364,0.892,"slow","Travelling","water","surface","",2016-08-09 16:24:22
5,"5.slow",11,"11.Travelling","29068","2016-08-09 16:24:22",0.75,0.064,-0.376,0.88,"slow","Travelling","water","surface","",2016-08-09 16:24:22
5,"5.slow",11,"11.Travelling","29069","2016-08-09 16:24:22",0.75,0.084,-0.376,0.868,"slow","Travelling","water","surface","",2016-08-09 16:24:22
5,"5.slow",11,"11.Travelling","29070","2016-08-09 16:24:22",0.75,0.096,-0.396,0.884,"slow","Travelling","water","surface","",2016-08-09 16:24:22
5,"5.slow",11,"11.Travelling","29071","2016-08-09 16:24:22",0.75,0.104,-0.4,0.86,"slow","Travelling","water","surface","",2016-08-09 16:24:22
5,"5.slow",11,"11.Travelling","29072","2016-08-09 16:24:22",0.75,0.108,-0.392,0.86,"slow","Travelling","water","surface","",2016-08-09 16:24:22
5,"5.slow",11,"11.Travelling","29073","2016-08-09 16:24:22",0.75,0.124,-0.404,0.856,"slow","Travelling","water","surface","",2016-08-09 16:24:22
5,"5.slow",11,"11.Travelling","29074","2016-08-09 16:24:22",0.75,0.124,-0.404,0.856,"slow","Travelling","water","surface","",2016-08-09 16:24:22
5,"5.slow",11,"11.Travelling","29075","2016-08-09 16:24:22",0.75,0.116,-0.388,0.864,"slow","Travelling","water","surface","",2016-08-09 16:24:22
5,"5.slow",11,"11.Travelling","29076","2016-08-09 16:24:22",0.75,0.116,-0.388,0.868,"slow","Travelling","water","surface","",2016-08-09 16:24:22
5,"5.slow",11,"11.Travelling","29077","2016-08-09 16:24:22",0.75,0.116,-0.396,0.856,"slow","Travelling","water","surface","",2016-08-09 16:24:22
5,"5.slow",11,"11.Travelling","29078","2016-08-09 16:24:22",0.75,0.108,-0.412,0.868,"slow","Travelling","water","surface","",2016-08-09 16:24:22
5,"5.slow",11,"11.Travelling","29079","2016-08-09 16:24:22",0.75,0.116,-0.416,0.868,"slow","Travelling","water","surface","",2016-08-09 16:24:22
5,"5.slow",11,"11.Travelling","29080","2016-08-09 16:24:23",0.71,0.12,-0.396,0.852,"slow","Travelling","water","surface","",2016-08-09 16:24:23
5,"5.slow",11,"11.Travelling","29081","2016-08-09 16:24:23",0.75,0.132,-0.332,0.852,"slow","Travelling","water","surface","",2016-08-09 16:24:23
5,"5.slow",11,"11.Travelling","29082","2016-08-09 16:24:23",0.75,0.14,-0.28,0.868,"slow","Travelling","water","surface","",2016-08-09 16:24:23
5,"5.slow",11,"11.Travelling","29083","2016-08-09 16:24:23",0.75,0.156,-0.26,0.88,"slow","Travelling","water","surface","",2016-08-09 16:24:23
5,"5.slow",11,"11.Travelling","29084","2016-08-09 16:24:23",0.75,0.164,-0.248,0.864,"slow","Travelling","water","surface","",2016-08-09 16:24:23
5,"5.slow",11,"11.Travelling","29085","2016-08-09 16:24:23",0.75,0.172,-0.216,0.856,"slow","Travelling","water","surface","",2016-08-09 16:24:23
5,"5.slow",11,"11.Travelling","29086","2016-08-09 16:24:23",0.71,0.168,-0.2,0.864,"slow","Travelling","water","surface","",2016-08-09 16:24:23
5,"5.slow",11,"11.Travelling","29087","2016-08-09 16:24:23",0.71,0.152,-0.164,0.88,"slow","Travelling","water","surface","",2016-08-09 16:24:23
5,"5.slow",11,"11.Travelling","29088","2016-08-09 16:24:23",0.75,0.136,-0.132,0.908,"slow","Travelling","water","surface","",2016-08-09 16:24:23
5,"5.slow",11,"11.Travelling","29089","2016-08-09 16:24:23",0.75,0.148,-0.088,0.904,"slow","Travelling","water","surface","",2016-08-09 16:24:23
5,"5.slow",11,"11.Travelling","29090","2016-08-09 16:24:23",0.75,0.152,-0.06,0.904,"slow","Travelling","water","surface","",2016-08-09 16:24:23
5,"5.slow",11,"11.Travelling","29091","2016-08-09 16:24:23",0.75,0.16,-0.036,0.924,"slow","Travelling","water","surface","",2016-08-09 16:24:23
5,"5.slow",11,"11.Travelling","29092","2016-08-09 16:24:23",0.75,0.156,-0.028,0.936,"slow","Travelling","water","surface","",2016-08-09 16:24:23
5,"5.slow",11,"11.Travelling","29093","2016-08-09 16:24:23",0.71,0.16,-0.036,0.952,"slow","Travelling","water","surface","",2016-08-09 16:24:23
5,"5.slow",11,"11.Travelling","29094","2016-08-09 16:24:23",0.75,0.152,-0.016,0.944,"slow","Travelling","water","surface","",2016-08-09 16:24:23
5,"5.slow",11,"11.Travelling","29095","2016-08-09 16:24:23",0.71,0.144,-0.012,0.952,"slow","Travelling","water","surface","",2016-08-09 16:24:23
5,"5.slow",11,"11.Travelling","29096","2016-08-09 16:24:23",0.75,0.132,0.004,0.952,"slow","Travelling","water","surface","",2016-08-09 16:24:23
5,"5.slow",11,"11.Travelling","29097","2016-08-09 16:24:23",0.75,0.116,0.012,0.956,"slow","Travelling","water","surface","",2016-08-09 16:24:23
5,"5.slow",11,"11.Travelling","29098","2016-08-09 16:24:23",0.71,0.1,0.024,0.972,"slow","Travelling","water","surface","",2016-08-09 16:24:23
5,"5.slow",11,"11.Travelling","29099","2016-08-09 16:24:23",0.75,0.088,0.028,0.992,"slow","Travelling","water","surface","",2016-08-09 16:24:23
5,"5.slow",11,"11.Travelling","29100","2016-08-09 16:24:23",0.71,0.084,0.024,0.996,"slow","Travelling","water","surface","",2016-08-09 16:24:23
5,"5.slow",11,"11.Travelling","29101","2016-08-09 16:24:23",0.71,0.068,0.016,0.984,"slow","Travelling","water","surface","",2016-08-09 16:24:23
5,"5.slow",11,"11.Travelling","29102","2016-08-09 16:24:23",0.75,0.044,0.012,0.968,"slow","Travelling","water","surface","",2016-08-09 16:24:23
5,"5.slow",11,"11.Travelling","29103","2016-08-09 16:24:23",0.71,0.012,0.012,0.94,"slow","Travelling","water","surface","",2016-08-09 16:24:23
5,"5.slow",11,"11.Travelling","29104","2016-08-09 16:24:24",0.75,-0.02,0.024,0.92,"slow","Travelling","water","surface","",2016-08-09 16:24:24
5,"5.slow",11,"11.Travelling","29105","2016-08-09 16:24:24",0.71,-0.052,0.024,0.88,"slow","Travelling","water","surface","",2016-08-09 16:24:24
5,"5.slow",11,"11.Travelling","29106","2016-08-09 16:24:24",0.75,-0.096,0.04,0.856,"slow","Travelling","water","surface","",2016-08-09 16:24:24
5,"5.slow",11,"11.Travelling","29107","2016-08-09 16:24:24",0.71,-0.136,0.04,0.836,"slow","Travelling","water","surface","",2016-08-09 16:24:24
5,"5.slow",11,"11.Travelling","29108","2016-08-09 16:24:24",0.75,-0.18,0.024,0.816,"slow","Travelling","water","surface","",2016-08-09 16:24:24
5,"5.slow",11,"11.Travelling","29109","2016-08-09 16:24:24",0.71,-0.212,0.024,0.764,"slow","Travelling","water","surface","",2016-08-09 16:24:24
5,"5.slow",11,"11.Travelling","29110","2016-08-09 16:24:24",0.75,-0.264,0.028,0.74,"slow","Travelling","water","surface","",2016-08-09 16:24:24
5,"5.slow",11,"11.Travelling","29111","2016-08-09 16:24:24",0.75,-0.328,0.036,0.704,"slow","Travelling","water","surface","",2016-08-09 16:24:24
5,"5.slow",11,"11.Travelling","29112","2016-08-09 16:24:24",0.75,-0.38,0.04,0.64,"slow","Travelling","water","surface","",2016-08-09 16:24:24
5,"5.slow",11,"11.Travelling","29113","2016-08-09 16:24:24",0.75,-0.452,0.036,0.572,"slow","Travelling","water","surface","",2016-08-09 16:24:24
5,"5.slow",11,"11.Travelling","29114","2016-08-09 16:24:24",0.75,-0.504,0.04,0.564,"slow","Travelling","water","surface","",2016-08-09 16:24:24
5,"5.slow",11,"11.Travelling","29115","2016-08-09 16:24:24",0.75,-0.568,0.028,0.52,"slow","Travelling","water","surface","",2016-08-09 16:24:24
5,"5.slow",11,"11.Travelling","29116","2016-08-09 16:24:24",0.78,-0.64,0.024,0.456,"slow","Travelling","water","surface","",2016-08-09 16:24:24
5,"5.slow",11,"11.Travelling","29117","2016-08-09 16:24:24",0.81,-0.704,0.012,0.416,"slow","Travelling","water","surface","",2016-08-09 16:24:24
5,"5.slow",11,"11.Travelling","29118","2016-08-09 16:24:24",0.81,-0.728,0.008,0.388,"slow","Travelling","water","surface","",2016-08-09 16:24:24
5,"5.slow",11,"11.Travelling","29119","2016-08-09 16:24:24",0.84,-0.784,0,0.348,"slow","Travelling","water","surface","",2016-08-09 16:24:24
5,"5.slow",11,"11.Travelling","29120","2016-08-09 16:24:24",0.87,-0.832,0,0.332,"slow","Travelling","water","surface","",2016-08-09 16:24:24
5,"5.slow",11,"11.Travelling","29121","2016-08-09 16:24:24",0.9,-0.852,0,0.32,"slow","Travelling","water","surface","",2016-08-09 16:24:24
5,"5.slow",11,"11.Travelling","29122","2016-08-09 16:24:24",0.93,-0.884,-0.004,0.288,"slow","Travelling","water","surface","",2016-08-09 16:24:24
5,"5.slow",11,"11.Travelling","29123","2016-08-09 16:24:24",0.93,-0.904,-0.02,0.272,"slow","Travelling","water","surface","",2016-08-09 16:24:24
5,"5.slow",11,"11.Travelling","29124","2016-08-09 16:24:24",1,-0.932,-0.004,0.276,"slow","Travelling","water","surface","",2016-08-09 16:24:24
5,"5.slow",11,"11.Travelling","29125","2016-08-09 16:24:24",1,-0.952,0.004,0.292,"slow","Travelling","water","surface","",2016-08-09 16:24:24
5,"5.slow",11,"11.Travelling","29126","2016-08-09 16:24:24",1.03,-0.944,0.004,0.308,"slow","Travelling","water","surface","",2016-08-09 16:24:24
5,"5.slow",11,"11.Travelling","29127","2016-08-09 16:24:25",1.06,-0.96,-0.008,0.308,"slow","Travelling","water","underwater","",2016-08-09 16:24:25
5,"5.slow",11,"11.Travelling","29128","2016-08-09 16:24:25",1.09,-0.94,-0.02,0.312,"slow","Travelling","water","underwater","",2016-08-09 16:24:25
5,"5.slow",11,"11.Travelling","29129","2016-08-09 16:24:25",1.12,-0.924,-0.024,0.344,"slow","Travelling","water","underwater","",2016-08-09 16:24:25
5,"5.slow",11,"11.Travelling","29130","2016-08-09 16:24:25",1.15,-0.916,-0.032,0.356,"slow","Travelling","water","underwater","",2016-08-09 16:24:25
5,"5.slow",11,"11.Travelling","29131","2016-08-09 16:24:25",1.18,-0.9,-0.028,0.364,"slow","Travelling","water","underwater","",2016-08-09 16:24:25
5,"5.slow",11,"11.Travelling","29132","2016-08-09 16:24:25",1.21,-0.904,-0.02,0.36,"slow","Travelling","water","underwater","",2016-08-09 16:24:25
5,"5.slow",11,"11.Travelling","29133","2016-08-09 16:24:25",1.25,-0.9,-0.02,0.372,"slow","Travelling","water","underwater","",2016-08-09 16:24:25
5,"5.slow",11,"11.Travelling","29134","2016-08-09 16:24:25",1.28,-0.896,-0.048,0.384,"slow","Travelling","water","underwater","",2016-08-09 16:24:25
5,"5.slow",11,"11.Travelling","29135","2016-08-09 16:24:25",1.31,-0.88,-0.044,0.388,"slow","Travelling","water","underwater","",2016-08-09 16:24:25
5,"5.slow",11,"11.Travelling","29136","2016-08-09 16:24:25",1.31,-0.88,-0.052,0.4,"slow","Travelling","water","underwater","",2016-08-09 16:24:25
5,"5.slow",11,"11.Travelling","29137","2016-08-09 16:24:25",1.34,-0.884,-0.076,0.384,"slow","Travelling","water","underwater","",2016-08-09 16:24:25
5,"5.slow",11,"11.Travelling","29138","2016-08-09 16:24:25",1.4,-0.872,-0.088,0.372,"slow","Travelling","water","underwater","",2016-08-09 16:24:25
5,"5.slow",11,"11.Travelling","29139","2016-08-09 16:24:25",1.43,-0.892,-0.108,0.372,"slow","Travelling","water","underwater","",2016-08-09 16:24:25
5,"5.slow",11,"11.Travelling","29140","2016-08-09 16:24:25",1.43,-0.896,-0.112,0.36,"slow","Travelling","water","underwater","",2016-08-09 16:24:25
5,"5.slow",11,"11.Travelling","29141","2016-08-09 16:24:25",1.46,-0.904,-0.124,0.336,"slow","Travelling","water","underwater","",2016-08-09 16:24:25
5,"5.slow",11,"11.Travelling","29142","2016-08-09 16:24:25",1.5,-0.9,-0.132,0.344,"slow","Travelling","water","underwater","",2016-08-09 16:24:25
5,"5.slow",11,"11.Travelling","29143","2016-08-09 16:24:25",1.53,-0.896,-0.16,0.332,"slow","Travelling","water","underwater","",2016-08-09 16:24:25
5,"5.slow",11,"11.Travelling","29144","2016-08-09 16:24:25",1.56,-0.892,-0.18,0.328,"slow","Travelling","water","underwater","",2016-08-09 16:24:25
5,"5.slow",11,"11.Travelling","29145","2016-08-09 16:24:25",1.56,-0.88,-0.204,0.316,"slow","Travelling","water","underwater","",2016-08-09 16:24:25
5,"5.slow",11,"11.Travelling","29146","2016-08-09 16:24:25",1.59,-0.896,-0.216,0.304,"slow","Travelling","water","underwater","",2016-08-09 16:24:25
5,"5.slow",11,"11.Travelling","29147","2016-08-09 16:24:25",1.62,-0.912,-0.196,0.3,"slow","Travelling","water","underwater","",2016-08-09 16:24:25
5,"5.slow",11,"11.Travelling","29148","2016-08-09 16:24:25",1.65,-0.912,-0.204,0.28,"slow","Travelling","water","underwater","",2016-08-09 16:24:25
5,"5.slow",11,"11.Travelling","29149","2016-08-09 16:24:25",1.68,-0.912,-0.2,0.276,"slow","Travelling","water","underwater","",2016-08-09 16:24:25
5,"5.slow",11,"11.Travelling","29150","2016-08-09 16:24:25",1.71,-0.92,-0.216,0.26,"slow","Travelling","water","underwater","",2016-08-09 16:24:25
5,"5.slow",11,"11.Travelling","29151","2016-08-09 16:24:26",1.75,-0.932,-0.224,0.256,"slow","Travelling","water","underwater","",2016-08-09 16:24:26
5,"5.slow",11,"11.Travelling","29152","2016-08-09 16:24:26",1.78,-0.92,-0.256,0.248,"slow","Travelling","water","underwater","",2016-08-09 16:24:26
5,"5.slow",11,"11.Travelling","29153","2016-08-09 16:24:26",1.81,-0.924,-0.272,0.236,"slow","Travelling","water","underwater","",2016-08-09 16:24:26
5,"5.slow",11,"11.Travelling","29154","2016-08-09 16:24:26",1.84,-0.932,-0.292,0.228,"slow","Travelling","water","underwater","",2016-08-09 16:24:26
5,"5.slow",11,"11.Travelling","29155","2016-08-09 16:24:26",1.87,-0.916,-0.308,0.24,"slow","Travelling","water","underwater","",2016-08-09 16:24:26
5,"5.slow",11,"11.Travelling","29156","2016-08-09 16:24:26",1.9,-0.916,-0.308,0.24,"slow","Travelling","water","underwater","",2016-08-09 16:24:26
5,"5.slow",11,"11.Travelling","29157","2016-08-09 16:24:26",1.93,-0.92,-0.324,0.24,"slow","Travelling","water","underwater","",2016-08-09 16:24:26
5,"5.slow",11,"11.Travelling","29158","2016-08-09 16:24:26",1.96,-0.924,-0.328,0.224,"slow","Travelling","water","underwater","",2016-08-09 16:24:26
5,"5.slow",11,"11.Travelling","29159","2016-08-09 16:24:26",2,-0.924,-0.308,0.22,"slow","Travelling","water","underwater","",2016-08-09 16:24:26
5,"5.slow",11,"11.Travelling","29160","2016-08-09 16:24:26",2,-0.928,-0.312,0.224,"slow","Travelling","water","underwater","",2016-08-09 16:24:26
5,"5.slow",11,"11.Travelling","29161","2016-08-09 16:24:26",2.03,-0.932,-0.312,0.232,"slow","Travelling","water","underwater","",2016-08-09 16:24:26
5,"5.slow",11,"11.Travelling","29162","2016-08-09 16:24:26",2.06,-0.94,-0.32,0.24,"slow","Travelling","water","underwater","",2016-08-09 16:24:26
5,"5.slow",11,"11.Travelling","29163","2016-08-09 16:24:26",2.09,-0.94,-0.32,0.244,"slow","Travelling","water","underwater","",2016-08-09 16:24:26
5,"5.slow",11,"11.Travelling","29164","2016-08-09 16:24:26",2.12,-0.948,-0.34,0.224,"slow","Travelling","water","underwater","",2016-08-09 16:24:26
5,"5.slow",11,"11.Travelling","29165","2016-08-09 16:24:26",2.12,-0.948,-0.372,0.232,"slow","Travelling","water","underwater","",2016-08-09 16:24:26
5,"5.slow",11,"11.Travelling","29166","2016-08-09 16:24:26",2.15,-0.944,-0.392,0.22,"slow","Travelling","water","underwater","",2016-08-09 16:24:26
5,"5.slow",11,"11.Travelling","29167","2016-08-09 16:24:26",2.18,-0.952,-0.388,0.208,"slow","Travelling","water","underwater","",2016-08-09 16:24:26
5,"5.slow",11,"11.Travelling","29168","2016-08-09 16:24:26",2.21,-0.944,-0.368,0.212,"slow","Travelling","water","underwater","",2016-08-09 16:24:26
5,"5.slow",11,"11.Travelling","29169","2016-08-09 16:24:26",2.25,-0.936,-0.376,0.244,"slow","Travelling","water","underwater","",2016-08-09 16:24:26
5,"5.slow",11,"11.Travelling","29170","2016-08-09 16:24:26",2.25,-0.924,-0.372,0.26,"slow","Travelling","water","underwater","",2016-08-09 16:24:26
5,"5.slow",11,"11.Travelling","29171","2016-08-09 16:24:26",2.28,-0.908,-0.36,0.276,"slow","Travelling","water","underwater","",2016-08-09 16:24:26
5,"5.slow",11,"11.Travelling","29172","2016-08-09 16:24:26",2.28,-0.908,-0.316,0.292,"slow","Travelling","water","underwater","",2016-08-09 16:24:26
5,"5.slow",11,"11.Travelling","29173","2016-08-09 16:24:26",2.31,-0.896,-0.26,0.3,"slow","Travelling","water","underwater","",2016-08-09 16:24:26
5,"5.slow",11,"11.Travelling","29174","2016-08-09 16:24:26",2.31,-0.888,-0.228,0.32,"slow","Travelling","water","underwater","",2016-08-09 16:24:26
5,"5.slow",11,"11.Travelling","29175","2016-08-09 16:24:27",2.34,-0.892,-0.208,0.344,"slow","Travelling","water","underwater","",2016-08-09 16:24:27
5,"5.slow",11,"11.Travelling","29176","2016-08-09 16:24:27",2.34,-0.876,-0.2,0.372,"slow","Travelling","water","underwater","",2016-08-09 16:24:27
5,"5.slow",11,"11.Travelling","29177","2016-08-09 16:24:27",2.34,-0.864,-0.176,0.38,"slow","Travelling","water","underwater","",2016-08-09 16:24:27
5,"5.slow",11,"11.Travelling","29178","2016-08-09 16:24:27",2.37,-0.872,-0.156,0.4,"slow","Travelling","water","underwater","",2016-08-09 16:24:27
5,"5.slow",11,"11.Travelling","29179","2016-08-09 16:24:27",2.37,-0.864,-0.136,0.412,"slow","Travelling","water","underwater","",2016-08-09 16:24:27
5,"5.slow",11,"11.Travelling","29180","2016-08-09 16:24:27",2.4,-0.872,-0.12,0.42,"slow","Travelling","water","underwater","",2016-08-09 16:24:27
5,"5.slow",11,"11.Travelling","29181","2016-08-09 16:24:27",2.4,-0.872,-0.116,0.432,"slow","Travelling","water","underwater","",2016-08-09 16:24:27
5,"5.slow",11,"11.Travelling","29182","2016-08-09 16:24:27",2.43,-0.88,-0.112,0.444,"slow","Travelling","water","underwater","",2016-08-09 16:24:27
5,"5.slow",11,"11.Travelling","29183","2016-08-09 16:24:27",2.46,-0.884,-0.092,0.448,"slow","Travelling","water","underwater","",2016-08-09 16:24:27
5,"5.slow",11,"11.Travelling","29184","2016-08-09 16:24:27",2.46,-0.884,-0.068,0.46,"slow","Travelling","water","underwater","",2016-08-09 16:24:27
5,"5.slow",11,"11.Travelling","29185","2016-08-09 16:24:27",2.46,-0.876,-0.04,0.464,"slow","Travelling","water","underwater","",2016-08-09 16:24:27
5,"5.slow",11,"11.Travelling","29186","2016-08-09 16:24:27",2.5,-0.86,-0.024,0.48,"slow","Travelling","water","underwater","",2016-08-09 16:24:27
5,"5.slow",11,"11.Travelling","29187","2016-08-09 16:24:27",2.5,-0.852,0.004,0.5,"slow","Travelling","water","underwater","",2016-08-09 16:24:27
5,"5.slow",11,"11.Travelling","29188","2016-08-09 16:24:27",2.53,-0.836,0.056,0.496,"slow","Travelling","water","underwater","",2016-08-09 16:24:27
5,"5.slow",11,"11.Travelling","29189","2016-08-09 16:24:27",2.56,-0.82,0.104,0.492,"slow","Travelling","water","underwater","",2016-08-09 16:24:27
5,"5.slow",11,"11.Travelling","29190","2016-08-09 16:24:27",2.56,-0.808,0.152,0.508,"slow","Travelling","water","underwater","",2016-08-09 16:24:27
5,"5.slow",11,"11.Travelling","29191","2016-08-09 16:24:27",2.59,-0.804,0.184,0.504,"slow","Travelling","water","underwater","",2016-08-09 16:24:27
5,"5.slow",11,"11.Travelling","29192","2016-08-09 16:24:27",2.59,-0.796,0.212,0.512,"slow","Travelling","water","underwater","",2016-08-09 16:24:27
5,"5.slow",11,"11.Travelling","29193","2016-08-09 16:24:27",2.62,-0.784,0.232,0.52,"slow","Travelling","water","underwater","",2016-08-09 16:24:27
5,"5.slow",11,"11.Travelling","29194","2016-08-09 16:24:27",2.62,-0.776,0.256,0.532,"slow","Travelling","water","underwater","",2016-08-09 16:24:27
5,"5.slow",11,"11.Travelling","29195","2016-08-09 16:24:27",2.62,-0.772,0.276,0.552,"slow","Travelling","water","underwater","",2016-08-09 16:24:27
5,"5.slow",11,"11.Travelling","29196","2016-08-09 16:24:27",2.65,-0.768,0.3,0.552,"slow","Travelling","water","underwater","",2016-08-09 16:24:27
5,"5.slow",11,"11.Travelling","29197","2016-08-09 16:24:27",2.65,-0.756,0.328,0.552,"slow","Travelling","water","underwater","",2016-08-09 16:24:27
5,"5.slow",11,"11.Travelling","29198","2016-08-09 16:24:27",2.68,-0.744,0.336,0.548,"slow","Travelling","water","underwater","",2016-08-09 16:24:27
5,"5.slow",11,"11.Travelling","29199","2016-08-09 16:24:28",2.68,-0.744,0.352,0.54,"slow","Travelling","water","underwater","",2016-08-09 16:24:28
5,"5.slow",11,"11.Travelling","29200","2016-08-09 16:24:28",2.71,-0.736,0.376,0.544,"slow","Travelling","water","underwater","",2016-08-09 16:24:28
5,"5.slow",11,"11.Travelling","29201","2016-08-09 16:24:28",2.71,-0.736,0.38,0.564,"slow","Travelling","water","underwater","",2016-08-09 16:24:28
5,"5.slow",11,"11.Travelling","29202","2016-08-09 16:24:28",2.75,-0.732,0.396,0.572,"slow","Travelling","water","underwater","",2016-08-09 16:24:28
5,"5.slow",11,"11.Travelling","29203","2016-08-09 16:24:28",2.75,-0.704,0.4,0.564,"slow","Travelling","water","underwater","",2016-08-09 16:24:28
5,"5.slow",11,"11.Travelling","29204","2016-08-09 16:24:28",2.75,-0.708,0.392,0.564,"slow","Travelling","water","underwater","",2016-08-09 16:24:28
5,"5.slow",11,"11.Travelling","29205","2016-08-09 16:24:28",2.78,-0.712,0.36,0.576,"slow","Travelling","water","underwater","",2016-08-09 16:24:28
5,"5.slow",11,"11.Travelling","29206","2016-08-09 16:24:28",2.78,-0.708,0.328,0.588,"slow","Travelling","water","underwater","",2016-08-09 16:24:28
5,"5.slow",11,"11.Travelling","29207","2016-08-09 16:24:28",2.78,-0.708,0.3,0.612,"slow","Travelling","water","underwater","",2016-08-09 16:24:28
5,"5.slow",11,"11.Travelling","29208","2016-08-09 16:24:28",2.81,-0.696,0.276,0.636,"slow","Travelling","water","underwater","",2016-08-09 16:24:28
5,"5.slow",11,"11.Travelling","29209","2016-08-09 16:24:28",2.81,-0.676,0.268,0.64,"slow","Travelling","water","underwater","",2016-08-09 16:24:28
5,"5.slow",11,"11.Travelling","29210","2016-08-09 16:24:28",2.81,-0.672,0.276,0.644,"slow","Travelling","water","underwater","",2016-08-09 16:24:28
5,"5.slow",11,"11.Travelling","29211","2016-08-09 16:24:28",2.84,-0.676,0.268,0.656,"slow","Travelling","water","underwater","",2016-08-09 16:24:28
5,"5.slow",11,"11.Travelling","29212","2016-08-09 16:24:28",2.84,-0.664,0.248,0.66,"slow","Travelling","water","underwater","",2016-08-09 16:24:28
5,"5.slow",11,"11.Travelling","29213","2016-08-09 16:24:28",2.84,-0.66,0.224,0.656,"slow","Travelling","water","underwater","",2016-08-09 16:24:28
5,"5.slow",11,"11.Travelling","29214","2016-08-09 16:24:28",2.87,-0.652,0.204,0.676,"slow","Travelling","water","underwater","",2016-08-09 16:24:28
5,"5.slow",11,"11.Travelling","29215","2016-08-09 16:24:28",2.87,-0.644,0.204,0.68,"slow","Travelling","water","underwater","",2016-08-09 16:24:28
5,"5.slow",11,"11.Travelling","29216","2016-08-09 16:24:28",2.87,-0.636,0.2,0.692,"slow","Travelling","water","underwater","",2016-08-09 16:24:28
5,"5.slow",11,"11.Travelling","29217","2016-08-09 16:24:28",2.9,-0.608,0.184,0.696,"slow","Travelling","water","underwater","",2016-08-09 16:24:28
5,"5.slow",11,"11.Travelling","29218","2016-08-09 16:24:28",2.9,-0.604,0.168,0.716,"slow","Travelling","water","underwater","",2016-08-09 16:24:28
5,"5.slow",11,"11.Travelling","29219","2016-08-09 16:24:28",2.9,-0.588,0.164,0.74,"slow","Travelling","water","underwater","",2016-08-09 16:24:28
5,"5.slow",11,"11.Travelling","29220","2016-08-09 16:24:28",2.93,-0.572,0.16,0.748,"slow","Travelling","water","underwater","",2016-08-09 16:24:28
5,"5.slow",11,"11.Travelling","29221","2016-08-09 16:24:28",2.93,-0.552,0.156,0.756,"slow","Travelling","water","underwater","",2016-08-09 16:24:28
5,"5.slow",11,"11.Travelling","29222","2016-08-09 16:24:28",2.93,-0.536,0.156,0.776,"slow","Travelling","water","underwater","",2016-08-09 16:24:28
5,"5.slow",11,"11.Travelling","29223","2016-08-09 16:24:29",2.96,-0.516,0.156,0.784,"slow","Travelling","water","underwater","",2016-08-09 16:24:29
5,"5.slow",11,"11.Travelling","29224","2016-08-09 16:24:29",2.96,-0.492,0.16,0.788,"slow","Travelling","water","underwater","",2016-08-09 16:24:29
5,"5.slow",11,"11.Travelling","29225","2016-08-09 16:24:29",2.96,-0.476,0.172,0.804,"slow","Travelling","water","underwater","",2016-08-09 16:24:29
5,"5.slow",11,"11.Travelling","29226","2016-08-09 16:24:29",3,-0.472,0.152,0.824,"slow","Travelling","water","underwater","",2016-08-09 16:24:29
5,"5.slow",11,"11.Travelling","29227","2016-08-09 16:24:29",3,-0.46,0.144,0.828,"slow","Travelling","water","underwater","",2016-08-09 16:24:29
5,"5.slow",11,"11.Travelling","29228","2016-08-09 16:24:29",3,-0.44,0.128,0.84,"slow","Travelling","water","underwater","",2016-08-09 16:24:29
5,"5.slow",11,"11.Travelling","29229","2016-08-09 16:24:29",3,-0.412,0.124,0.848,"slow","Travelling","water","underwater","",2016-08-09 16:24:29
5,"5.slow",11,"11.Travelling","29230","2016-08-09 16:24:29",3,-0.388,0.108,0.864,"slow","Travelling","water","underwater","",2016-08-09 16:24:29
5,"5.slow",11,"11.Travelling","29231","2016-08-09 16:24:29",3,-0.38,0.108,0.872,"slow","Travelling","water","underwater","",2016-08-09 16:24:29
5,"5.slow",11,"11.Travelling","29232","2016-08-09 16:24:29",3,-0.368,0.108,0.88,"slow","Travelling","water","underwater","",2016-08-09 16:24:29
5,"5.slow",11,"11.Travelling","29233","2016-08-09 16:24:29",3,-0.352,0.108,0.884,"slow","Travelling","water","underwater","",2016-08-09 16:24:29
5,"5.slow",11,"11.Travelling","29234","2016-08-09 16:24:29",3.03,-0.332,0.108,0.9,"slow","Travelling","water","underwater","",2016-08-09 16:24:29
5,"5.slow",11,"11.Travelling","29235","2016-08-09 16:24:29",3.03,-0.316,0.112,0.908,"slow","Travelling","water","underwater","",2016-08-09 16:24:29
5,"5.slow",11,"11.Travelling","29236","2016-08-09 16:24:29",3.03,-0.296,0.092,0.912,"slow","Travelling","water","underwater","",2016-08-09 16:24:29
5,"5.slow",11,"11.Travelling","29237","2016-08-09 16:24:29",3.03,-0.28,0.092,0.912,"slow","Travelling","water","underwater","",2016-08-09 16:24:29
5,"5.slow",11,"11.Travelling","29238","2016-08-09 16:24:29",3.03,-0.272,0.092,0.94,"slow","Travelling","water","underwater","",2016-08-09 16:24:29
5,"5.slow",11,"11.Travelling","29239","2016-08-09 16:24:29",3.03,-0.264,0.092,0.956,"slow","Travelling","water","underwater","",2016-08-09 16:24:29
5,"5.slow",11,"11.Travelling","29240","2016-08-09 16:24:29",3.06,-0.264,0.088,0.956,"slow","Travelling","water","underwater","",2016-08-09 16:24:29
5,"5.slow",11,"11.Travelling","29241","2016-08-09 16:24:29",3.06,-0.268,0.1,0.932,"slow","Travelling","water","underwater","",2016-08-09 16:24:29
5,"5.slow",11,"11.Travelling","29242","2016-08-09 16:24:29",3.06,-0.28,0.132,0.94,"slow","Travelling","water","underwater","",2016-08-09 16:24:29
5,"5.slow",11,"11.Travelling","29243","2016-08-09 16:24:29",3.03,-0.28,0.152,0.952,"slow","Travelling","water","underwater","",2016-08-09 16:24:29
5,"5.slow",11,"11.Travelling","29244","2016-08-09 16:24:29",3.03,-0.284,0.164,0.952,"slow","Travelling","water","underwater","",2016-08-09 16:24:29
5,"5.slow",11,"11.Travelling","29245","2016-08-09 16:24:29",3.03,-0.232,0.172,0.96,"slow","Travelling","water","underwater","",2016-08-09 16:24:29
5,"5.slow",11,"11.Travelling","29246","2016-08-09 16:24:29",3.03,-0.204,0.152,0.936,"slow","Travelling","water","underwater","",2016-08-09 16:24:29
5,"5.slow",11,"11.Travelling","29247","2016-08-09 16:24:30",3.03,-0.192,0.136,0.928,"slow","Travelling","water","underwater","",2016-08-09 16:24:30
5,"5.slow",11,"11.Travelling","29248","2016-08-09 16:24:30",3.03,-0.172,0.136,0.916,"slow","Travelling","water","underwater","",2016-08-09 16:24:30
5,"5.slow",11,"11.Travelling","29249","2016-08-09 16:24:30",3.03,-0.168,0.132,0.908,"slow","Travelling","water","underwater","",2016-08-09 16:24:30
5,"5.slow",11,"11.Travelling","29250","2016-08-09 16:24:30",3.03,-0.156,0.136,0.912,"slow","Travelling","water","underwater","",2016-08-09 16:24:30
5,"5.slow",11,"11.Travelling","29251","2016-08-09 16:24:30",3.03,-0.156,0.128,0.92,"slow","Travelling","water","underwater","",2016-08-09 16:24:30
5,"5.slow",11,"11.Travelling","29252","2016-08-09 16:24:30",3.03,-0.148,0.132,0.92,"slow","Travelling","water","underwater","",2016-08-09 16:24:30
5,"5.slow",11,"11.Travelling","29253","2016-08-09 16:24:30",3,-0.16,0.136,0.932,"slow","Travelling","water","underwater","",2016-08-09 16:24:30
5,"5.slow",11,"11.Travelling","29254","2016-08-09 16:24:30",3,-0.156,0.14,0.916,"slow","Travelling","water","underwater","",2016-08-09 16:24:30
5,"5.slow",11,"11.Travelling","29255","2016-08-09 16:24:30",3,-0.172,0.148,0.904,"slow","Travelling","water","underwater","",2016-08-09 16:24:30
5,"5.slow",11,"11.Travelling","29256","2016-08-09 16:24:30",3,-0.176,0.164,0.9,"slow","Travelling","water","underwater","",2016-08-09 16:24:30
5,"5.slow",11,"11.Travelling","29257","2016-08-09 16:24:30",3,-0.164,0.16,0.888,"slow","Travelling","water","underwater","",2016-08-09 16:24:30
5,"5.slow",11,"11.Travelling","29258","2016-08-09 16:24:30",3,-0.172,0.164,0.876,"slow","Travelling","water","underwater","",2016-08-09 16:24:30
5,"5.slow",11,"11.Travelling","29259","2016-08-09 16:24:30",3,-0.18,0.184,0.884,"slow","Travelling","water","underwater","",2016-08-09 16:24:30
5,"5.slow",11,"11.Travelling","29260","2016-08-09 16:24:30",3,-0.164,0.196,0.876,"slow","Travelling","water","underwater","",2016-08-09 16:24:30
5,"5.slow",11,"11.Travelling","29261","2016-08-09 16:24:30",3,-0.156,0.216,0.872,"slow","Travelling","water","underwater","",2016-08-09 16:24:30
5,"5.slow",11,"11.Travelling","29262","2016-08-09 16:24:30",3,-0.152,0.236,0.88,"slow","Travelling","water","underwater","",2016-08-09 16:24:30
5,"5.slow",11,"11.Travelling","29263","2016-08-09 16:24:30",3,-0.132,0.236,0.896,"slow","Travelling","water","underwater","",2016-08-09 16:24:30
5,"5.slow",11,"11.Travelling","29264","2016-08-09 16:24:30",3,-0.124,0.192,0.9,"slow","Travelling","water","underwater","",2016-08-09 16:24:30
5,"5.slow",11,"11.Travelling","29265","2016-08-09 16:24:30",3,-0.096,0.124,0.932,"slow","Travelling","water","underwater","",2016-08-09 16:24:30
5,"5.slow",11,"11.Travelling","29266","2016-08-09 16:24:30",3,-0.08,0.072,0.952,"slow","Travelling","water","underwater","",2016-08-09 16:24:30
5,"5.slow",11,"11.Travelling","29267","2016-08-09 16:24:30",3,-0.076,0.036,0.948,"slow","Travelling","water","underwater","",2016-08-09 16:24:30
5,"5.slow",11,"11.Travelling","29268","2016-08-09 16:24:30",3,-0.072,0.028,0.948,"slow","Travelling","water","underwater","",2016-08-09 16:24:30
5,"5.slow",11,"11.Travelling","29269","2016-08-09 16:24:30",3,-0.044,0.024,0.948,"slow","Travelling","water","underwater","",2016-08-09 16:24:30
5,"5.slow",11,"11.Travelling","29270","2016-08-09 16:24:31",3,-0.032,0.032,0.944,"slow","Travelling","water","underwater","",2016-08-09 16:24:31
5,"5.slow",11,"11.Travelling","29271","2016-08-09 16:24:31",3,-0.012,0.016,0.936,"slow","Travelling","water","underwater","",2016-08-09 16:24:31
5,"5.slow",11,"11.Travelling","29272","2016-08-09 16:24:31",3,0.024,0.004,0.936,"slow","Travelling","water","underwater","",2016-08-09 16:24:31
5,"5.slow",11,"11.Travelling","29273","2016-08-09 16:24:31",3,0.048,0.012,0.916,"slow","Travelling","water","underwater","",2016-08-09 16:24:31
5,"5.slow",11,"11.Travelling","29274","2016-08-09 16:24:31",3,0.068,0,0.92,"slow","Travelling","water","underwater","",2016-08-09 16:24:31
5,"5.slow",11,"11.Travelling","29275","2016-08-09 16:24:31",3,0.108,-0.04,0.92,"slow","Travelling","water","underwater","",2016-08-09 16:24:31
5,"5.slow",11,"11.Travelling","29276","2016-08-09 16:24:31",3,0.124,-0.092,0.92,"slow","Travelling","water","underwater","",2016-08-09 16:24:31
5,"5.slow",11,"11.Travelling","29277","2016-08-09 16:24:31",3,0.144,-0.132,0.928,"slow","Travelling","water","underwater","",2016-08-09 16:24:31
5,"5.slow",11,"11.Travelling","29278","2016-08-09 16:24:31",3,0.16,-0.152,0.94,"slow","Travelling","water","underwater","",2016-08-09 16:24:31
5,"5.slow",11,"11.Travelling","29279","2016-08-09 16:24:31",3,0.188,-0.152,0.936,"slow","Travelling","water","underwater","",2016-08-09 16:24:31
5,"5.slow",11,"11.Travelling","29280","2016-08-09 16:24:31",3,0.2,-0.148,0.928,"slow","Travelling","water","underwater","",2016-08-09 16:24:31
5,"5.slow",11,"11.Travelling","29281","2016-08-09 16:24:31",3,0.232,-0.148,0.916,"slow","Travelling","water","underwater","",2016-08-09 16:24:31
5,"5.slow",11,"11.Travelling","29282","2016-08-09 16:24:31",2.96,0.268,-0.144,0.896,"slow","Travelling","water","underwater","",2016-08-09 16:24:31
5,"5.slow",11,"11.Travelling","29283","2016-08-09 16:24:31",2.96,0.308,-0.168,0.892,"slow","Travelling","water","underwater","",2016-08-09 16:24:31
5,"5.slow",11,"11.Travelling","29284","2016-08-09 16:24:31",2.96,0.324,-0.196,0.888,"slow","Travelling","water","underwater","",2016-08-09 16:24:31
5,"5.slow",11,"11.Travelling","29285","2016-08-09 16:24:31",2.96,0.336,-0.216,0.864,"slow","Travelling","water","underwater","",2016-08-09 16:24:31
5,"5.slow",11,"11.Travelling","29286","2016-08-09 16:24:31",2.96,0.356,-0.236,0.856,"slow","Travelling","water","underwater","",2016-08-09 16:24:31
5,"5.slow",11,"11.Travelling","29287","2016-08-09 16:24:31",2.96,0.392,-0.244,0.852,"slow","Travelling","water","underwater","",2016-08-09 16:24:31
5,"5.slow",11,"11.Travelling","29288","2016-08-09 16:24:31",2.93,0.396,-0.244,0.84,"slow","Travelling","water","underwater","",2016-08-09 16:24:31
5,"5.slow",11,"11.Travelling","29289","2016-08-09 16:24:31",2.93,0.404,-0.24,0.836,"slow","Travelling","water","underwater","",2016-08-09 16:24:31
5,"5.slow",11,"11.Travelling","29290","2016-08-09 16:24:31",2.93,0.416,-0.24,0.832,"slow","Travelling","water","underwater","",2016-08-09 16:24:31
5,"5.slow",11,"11.Travelling","29291","2016-08-09 16:24:31",2.93,0.416,-0.248,0.812,"slow","Travelling","water","underwater","",2016-08-09 16:24:31
5,"5.slow",11,"11.Travelling","29292","2016-08-09 16:24:31",2.9,0.42,-0.244,0.8,"slow","Travelling","water","underwater","",2016-08-09 16:24:31
5,"5.slow",11,"11.Travelling","29293","2016-08-09 16:24:31",2.9,0.436,-0.248,0.804,"slow","Travelling","water","underwater","",2016-08-09 16:24:31
5,"5.slow",11,"11.Travelling","29294","2016-08-09 16:24:32",2.9,0.428,-0.272,0.812,"slow","Travelling","water","underwater","",2016-08-09 16:24:32
5,"5.slow",11,"11.Travelling","29295","2016-08-09 16:24:32",2.9,0.424,-0.284,0.812,"slow","Travelling","water","underwater","",2016-08-09 16:24:32
5,"5.slow",11,"11.Travelling","29296","2016-08-09 16:24:32",2.87,0.38,-0.3,0.828,"slow","Travelling","water","underwater","",2016-08-09 16:24:32
5,"5.slow",11,"11.Travelling","29297","2016-08-09 16:24:32",2.87,0.312,-0.364,0.644,"slow","Travelling","water","underwater","",2016-08-09 16:24:32
5,"5.slow",11,"11.Travelling","29298","2016-08-09 16:24:32",2.87,0.336,-0.352,0.664,"slow","Travelling","water","underwater","",2016-08-09 16:24:32
5,"5.slow",11,"11.Travelling","29299","2016-08-09 16:24:32",2.87,0.412,-0.408,0.636,"slow","Travelling","water","underwater","",2016-08-09 16:24:32
5,"5.slow",11,"11.Travelling","29300","2016-08-09 16:24:32",2.87,0.288,-0.64,0.44,"slow","Travelling","water","underwater","",2016-08-09 16:24:32
5,"5.slow",11,"11.Travelling","29301","2016-08-09 16:24:32",2.9,0.12,-0.692,0.476,"slow","Travelling","water","underwater","",2016-08-09 16:24:32
5,"5.slow",11,"11.Travelling","29302","2016-08-09 16:24:32",2.9,0.176,-0.552,0.56,"slow","Travelling","water","underwater","",2016-08-09 16:24:32
5,"5.slow",11,"11.Travelling","29303","2016-08-09 16:24:32",2.93,0.292,-0.364,0.576,"slow","Travelling","water","underwater","",2016-08-09 16:24:32
5,"5.slow",11,"11.Travelling","29304","2016-08-09 16:24:32",3,0.416,-0.096,0.42,"slow","Travelling","water","underwater","",2016-08-09 16:24:32
5,"5.slow",11,"11.Travelling","29305","2016-08-09 16:24:32",3,1.024,-0.512,0.432,"slow","Travelling","water","underwater","",2016-08-09 16:24:32
5,"5.slow",11,"11.Travelling","29306","2016-08-09 16:24:32",3.03,1.448,-0.808,0.552,"slow","Travelling","water","underwater","",2016-08-09 16:24:32
5,"5.slow",11,"11.Travelling","29307","2016-08-09 16:24:32",3,1.236,-1.056,0.572,"slow","Travelling","water","underwater","",2016-08-09 16:24:32
5,"5.slow",11,"11.Travelling","29308","2016-08-09 16:24:32",2.9,1.064,-0.764,0.116,"slow","Travelling","water","underwater","",2016-08-09 16:24:32
5,"5.slow",11,"11.Travelling","29309","2016-08-09 16:24:32",2.87,0.996,-0.296,-0.244,"slow","Travelling","water","underwater","",2016-08-09 16:24:32
5,"5.slow",11,"11.Travelling","29310","2016-08-09 16:24:32",2.81,0.972,0.26,-0.572,"slow","Travelling","water","underwater","",2016-08-09 16:24:32
1,"1.playing",12,"12.Other","29311","2016-08-09 16:24:32",2.78,1.38,0.288,-0.728,"playing","Other","water","underwater","playing",2016-08-09 16:24:32
1,"1.playing",12,"12.Other","29312","2016-08-09 16:24:32",2.71,1.128,0.032,-1.02,"playing","Other","water","underwater","",2016-08-09 16:24:32
1,"1.playing",12,"12.Other","29313","2016-08-09 16:24:32",2.71,1.012,-0.136,-0.908,"playing","Other","water","underwater","",2016-08-09 16:24:32
1,"1.playing",12,"12.Other","29314","2016-08-09 16:24:32",2.71,0.932,-0.188,-0.8,"playing","Other","water","underwater","",2016-08-09 16:24:32
1,"1.playing",12,"12.Other","29315","2016-08-09 16:24:32",2.65,0.816,0.148,-0.856,"playing","Other","water","underwater","",2016-08-09 16:24:32
1,"1.playing",12,"12.Other","29316","2016-08-09 16:24:32",2.59,0.728,0.356,-0.94,"playing","Other","water","underwater","",2016-08-09 16:24:32
1,"1.playing",12,"12.Other","29317","2016-08-09 16:24:32",2.56,0.544,0.924,-0.98,"playing","Other","water","underwater","",2016-08-09 16:24:32
1,"1.playing",12,"12.Other","29318","2016-08-09 16:24:33",2.53,0.352,0.984,-1.488,"playing","Other","water","underwater","",2016-08-09 16:24:33
1,"1.playing",12,"12.Other","29319","2016-08-09 16:24:33",2.43,0.176,0.848,-1.348,"playing","Other","water","underwater","",2016-08-09 16:24:33
1,"1.playing",12,"12.Other","29320","2016-08-09 16:24:33",2.37,0.2,0.616,-0.904,"playing","Other","water","underwater","",2016-08-09 16:24:33
1,"1.playing",12,"12.Other","29321","2016-08-09 16:24:33",2.4,0.32,0.432,-0.776,"playing","Other","water","underwater","",2016-08-09 16:24:33
1,"1.playing",12,"12.Other","29322","2016-08-09 16:24:33",2.37,0.384,0.544,-0.696,"playing","Other","water","underwater","",2016-08-09 16:24:33
1,"1.playing",12,"12.Other","29323","2016-08-09 16:24:33",2.31,0.248,0.656,-0.736,"playing","Other","water","underwater","",2016-08-09 16:24:33
1,"1.playing",12,"12.Other","29324","2016-08-09 16:24:33",2.34,0.124,0.36,-0.708,"playing","Other","water","underwater","",2016-08-09 16:24:33
1,"1.playing",12,"12.Other","29325","2016-08-09 16:24:33",2.28,0.396,0.212,-0.852,"playing","Other","water","underwater","",2016-08-09 16:24:33
1,"1.playing",12,"12.Other","29326","2016-08-09 16:24:33",2.15,0.664,0.144,-0.68,"playing","Other","water","underwater","",2016-08-09 16:24:33
1,"1.playing",12,"12.Other","29327","2016-08-09 16:24:33",2.09,0.572,0.596,-0.804,"playing","Other","water","underwater","",2016-08-09 16:24:33
1,"1.playing",12,"12.Other","29328","2016-08-09 16:24:33",2.15,0.64,0.408,-0.844,"playing","Other","water","underwater","",2016-08-09 16:24:33
1,"1.playing",12,"12.Other","29329","2016-08-09 16:24:33",2.03,0.26,0.4,-1.016,"playing","Other","water","underwater","",2016-08-09 16:24:33
1,"1.playing",12,"12.Other","29330","2016-08-09 16:24:33",2.03,0.472,0.464,-1.06,"playing","Other","water","underwater","",2016-08-09 16:24:33
1,"1.playing",12,"12.Other","29331","2016-08-09 16:24:33",2.03,0.34,0.348,-0.976,"playing","Other","water","underwater","",2016-08-09 16:24:33
1,"1.playing",12,"12.Other","29332","2016-08-09 16:24:33",2.06,0.344,0.208,-1.044,"playing","Other","water","underwater","",2016-08-09 16:24:33
1,"1.playing",12,"12.Other","29333","2016-08-09 16:24:33",1.96,0.244,0.164,-1.188,"playing","Other","water","underwater","",2016-08-09 16:24:33
1,"1.playing",12,"12.Other","29334","2016-08-09 16:24:33",1.96,0.188,0.148,-0.988,"playing","Other","water","underwater","",2016-08-09 16:24:33
1,"1.playing",12,"12.Other","29335","2016-08-09 16:24:33",1.93,0.072,0.192,-1.172,"playing","Other","water","underwater","",2016-08-09 16:24:33
1,"1.playing",12,"12.Other","29336","2016-08-09 16:24:33",1.9,0.284,0.008,-1.156,"playing","Other","water","underwater","",2016-08-09 16:24:33
1,"1.playing",12,"12.Other","29337","2016-08-09 16:24:33",1.9,-0.044,-0.076,-1.152,"playing","Other","water","underwater","",2016-08-09 16:24:33
1,"1.playing",12,"12.Other","29338","2016-08-09 16:24:33",1.9,0.324,-0.188,-1.18,"playing","Other","water","underwater","",2016-08-09 16:24:33
1,"1.playing",12,"12.Other","29339","2016-08-09 16:24:33",1.9,0.304,0.056,-1.22,"playing","Other","water","underwater","",2016-08-09 16:24:33
1,"1.playing",12,"12.Other","29340","2016-08-09 16:24:33",1.93,0.388,0.072,-0.652,"playing","Other","water","underwater","",2016-08-09 16:24:33
1,"1.playing",12,"12.Other","29341","2016-08-09 16:24:33",1.87,-0.196,0.06,-0.684,"playing","Other","water","underwater","",2016-08-09 16:24:33
1,"1.playing",12,"12.Other","29342","2016-08-09 16:24:34",1.81,-0.196,-0.14,-0.896,"playing","Other","water","underwater","",2016-08-09 16:24:34
1,"1.playing",12,"12.Other","29343","2016-08-09 16:24:34",1.81,0.412,-1,-1.068,"playing","Other","water","underwater","",2016-08-09 16:24:34
1,"1.playing",12,"12.Other","29344","2016-08-09 16:24:34",1.78,0.428,-0.384,-1,"playing","Other","water","underwater","",2016-08-09 16:24:34
1,"1.playing",12,"12.Other","29345","2016-08-09 16:24:34",1.84,0.18,0.148,-0.804,"playing","Other","water","underwater","",2016-08-09 16:24:34
1,"1.playing",12,"12.Other","29346","2016-08-09 16:24:34",1.9,0.804,0.04,0.232,"playing","Other","water","underwater","",2016-08-09 16:24:34
1,"1.playing",12,"12.Other","29347","2016-08-09 16:24:34",1.71,0.328,0.644,-1.696,"playing","Other","water","underwater","",2016-08-09 16:24:34
1,"1.playing",12,"12.Other","29348","2016-08-09 16:24:34",1.84,-1.12,-0.992,-1.584,"playing","Other","water","underwater","",2016-08-09 16:24:34
1,"1.playing",12,"12.Other","29349","2016-08-09 16:24:34",1.9,0.716,-1.696,-1.332,"playing","Other","water","underwater","",2016-08-09 16:24:34
1,"1.playing",12,"12.Other","29350","2016-08-09 16:24:34",1.75,0.204,-0.532,-0.868,"playing","Other","water","underwater","",2016-08-09 16:24:34
1,"1.playing",12,"12.Other","29351","2016-08-09 16:24:34",1.62,-0.404,0.012,-1.22,"playing","Other","water","underwater","",2016-08-09 16:24:34
1,"1.playing",12,"12.Other","29352","2016-08-09 16:24:34",1.75,-1.112,-0.488,-1.568,"playing","Other","water","underwater","",2016-08-09 16:24:34
1,"1.playing",12,"12.Other","29353","2016-08-09 16:24:34",1.96,-0.56,-1.016,-0.528,"playing","Other","water","underwater","",2016-08-09 16:24:34
1,"1.playing",12,"12.Other","29354","2016-08-09 16:24:34",1.9,-0.836,-0.24,0.112,"playing","Other","water","underwater","",2016-08-09 16:24:34
1,"1.playing",12,"12.Other","29355","2016-08-09 16:24:34",1.75,-0.548,-0.468,-0.544,"playing","Other","water","underwater","",2016-08-09 16:24:34
1,"1.playing",12,"12.Other","29356","2016-08-09 16:24:34",1.96,-0.96,-0.808,0.26,"playing","Other","water","underwater","",2016-08-09 16:24:34
1,"1.playing",12,"12.Other","29357","2016-08-09 16:24:34",1.96,-0.808,-0.464,-0.04,"playing","Other","water","underwater","",2016-08-09 16:24:34
1,"1.playing",12,"12.Other","29358","2016-08-09 16:24:34",1.84,-0.64,0.724,-0.372,"playing","Other","water","underwater","",2016-08-09 16:24:34
1,"1.playing",12,"12.Other","29359","2016-08-09 16:24:34",1.75,-0.504,-0.164,-1.256,"playing","Other","water","underwater","",2016-08-09 16:24:34
1,"1.playing",12,"12.Other","29360","2016-08-09 16:24:34",2.68,-0.268,0.716,-0.904,"playing","Other","water","underwater","",2016-08-09 16:24:34
1,"1.playing",12,"12.Other","29361","2016-08-09 16:24:34",1.71,0.012,0.82,-1.08,"playing","Other","water","underwater","",2016-08-09 16:24:34
1,"1.playing",12,"12.Other","29362","2016-08-09 16:24:34",2.06,-0.252,0.148,-0.916,"playing","Other","water","underwater","",2016-08-09 16:24:34
1,"1.playing",12,"12.Other","29363","2016-08-09 16:24:34",1.78,-0.492,0.152,-0.924,"playing","Other","water","underwater","",2016-08-09 16:24:34
1,"1.playing",12,"12.Other","29364","2016-08-09 16:24:34",1.84,-0.696,0.592,-0.44,"playing","Other","water","underwater","",2016-08-09 16:24:34
1,"1.playing",12,"12.Other","29365","2016-08-09 16:24:34",1.87,-0.416,0.684,-0.116,"playing","Other","water","underwater","",2016-08-09 16:24:34
1,"1.playing",12,"12.Other","29366","2016-08-09 16:24:35",1.87,-0.392,1.516,-0.072,"playing","Other","water","underwater","",2016-08-09 16:24:35
1,"1.playing",12,"12.Other","29367","2016-08-09 16:24:35",1.84,-0.48,1.292,-0.324,"playing","Other","water","underwater","",2016-08-09 16:24:35
1,"1.playing",12,"12.Other","29368","2016-08-09 16:24:35",1.84,-0.36,0.96,-0.364,"playing","Other","water","underwater","",2016-08-09 16:24:35
1,"1.playing",12,"12.Other","29369","2016-08-09 16:24:35",1.84,-0.148,0.984,-0.244,"playing","Other","water","underwater","",2016-08-09 16:24:35
1,"1.playing",12,"12.Other","29370","2016-08-09 16:24:35",1.84,-0.032,0.924,-0.32,"playing","Other","water","underwater","",2016-08-09 16:24:35
1,"1.playing",12,"12.Other","29371","2016-08-09 16:24:35",1.84,0.088,0.864,-0.232,"playing","Other","water","underwater","",2016-08-09 16:24:35
1,"1.playing",12,"12.Other","29372","2016-08-09 16:24:35",1.81,0.196,0.956,-0.32,"playing","Other","water","underwater","",2016-08-09 16:24:35
1,"1.playing",12,"12.Other","29373","2016-08-09 16:24:35",1.81,0.108,0.692,-0.664,"playing","Other","water","underwater","",2016-08-09 16:24:35
1,"1.playing",12,"12.Other","29374","2016-08-09 16:24:35",1.78,0.044,0.656,-0.76,"playing","Other","water","underwater","",2016-08-09 16:24:35
1,"1.playing",12,"12.Other","29375","2016-08-09 16:24:35",1.78,0.24,0.76,-0.676,"playing","Other","water","underwater","",2016-08-09 16:24:35
1,"1.playing",12,"12.Other","29376","2016-08-09 16:24:35",1.81,0.312,0.892,-0.692,"playing","Other","water","underwater","",2016-08-09 16:24:35
1,"1.playing",12,"12.Other","29377","2016-08-09 16:24:35",1.81,0.224,0.956,-0.704,"playing","Other","water","underwater","",2016-08-09 16:24:35
1,"1.playing",12,"12.Other","29378","2016-08-09 16:24:35",1.81,0.136,0.976,-0.696,"playing","Other","water","underwater","",2016-08-09 16:24:35
1,"1.playing",12,"12.Other","29379","2016-08-09 16:24:35",1.78,0.036,0.908,-0.652,"playing","Other","water","underwater","",2016-08-09 16:24:35
1,"1.playing",12,"12.Other","29380","2016-08-09 16:24:35",1.78,-0.032,0.828,-0.624,"playing","Other","water","underwater","",2016-08-09 16:24:35
1,"1.playing",12,"12.Other","29381","2016-08-09 16:24:35",1.78,-0.012,0.736,-0.708,"playing","Other","water","underwater","",2016-08-09 16:24:35
1,"1.playing",12,"12.Other","29382","2016-08-09 16:24:35",1.75,-0.144,0.728,-0.512,"playing","Other","water","underwater","",2016-08-09 16:24:35
1,"1.playing",12,"12.Other","29383","2016-08-09 16:24:35",1.71,-0.032,1.16,-0.544,"playing","Other","water","underwater","",2016-08-09 16:24:35
1,"1.playing",12,"12.Other","29384","2016-08-09 16:24:35",1.65,-0.1,1.04,-0.732,"playing","Other","water","underwater","",2016-08-09 16:24:35
1,"1.playing",12,"12.Other","29385","2016-08-09 16:24:35",1.65,-0.18,0.88,-0.68,"playing","Other","water","underwater","",2016-08-09 16:24:35
1,"1.playing",12,"12.Other","29386","2016-08-09 16:24:35",1.68,-0.256,0.784,-0.404,"playing","Other","water","underwater","",2016-08-09 16:24:35
1,"1.playing",12,"12.Other","29387","2016-08-09 16:24:35",1.68,-0.22,0.836,-0.456,"playing","Other","water","underwater","",2016-08-09 16:24:35
1,"1.playing",12,"12.Other","29388","2016-08-09 16:24:35",1.71,-0.016,0.876,-0.356,"playing","Other","water","underwater","",2016-08-09 16:24:35
1,"1.playing",12,"12.Other","29389","2016-08-09 16:24:36",1.71,0.128,0.9,-0.248,"playing","Other","water","underwater","",2016-08-09 16:24:36
1,"1.playing",12,"12.Other","29390","2016-08-09 16:24:36",1.71,0.136,1.02,-0.192,"playing","Other","water","underwater","",2016-08-09 16:24:36
1,"1.playing",12,"12.Other","29391","2016-08-09 16:24:36",1.71,0.072,1.02,-0.228,"playing","Other","water","underwater","",2016-08-09 16:24:36
1,"1.playing",12,"12.Other","29392","2016-08-09 16:24:36",1.71,0.024,0.896,-0.34,"playing","Other","water","underwater","",2016-08-09 16:24:36
1,"1.playing",12,"12.Other","29393","2016-08-09 16:24:36",1.68,0.012,0.788,-0.424,"playing","Other","water","underwater","",2016-08-09 16:24:36
1,"1.playing",12,"12.Other","29394","2016-08-09 16:24:36",1.68,0.004,0.732,-0.532,"playing","Other","water","underwater","",2016-08-09 16:24:36
1,"1.playing",12,"12.Other","29395","2016-08-09 16:24:36",1.68,0.112,1.048,-0.712,"playing","Other","water","underwater","",2016-08-09 16:24:36
1,"1.playing",12,"12.Other","29396","2016-08-09 16:24:36",1.65,0.272,1.024,-0.612,"playing","Other","water","underwater","",2016-08-09 16:24:36
1,"1.playing",12,"12.Other","29397","2016-08-09 16:24:36",1.56,0.124,0.936,-0.716,"playing","Other","water","underwater","",2016-08-09 16:24:36
1,"1.playing",12,"12.Other","29398","2016-08-09 16:24:36",1.4,-0.336,0.816,-0.7,"playing","Other","water","underwater","",2016-08-09 16:24:36
1,"1.playing",12,"12.Other","29399","2016-08-09 16:24:36",1.43,-0.16,0.872,-0.56,"playing","Other","water","underwater","",2016-08-09 16:24:36
1,"1.playing",12,"12.Other","29400","2016-08-09 16:24:36",1.53,0.076,0.688,-0.564,"playing","Other","water","underwater","",2016-08-09 16:24:36
1,"1.playing",12,"12.Other","29401","2016-08-09 16:24:36",1.59,0.368,0.828,-0.324,"playing","Other","water","underwater","",2016-08-09 16:24:36
1,"1.playing",12,"12.Other","29402","2016-08-09 16:24:36",1.62,0.488,1.084,-0.336,"playing","Other","water","underwater","",2016-08-09 16:24:36
1,"1.playing",12,"12.Other","29403","2016-08-09 16:24:36",1.65,0.032,0.812,-0.468,"playing","Other","water","underwater","",2016-08-09 16:24:36
1,"1.playing",12,"12.Other","29404","2016-08-09 16:24:36",1.65,-0.2,0.484,-0.74,"playing","Other","water","underwater","",2016-08-09 16:24:36
1,"1.playing",12,"12.Other","29405","2016-08-09 16:24:36",1.71,0.696,1.1,-0.728,"playing","Other","water","underwater","",2016-08-09 16:24:36
1,"1.playing",12,"12.Other","29406","2016-08-09 16:24:36",1.75,0.42,1.336,-0.848,"playing","Other","water","underwater","",2016-08-09 16:24:36
1,"1.playing",12,"12.Other","29407","2016-08-09 16:24:36",1.75,0.512,0.944,-0.732,"playing","Other","water","underwater","",2016-08-09 16:24:36
1,"1.playing",12,"12.Other","29408","2016-08-09 16:24:36",1.75,0.552,0.84,-0.628,"playing","Other","water","underwater","",2016-08-09 16:24:36
1,"1.playing",12,"12.Other","29409","2016-08-09 16:24:36",1.78,0.532,0.76,-0.596,"playing","Other","water","underwater","",2016-08-09 16:24:36
1,"1.playing",12,"12.Other","29410","2016-08-09 16:24:36",1.78,0.536,0.768,-0.52,"playing","Other","water","underwater","",2016-08-09 16:24:36
1,"1.playing",12,"12.Other","29411","2016-08-09 16:24:36",1.78,0.536,0.76,-0.52,"playing","Other","water","underwater","",2016-08-09 16:24:36
1,"1.playing",12,"12.Other","29412","2016-08-09 16:24:36",1.78,0.576,0.808,-0.536,"playing","Other","water","underwater","",2016-08-09 16:24:36
1,"1.playing",12,"12.Other","29413","2016-08-09 16:24:37",1.78,0.648,0.808,-0.548,"playing","Other","water","underwater","",2016-08-09 16:24:37
1,"1.playing",12,"12.Other","29414","2016-08-09 16:24:37",1.75,0.648,0.836,-0.524,"playing","Other","water","underwater","",2016-08-09 16:24:37
1,"1.playing",12,"12.Other","29415","2016-08-09 16:24:37",1.75,0.628,0.816,-0.488,"playing","Other","water","underwater","",2016-08-09 16:24:37
1,"1.playing",12,"12.Other","29416","2016-08-09 16:24:37",1.75,0.592,0.788,-0.472,"playing","Other","water","underwater","",2016-08-09 16:24:37
1,"1.playing",12,"12.Other","29417","2016-08-09 16:24:37",1.75,0.548,0.784,-0.488,"playing","Other","water","underwater","",2016-08-09 16:24:37
1,"1.playing",12,"12.Other","29418","2016-08-09 16:24:37",1.78,0.544,0.84,-0.444,"playing","Other","water","underwater","",2016-08-09 16:24:37
1,"1.playing",12,"12.Other","29419","2016-08-09 16:24:37",1.75,0.52,0.888,-0.408,"playing","Other","water","underwater","",2016-08-09 16:24:37
1,"1.playing",12,"12.Other","29420","2016-08-09 16:24:37",1.75,0.492,0.952,-0.332,"playing","Other","water","underwater","",2016-08-09 16:24:37
1,"1.playing",12,"12.Other","29421","2016-08-09 16:24:37",1.75,0.452,0.98,-0.268,"playing","Other","water","underwater","",2016-08-09 16:24:37
1,"1.playing",12,"12.Other","29422","2016-08-09 16:24:37",1.75,0.424,1.008,-0.232,"playing","Other","water","underwater","",2016-08-09 16:24:37
1,"1.playing",12,"12.Other","29423","2016-08-09 16:24:37",1.75,0.408,1.012,-0.14,"playing","Other","water","underwater","",2016-08-09 16:24:37
1,"1.playing",12,"12.Other","29424","2016-08-09 16:24:37",1.75,0.392,0.992,-0.016,"playing","Other","water","underwater","",2016-08-09 16:24:37
1,"1.playing",12,"12.Other","29425","2016-08-09 16:24:37",1.71,0.396,0.98,0.1,"playing","Other","water","underwater","",2016-08-09 16:24:37
6,"6.slow",13,"13.Travelling","29426","2016-08-09 16:24:37",1.71,0.344,0.912,0.176,"slow","Travelling","water","underwater","slow",2016-08-09 16:24:37
6,"6.slow",13,"13.Travelling","29427","2016-08-09 16:24:37",1.68,0.328,0.904,0.216,"slow","Travelling","water","underwater","",2016-08-09 16:24:37
6,"6.slow",13,"13.Travelling","29428","2016-08-09 16:24:37",1.68,0.272,0.888,0.26,"slow","Travelling","water","underwater","",2016-08-09 16:24:37
6,"6.slow",13,"13.Travelling","29429","2016-08-09 16:24:37",1.68,0.212,0.888,0.34,"slow","Travelling","water","underwater","",2016-08-09 16:24:37
6,"6.slow",13,"13.Travelling","29430","2016-08-09 16:24:37",1.68,0.176,0.884,0.376,"slow","Travelling","water","underwater","",2016-08-09 16:24:37
6,"6.slow",13,"13.Travelling","29431","2016-08-09 16:24:37",1.68,0.116,0.768,0.416,"slow","Travelling","water","underwater","",2016-08-09 16:24:37
6,"6.slow",13,"13.Travelling","29432","2016-08-09 16:24:37",1.65,0.124,0.652,0.5,"slow","Travelling","water","underwater","",2016-08-09 16:24:37
6,"6.slow",13,"13.Travelling","29433","2016-08-09 16:24:37",1.65,0.176,0.616,0.58,"slow","Travelling","water","underwater","",2016-08-09 16:24:37
6,"6.slow",13,"13.Travelling","29434","2016-08-09 16:24:37",1.65,0.156,0.528,0.572,"slow","Travelling","water","underwater","",2016-08-09 16:24:37
6,"6.slow",13,"13.Travelling","29435","2016-08-09 16:24:37",1.65,0.112,0.428,0.612,"slow","Travelling","water","underwater","",2016-08-09 16:24:37
6,"6.slow",13,"13.Travelling","29436","2016-08-09 16:24:37",1.68,0.076,0.36,0.68,"slow","Travelling","water","underwater","",2016-08-09 16:24:37
6,"6.slow",13,"13.Travelling","29437","2016-08-09 16:24:38",1.68,0.12,0.384,0.784,"slow","Travelling","water","underwater","",2016-08-09 16:24:38
6,"6.slow",13,"13.Travelling","29438","2016-08-09 16:24:38",1.71,0.172,0.476,0.8,"slow","Travelling","water","underwater","",2016-08-09 16:24:38
6,"6.slow",13,"13.Travelling","29439","2016-08-09 16:24:38",1.71,0.192,0.584,0.76,"slow","Travelling","water","underwater","",2016-08-09 16:24:38
6,"6.slow",13,"13.Travelling","29440","2016-08-09 16:24:38",1.71,0.172,0.684,0.728,"slow","Travelling","water","underwater","",2016-08-09 16:24:38
6,"6.slow",13,"13.Travelling","29441","2016-08-09 16:24:38",1.71,0.16,0.764,0.644,"slow","Travelling","water","underwater","",2016-08-09 16:24:38
6,"6.slow",13,"13.Travelling","29442","2016-08-09 16:24:38",1.71,0.144,0.82,0.536,"slow","Travelling","water","underwater","",2016-08-09 16:24:38
6,"6.slow",13,"13.Travelling","29443","2016-08-09 16:24:38",1.71,0.152,0.872,0.456,"slow","Travelling","water","underwater","",2016-08-09 16:24:38
6,"6.slow",13,"13.Travelling","29444","2016-08-09 16:24:38",1.75,0.104,0.92,0.372,"slow","Travelling","water","underwater","",2016-08-09 16:24:38
6,"6.slow",13,"13.Travelling","29445","2016-08-09 16:24:38",1.75,0.072,0.892,0.292,"slow","Travelling","water","underwater","",2016-08-09 16:24:38
6,"6.slow",13,"13.Travelling","29446","2016-08-09 16:24:38",1.75,0.088,0.944,0.232,"slow","Travelling","water","underwater","",2016-08-09 16:24:38
6,"6.slow",13,"13.Travelling","29447","2016-08-09 16:24:38",1.78,0.124,0.956,0.228,"slow","Travelling","water","underwater","",2016-08-09 16:24:38
6,"6.slow",13,"13.Travelling","29448","2016-08-09 16:24:38",1.78,0.18,0.984,0.248,"slow","Travelling","water","underwater","",2016-08-09 16:24:38
6,"6.slow",13,"13.Travelling","29449","2016-08-09 16:24:38",1.81,0.216,0.988,0.26,"slow","Travelling","water","underwater","",2016-08-09 16:24:38
6,"6.slow",13,"13.Travelling","29450","2016-08-09 16:24:38",1.81,0.224,0.996,0.264,"slow","Travelling","water","underwater","",2016-08-09 16:24:38
6,"6.slow",13,"13.Travelling","29451","2016-08-09 16:24:38",1.81,0.164,0.94,0.196,"slow","Travelling","water","underwater","",2016-08-09 16:24:38
6,"6.slow",13,"13.Travelling","29452","2016-08-09 16:24:38",1.81,0.088,0.972,0.068,"slow","Travelling","water","underwater","",2016-08-09 16:24:38
6,"6.slow",13,"13.Travelling","29453","2016-08-09 16:24:38",1.84,0,1.016,-0.092,"slow","Travelling","water","underwater","",2016-08-09 16:24:38
6,"6.slow",13,"13.Travelling","29454","2016-08-09 16:24:38",1.84,-0.076,1.088,-0.184,"slow","Travelling","water","underwater","",2016-08-09 16:24:38
6,"6.slow",13,"13.Travelling","29455","2016-08-09 16:24:38",1.84,-0.116,1.124,-0.212,"slow","Travelling","water","underwater","",2016-08-09 16:24:38
6,"6.slow",13,"13.Travelling","29456","2016-08-09 16:24:38",1.87,-0.1,1.156,-0.248,"slow","Travelling","water","underwater","",2016-08-09 16:24:38
6,"6.slow",13,"13.Travelling","29457","2016-08-09 16:24:38",1.87,-0.064,1.168,-0.216,"slow","Travelling","water","underwater","",2016-08-09 16:24:38
6,"6.slow",13,"13.Travelling","29458","2016-08-09 16:24:38",1.87,-0.096,1.172,-0.228,"slow","Travelling","water","underwater","",2016-08-09 16:24:38
6,"6.slow",13,"13.Travelling","29459","2016-08-09 16:24:38",1.9,-0.112,1.108,-0.224,"slow","Travelling","water","underwater","",2016-08-09 16:24:38
6,"6.slow",13,"13.Travelling","29460","2016-08-09 16:24:38",1.9,-0.116,1.068,-0.16,"slow","Travelling","water","underwater","",2016-08-09 16:24:38
6,"6.slow",13,"13.Travelling","29461","2016-08-09 16:24:39",1.9,-0.116,1.044,-0.1,"slow","Travelling","water","underwater","",2016-08-09 16:24:39
6,"6.slow",13,"13.Travelling","29462","2016-08-09 16:24:39",1.9,-0.124,1.016,-0.06,"slow","Travelling","water","underwater","",2016-08-09 16:24:39
6,"6.slow",13,"13.Travelling","29463","2016-08-09 16:24:39",1.9,-0.132,1.016,-0.056,"slow","Travelling","water","underwater","",2016-08-09 16:24:39
6,"6.slow",13,"13.Travelling","29464","2016-08-09 16:24:39",1.9,-0.136,1.016,-0.044,"slow","Travelling","water","underwater","",2016-08-09 16:24:39
6,"6.slow",13,"13.Travelling","29465","2016-08-09 16:24:39",1.9,-0.168,1.052,-0.028,"slow","Travelling","water","underwater","",2016-08-09 16:24:39
6,"6.slow",13,"13.Travelling","29466","2016-08-09 16:24:39",1.87,-0.204,1.04,-0.008,"slow","Travelling","water","underwater","",2016-08-09 16:24:39
6,"6.slow",13,"13.Travelling","29467","2016-08-09 16:24:39",1.87,-0.208,1.076,0.004,"slow","Travelling","water","underwater","",2016-08-09 16:24:39
6,"6.slow",13,"13.Travelling","29468","2016-08-09 16:24:39",1.87,-0.2,1.092,0.004,"slow","Travelling","water","underwater","",2016-08-09 16:24:39
6,"6.slow",13,"13.Travelling","29469","2016-08-09 16:24:39",1.84,-0.164,1.052,0.008,"slow","Travelling","water","underwater","",2016-08-09 16:24:39
6,"6.slow",13,"13.Travelling","29470","2016-08-09 16:24:39",1.84,-0.1,1.048,0.024,"slow","Travelling","water","underwater","",2016-08-09 16:24:39
6,"6.slow",13,"13.Travelling","29471","2016-08-09 16:24:39",1.81,-0.056,1.044,0.06,"slow","Travelling","water","underwater","",2016-08-09 16:24:39
6,"6.slow",13,"13.Travelling","29472","2016-08-09 16:24:39",1.78,-0.064,1.064,0.06,"slow","Travelling","water","underwater","",2016-08-09 16:24:39
6,"6.slow",13,"13.Travelling","29473","2016-08-09 16:24:39",1.84,0,1.124,0.06,"slow","Travelling","water","underwater","",2016-08-09 16:24:39
6,"6.slow",13,"13.Travelling","29474","2016-08-09 16:24:39",1.84,-0.012,1.1,0.188,"slow","Travelling","water","underwater","",2016-08-09 16:24:39
6,"6.slow",13,"13.Travelling","29475","2016-08-09 16:24:39",1.81,0.008,1.108,0.24,"slow","Travelling","water","underwater","",2016-08-09 16:24:39
6,"6.slow",13,"13.Travelling","29476","2016-08-09 16:24:39",1.81,0.008,1.096,0.244,"slow","Travelling","water","underwater","",2016-08-09 16:24:39
6,"6.slow",13,"13.Travelling","29477","2016-08-09 16:24:39",1.78,-0.032,1.088,0.208,"slow","Travelling","water","underwater","",2016-08-09 16:24:39
6,"6.slow",13,"13.Travelling","29478","2016-08-09 16:24:39",1.81,-0.068,1.048,0.308,"slow","Travelling","water","underwater","",2016-08-09 16:24:39
6,"6.slow",13,"13.Travelling","29479","2016-08-09 16:24:39",1.78,-0.032,1.04,0.352,"slow","Travelling","water","underwater","",2016-08-09 16:24:39
6,"6.slow",13,"13.Travelling","29480","2016-08-09 16:24:39",1.78,-0.056,0.972,0.344,"slow","Travelling","water","underwater","",2016-08-09 16:24:39
6,"6.slow",13,"13.Travelling","29481","2016-08-09 16:24:39",1.75,-0.032,0.924,0.408,"slow","Travelling","water","underwater","",2016-08-09 16:24:39
6,"6.slow",13,"13.Travelling","29482","2016-08-09 16:24:39",1.75,-0.004,0.856,0.5,"slow","Travelling","water","underwater","",2016-08-09 16:24:39
6,"6.slow",13,"13.Travelling","29483","2016-08-09 16:24:39",1.78,0.004,0.808,0.548,"slow","Travelling","water","underwater","",2016-08-09 16:24:39
6,"6.slow",13,"13.Travelling","29484","2016-08-09 16:24:39",1.75,0.032,0.772,0.608,"slow","Travelling","water","underwater","",2016-08-09 16:24:39
6,"6.slow",13,"13.Travelling","29485","2016-08-09 16:24:40",1.75,0.06,0.708,0.64,"slow","Travelling","water","underwater","",2016-08-09 16:24:40
6,"6.slow",13,"13.Travelling","29486","2016-08-09 16:24:40",1.75,0.104,0.664,0.7,"slow","Travelling","water","underwater","",2016-08-09 16:24:40
6,"6.slow",13,"13.Travelling","29487","2016-08-09 16:24:40",1.75,0.128,0.616,0.74,"slow","Travelling","water","underwater","",2016-08-09 16:24:40
6,"6.slow",13,"13.Travelling","29488","2016-08-09 16:24:40",1.75,0.136,0.548,0.76,"slow","Travelling","water","underwater","",2016-08-09 16:24:40
6,"6.slow",13,"13.Travelling","29489","2016-08-09 16:24:40",1.75,0.168,0.504,0.8,"slow","Travelling","water","underwater","",2016-08-09 16:24:40
6,"6.slow",13,"13.Travelling","29490","2016-08-09 16:24:40",1.71,0.156,0.456,0.824,"slow","Travelling","water","underwater","",2016-08-09 16:24:40
6,"6.slow",13,"13.Travelling","29491","2016-08-09 16:24:40",1.68,0.156,0.428,0.844,"slow","Travelling","water","underwater","",2016-08-09 16:24:40
6,"6.slow",13,"13.Travelling","29492","2016-08-09 16:24:40",1.68,0.152,0.352,0.84,"slow","Travelling","water","underwater","",2016-08-09 16:24:40
6,"6.slow",13,"13.Travelling","29493","2016-08-09 16:24:40",1.68,0.156,0.328,0.852,"slow","Travelling","water","underwater","",2016-08-09 16:24:40
6,"6.slow",13,"13.Travelling","29494","2016-08-09 16:24:40",1.68,0.164,0.28,0.864,"slow","Travelling","water","underwater","",2016-08-09 16:24:40
6,"6.slow",13,"13.Travelling","29495","2016-08-09 16:24:40",1.68,0.156,0.2,0.848,"slow","Travelling","water","underwater","",2016-08-09 16:24:40
6,"6.slow",13,"13.Travelling","29496","2016-08-09 16:24:40",1.68,0.104,0.1,0.828,"slow","Travelling","water","underwater","",2016-08-09 16:24:40
6,"6.slow",13,"13.Travelling","29497","2016-08-09 16:24:40",1.65,0.06,0.02,0.812,"slow","Travelling","water","underwater","",2016-08-09 16:24:40
6,"6.slow",13,"13.Travelling","29498","2016-08-09 16:24:40",1.68,0.044,-0.052,0.84,"slow","Travelling","water","underwater","",2016-08-09 16:24:40
6,"6.slow",13,"13.Travelling","29499","2016-08-09 16:24:40",1.65,0.024,-0.092,0.84,"slow","Travelling","water","underwater","",2016-08-09 16:24:40
6,"6.slow",13,"13.Travelling","29500","2016-08-09 16:24:40",1.68,0.012,-0.156,0.848,"slow","Travelling","water","underwater","",2016-08-09 16:24:40
6,"6.slow",13,"13.Travelling","29501","2016-08-09 16:24:40",1.65,0.012,-0.208,0.856,"slow","Travelling","water","underwater","",2016-08-09 16:24:40
6,"6.slow",13,"13.Travelling","29502","2016-08-09 16:24:40",1.65,0.008,-0.264,0.86,"slow","Travelling","water","underwater","",2016-08-09 16:24:40
6,"6.slow",13,"13.Travelling","29503","2016-08-09 16:24:40",1.68,0.004,-0.308,0.84,"slow","Travelling","water","underwater","",2016-08-09 16:24:40
6,"6.slow",13,"13.Travelling","29504","2016-08-09 16:24:40",1.68,0.016,-0.34,0.844,"slow","Travelling","water","underwater","",2016-08-09 16:24:40
6,"6.slow",13,"13.Travelling","29505","2016-08-09 16:24:40",1.65,0.012,-0.376,0.816,"slow","Travelling","water","underwater","",2016-08-09 16:24:40
6,"6.slow",13,"13.Travelling","29506","2016-08-09 16:24:40",1.65,0.02,-0.4,0.824,"slow","Travelling","water","underwater","",2016-08-09 16:24:40
6,"6.slow",13,"13.Travelling","29507","2016-08-09 16:24:40",1.68,0.008,-0.424,0.824,"slow","Travelling","water","underwater","",2016-08-09 16:24:40
6,"6.slow",13,"13.Travelling","29508","2016-08-09 16:24:41",1.65,-0.012,-0.444,0.78,"slow","Travelling","water","underwater","",2016-08-09 16:24:41
6,"6.slow",13,"13.Travelling","29509","2016-08-09 16:24:41",1.68,-0.028,-0.5,0.776,"slow","Travelling","water","underwater","",2016-08-09 16:24:41
6,"6.slow",13,"13.Travelling","29510","2016-08-09 16:24:41",1.65,-0.02,-0.516,0.792,"slow","Travelling","water","underwater","",2016-08-09 16:24:41
6,"6.slow",13,"13.Travelling","29511","2016-08-09 16:24:41",1.68,-0.012,-0.508,0.78,"slow","Travelling","water","underwater","",2016-08-09 16:24:41
6,"6.slow",13,"13.Travelling","29512","2016-08-09 16:24:41",1.68,-0.008,-0.512,0.796,"slow","Travelling","water","underwater","",2016-08-09 16:24:41
6,"6.slow",13,"13.Travelling","29513","2016-08-09 16:24:41",1.68,0,-0.496,0.804,"slow","Travelling","water","underwater","",2016-08-09 16:24:41
6,"6.slow",13,"13.Travelling","29514","2016-08-09 16:24:41",1.68,0.016,-0.512,0.812,"slow","Travelling","water","underwater","",2016-08-09 16:24:41
6,"6.slow",13,"13.Travelling","29515","2016-08-09 16:24:41",1.68,0.016,-0.528,0.82,"slow","Travelling","water","underwater","",2016-08-09 16:24:41
6,"6.slow",13,"13.Travelling","29516","2016-08-09 16:24:41",1.68,0.012,-0.548,0.808,"slow","Travelling","water","underwater","",2016-08-09 16:24:41
6,"6.slow",13,"13.Travelling","29517","2016-08-09 16:24:41",1.68,0.016,-0.56,0.78,"slow","Travelling","water","underwater","",2016-08-09 16:24:41
6,"6.slow",13,"13.Travelling","29518","2016-08-09 16:24:41",1.68,0.024,-0.572,0.764,"slow","Travelling","water","underwater","",2016-08-09 16:24:41
6,"6.slow",13,"13.Travelling","29519","2016-08-09 16:24:41",1.68,0.036,-0.576,0.78,"slow","Travelling","water","underwater","",2016-08-09 16:24:41
6,"6.slow",13,"13.Travelling","29520","2016-08-09 16:24:41",1.68,0.04,-0.58,0.796,"slow","Travelling","water","underwater","",2016-08-09 16:24:41
6,"6.slow",13,"13.Travelling","29521","2016-08-09 16:24:41",1.71,0.068,-0.608,0.82,"slow","Travelling","water","underwater","",2016-08-09 16:24:41
6,"6.slow",13,"13.Travelling","29522","2016-08-09 16:24:41",1.68,0.064,-0.624,0.768,"slow","Travelling","water","underwater","",2016-08-09 16:24:41
6,"6.slow",13,"13.Travelling","29523","2016-08-09 16:24:41",1.68,0.088,-0.628,0.748,"slow","Travelling","water","underwater","",2016-08-09 16:24:41
6,"6.slow",13,"13.Travelling","29524","2016-08-09 16:24:41",1.71,0.096,-0.632,0.76,"slow","Travelling","water","underwater","",2016-08-09 16:24:41
6,"6.slow",13,"13.Travelling","29525","2016-08-09 16:24:41",1.71,0.104,-0.588,0.792,"slow","Travelling","water","underwater","",2016-08-09 16:24:41
6,"6.slow",13,"13.Travelling","29526","2016-08-09 16:24:41",1.68,0.108,-0.6,0.8,"slow","Travelling","water","underwater","",2016-08-09 16:24:41
6,"6.slow",13,"13.Travelling","29527","2016-08-09 16:24:41",1.68,0.12,-0.608,0.8,"slow","Travelling","water","underwater","",2016-08-09 16:24:41
6,"6.slow",13,"13.Travelling","29528","2016-08-09 16:24:41",1.65,0.176,-0.564,0.812,"slow","Travelling","water","underwater","",2016-08-09 16:24:41
6,"6.slow",13,"13.Travelling","29529","2016-08-09 16:24:41",1.65,0.204,-0.556,0.808,"slow","Travelling","water","underwater","",2016-08-09 16:24:41
6,"6.slow",13,"13.Travelling","29530","2016-08-09 16:24:41",1.65,0.192,-0.572,0.812,"slow","Travelling","water","underwater","",2016-08-09 16:24:41
6,"6.slow",13,"13.Travelling","29531","2016-08-09 16:24:41",1.65,0.168,-0.608,0.816,"slow","Travelling","water","underwater","",2016-08-09 16:24:41
6,"6.slow",13,"13.Travelling","29532","2016-08-09 16:24:42",1.62,0.128,-0.608,0.78,"slow","Travelling","water","underwater","",2016-08-09 16:24:42
6,"6.slow",13,"13.Travelling","29533","2016-08-09 16:24:42",1.62,0.084,-0.588,0.764,"slow","Travelling","water","underwater","",2016-08-09 16:24:42
6,"6.slow",13,"13.Travelling","29534","2016-08-09 16:24:42",1.59,0.044,-0.548,0.784,"slow","Travelling","water","underwater","",2016-08-09 16:24:42
6,"6.slow",13,"13.Travelling","29535","2016-08-09 16:24:42",1.59,0.036,-0.516,0.768,"slow","Travelling","water","underwater","",2016-08-09 16:24:42
6,"6.slow",13,"13.Travelling","29536","2016-08-09 16:24:42",1.59,0.036,-0.492,0.748,"slow","Travelling","water","underwater","",2016-08-09 16:24:42
6,"6.slow",13,"13.Travelling","29537","2016-08-09 16:24:42",1.59,0.068,-0.472,0.768,"slow","Travelling","water","underwater","",2016-08-09 16:24:42
6,"6.slow",13,"13.Travelling","29538","2016-08-09 16:24:42",1.59,0.084,-0.468,0.792,"slow","Travelling","water","underwater","",2016-08-09 16:24:42
6,"6.slow",13,"13.Travelling","29539","2016-08-09 16:24:42",1.59,0.084,-0.44,0.792,"slow","Travelling","water","underwater","",2016-08-09 16:24:42
6,"6.slow",13,"13.Travelling","29540","2016-08-09 16:24:42",1.56,0.088,-0.408,0.82,"slow","Travelling","water","underwater","",2016-08-09 16:24:42
6,"6.slow",13,"13.Travelling","29541","2016-08-09 16:24:42",1.56,0.08,-0.38,0.824,"slow","Travelling","water","underwater","",2016-08-09 16:24:42
6,"6.slow",13,"13.Travelling","29542","2016-08-09 16:24:42",1.56,0.088,-0.364,0.84,"slow","Travelling","water","underwater","",2016-08-09 16:24:42
6,"6.slow",13,"13.Travelling","29543","2016-08-09 16:24:42",1.56,0.076,-0.356,0.84,"slow","Travelling","water","underwater","",2016-08-09 16:24:42
6,"6.slow",13,"13.Travelling","29544","2016-08-09 16:24:42",1.56,0.084,-0.36,0.848,"slow","Travelling","water","underwater","",2016-08-09 16:24:42
6,"6.slow",13,"13.Travelling","29545","2016-08-09 16:24:42",1.56,0.092,-0.372,0.852,"slow","Travelling","water","underwater","",2016-08-09 16:24:42
6,"6.slow",13,"13.Travelling","29546","2016-08-09 16:24:42",1.56,0.092,-0.384,0.856,"slow","Travelling","water","underwater","",2016-08-09 16:24:42
6,"6.slow",13,"13.Travelling","29547","2016-08-09 16:24:42",1.56,0.088,-0.388,0.84,"slow","Travelling","water","underwater","",2016-08-09 16:24:42
6,"6.slow",13,"13.Travelling","29548","2016-08-09 16:24:42",1.53,0.088,-0.384,0.832,"slow","Travelling","water","underwater","",2016-08-09 16:24:42
6,"6.slow",13,"13.Travelling","29549","2016-08-09 16:24:42",1.53,0.076,-0.392,0.844,"slow","Travelling","water","underwater","",2016-08-09 16:24:42
6,"6.slow",13,"13.Travelling","29550","2016-08-09 16:24:42",1.5,0.088,-0.396,0.856,"slow","Travelling","water","underwater","",2016-08-09 16:24:42
6,"6.slow",13,"13.Travelling","29551","2016-08-09 16:24:42",1.53,0.096,-0.388,0.86,"slow","Travelling","water","underwater","",2016-08-09 16:24:42
6,"6.slow",13,"13.Travelling","29552","2016-08-09 16:24:42",1.5,0.1,-0.376,0.848,"slow","Travelling","water","underwater","",2016-08-09 16:24:42
6,"6.slow",13,"13.Travelling","29553","2016-08-09 16:24:42",1.53,0.1,-0.368,0.852,"slow","Travelling","water","underwater","",2016-08-09 16:24:42
6,"6.slow",13,"13.Travelling","29554","2016-08-09 16:24:42",1.5,0.112,-0.368,0.86,"slow","Travelling","water","underwater","",2016-08-09 16:24:42
6,"6.slow",13,"13.Travelling","29555","2016-08-09 16:24:42",1.5,0.12,-0.368,0.86,"slow","Travelling","water","underwater","",2016-08-09 16:24:42
6,"6.slow",13,"13.Travelling","29556","2016-08-09 16:24:43",1.5,0.124,-0.368,0.864,"slow","Travelling","water","underwater","",2016-08-09 16:24:43
6,"6.slow",13,"13.Travelling","29557","2016-08-09 16:24:43",1.46,0.132,-0.36,0.852,"slow","Travelling","water","underwater","",2016-08-09 16:24:43
6,"6.slow",13,"13.Travelling","29558","2016-08-09 16:24:43",1.5,0.156,-0.36,0.856,"slow","Travelling","water","underwater","",2016-08-09 16:24:43
6,"6.slow",13,"13.Travelling","29559","2016-08-09 16:24:43",1.46,0.16,-0.352,0.864,"slow","Travelling","water","underwater","",2016-08-09 16:24:43
6,"6.slow",13,"13.Travelling","29560","2016-08-09 16:24:43",1.46,0.156,-0.364,0.868,"slow","Travelling","water","underwater","",2016-08-09 16:24:43
6,"6.slow",13,"13.Travelling","29561","2016-08-09 16:24:43",1.43,0.156,-0.356,0.852,"slow","Travelling","water","underwater","",2016-08-09 16:24:43
6,"6.slow",13,"13.Travelling","29562","2016-08-09 16:24:43",1.46,0.156,-0.352,0.832,"slow","Travelling","water","underwater","",2016-08-09 16:24:43
6,"6.slow",13,"13.Travelling","29563","2016-08-09 16:24:43",1.43,0.172,-0.344,0.844,"slow","Travelling","water","underwater","",2016-08-09 16:24:43
6,"6.slow",13,"13.Travelling","29564","2016-08-09 16:24:43",1.43,0.176,-0.348,0.844,"slow","Travelling","water","underwater","",2016-08-09 16:24:43
6,"6.slow",13,"13.Travelling","29565","2016-08-09 16:24:43",1.43,0.16,-0.332,0.84,"slow","Travelling","water","underwater","",2016-08-09 16:24:43
6,"6.slow",13,"13.Travelling","29566","2016-08-09 16:24:43",1.4,0.16,-0.348,0.836,"slow","Travelling","water","underwater","",2016-08-09 16:24:43
6,"6.slow",13,"13.Travelling","29567","2016-08-09 16:24:43",1.43,0.16,-0.344,0.832,"slow","Travelling","water","underwater","",2016-08-09 16:24:43
6,"6.slow",13,"13.Travelling","29568","2016-08-09 16:24:43",1.4,0.16,-0.36,0.832,"slow","Travelling","water","underwater","",2016-08-09 16:24:43
6,"6.slow",13,"13.Travelling","29569","2016-08-09 16:24:43",1.4,0.164,-0.36,0.828,"slow","Travelling","water","underwater","",2016-08-09 16:24:43
6,"6.slow",13,"13.Travelling","29570","2016-08-09 16:24:43",1.4,0.188,-0.376,0.844,"slow","Travelling","water","underwater","",2016-08-09 16:24:43
6,"6.slow",13,"13.Travelling","29571","2016-08-09 16:24:43",1.37,0.176,-0.38,0.84,"slow","Travelling","water","underwater","",2016-08-09 16:24:43
6,"6.slow",13,"13.Travelling","29572","2016-08-09 16:24:43",1.37,0.172,-0.396,0.832,"slow","Travelling","water","underwater","",2016-08-09 16:24:43
6,"6.slow",13,"13.Travelling","29573","2016-08-09 16:24:43",1.37,0.196,-0.412,0.828,"slow","Travelling","water","underwater","",2016-08-09 16:24:43
6,"6.slow",13,"13.Travelling","29574","2016-08-09 16:24:43",1.37,0.2,-0.388,0.824,"slow","Travelling","water","underwater","",2016-08-09 16:24:43
6,"6.slow",13,"13.Travelling","29575","2016-08-09 16:24:43",1.37,0.2,-0.388,0.824,"slow","Travelling","water","underwater","",2016-08-09 16:24:43
6,"6.slow",13,"13.Travelling","29576","2016-08-09 16:24:43",1.37,0.208,-0.388,0.816,"slow","Travelling","water","underwater","",2016-08-09 16:24:43
6,"6.slow",13,"13.Travelling","29577","2016-08-09 16:24:43",1.34,0.232,-0.376,0.828,"slow","Travelling","water","underwater","",2016-08-09 16:24:43
6,"6.slow",13,"13.Travelling","29578","2016-08-09 16:24:43",1.34,0.232,-0.384,0.84,"slow","Travelling","water","underwater","",2016-08-09 16:24:43
6,"6.slow",13,"13.Travelling","29579","2016-08-09 16:24:43",1.34,0.232,-0.368,0.832,"slow","Travelling","water","underwater","",2016-08-09 16:24:43
6,"6.slow",13,"13.Travelling","29580","2016-08-09 16:24:44",1.31,0.224,-0.352,0.824,"slow","Travelling","water","underwater","",2016-08-09 16:24:44
6,"6.slow",13,"13.Travelling","29581","2016-08-09 16:24:44",1.31,0.236,-0.352,0.832,"slow","Travelling","water","underwater","",2016-08-09 16:24:44
6,"6.slow",13,"13.Travelling","29582","2016-08-09 16:24:44",1.31,0.252,-0.348,0.836,"slow","Travelling","water","underwater","",2016-08-09 16:24:44
6,"6.slow",13,"13.Travelling","29583","2016-08-09 16:24:44",1.31,0.296,-0.332,0.836,"slow","Travelling","water","underwater","",2016-08-09 16:24:44
6,"6.slow",13,"13.Travelling","29584","2016-08-09 16:24:44",1.28,0.296,-0.308,0.836,"slow","Travelling","water","underwater","",2016-08-09 16:24:44
6,"6.slow",13,"13.Travelling","29585","2016-08-09 16:24:44",1.28,0.312,-0.324,0.844,"slow","Travelling","water","underwater","",2016-08-09 16:24:44
6,"6.slow",13,"13.Travelling","29586","2016-08-09 16:24:44",1.28,0.328,-0.32,0.844,"slow","Travelling","water","underwater","",2016-08-09 16:24:44
6,"6.slow",13,"13.Travelling","29587","2016-08-09 16:24:44",1.28,0.34,-0.324,0.824,"slow","Travelling","water","underwater","",2016-08-09 16:24:44
6,"6.slow",13,"13.Travelling","29588","2016-08-09 16:24:44",1.28,0.344,-0.34,0.82,"slow","Travelling","water","underwater","",2016-08-09 16:24:44
6,"6.slow",13,"13.Travelling","29589","2016-08-09 16:24:44",1.25,0.352,-0.332,0.824,"slow","Travelling","water","underwater","",2016-08-09 16:24:44
6,"6.slow",13,"13.Travelling","29590","2016-08-09 16:24:44",1.21,0.348,-0.344,0.808,"slow","Travelling","water","underwater","",2016-08-09 16:24:44
6,"6.slow",13,"13.Travelling","29591","2016-08-09 16:24:44",1.25,0.36,-0.348,0.816,"slow","Travelling","water","underwater","",2016-08-09 16:24:44
2,"2.other",14,"14.Other","29592","2016-08-09 16:24:44",1.21,0.368,-0.36,0.812,"other","Other","water","underwater","other",2016-08-09 16:24:44
2,"2.other",14,"14.Other","29593","2016-08-09 16:24:44",1.18,0.376,-0.352,0.812,"other","Other","water","underwater","",2016-08-09 16:24:44
2,"2.other",14,"14.Other","29594","2016-08-09 16:24:44",1.18,0.388,-0.34,0.82,"other","Other","water","underwater","",2016-08-09 16:24:44
2,"2.other",14,"14.Other","29595","2016-08-09 16:24:44",1.18,0.404,-0.34,0.824,"other","Other","water","underwater","",2016-08-09 16:24:44
2,"2.other",14,"14.Other","29596","2016-08-09 16:24:44",1.18,0.396,-0.328,0.812,"other","Other","water","underwater","",2016-08-09 16:24:44
2,"2.other",14,"14.Other","29597","2016-08-09 16:24:44",1.18,0.408,-0.34,0.792,"other","Other","water","underwater","",2016-08-09 16:24:44
2,"2.other",14,"14.Other","29598","2016-08-09 16:24:44",1.18,0.412,-0.352,0.78,"other","Other","water","underwater","",2016-08-09 16:24:44
2,"2.other",14,"14.Other","29599","2016-08-09 16:24:44",1.15,0.424,-0.352,0.784,"other","Other","water","underwater","",2016-08-09 16:24:44
2,"2.other",14,"14.Other","29600","2016-08-09 16:24:44",1.12,0.436,-0.348,0.792,"other","Other","water","underwater","",2016-08-09 16:24:44
2,"2.other",14,"14.Other","29601","2016-08-09 16:24:44",1.12,0.44,-0.348,0.792,"other","Other","water","underwater","",2016-08-09 16:24:44
2,"2.other",14,"14.Other","29602","2016-08-09 16:24:44",1.09,0.436,-0.356,0.78,"other","Other","water","underwater","",2016-08-09 16:24:44
2,"2.other",14,"14.Other","29603","2016-08-09 16:24:44",1.12,0.444,-0.344,0.784,"other","Other","water","underwater","",2016-08-09 16:24:44
2,"2.other",14,"14.Other","29604","2016-08-09 16:24:45",1.09,0.44,-0.332,0.792,"other","Other","water","underwater","",2016-08-09 16:24:45
2,"2.other",14,"14.Other","29605","2016-08-09 16:24:45",1.06,0.444,-0.32,0.78,"other","Other","water","underwater","",2016-08-09 16:24:45
2,"2.other",14,"14.Other","29606","2016-08-09 16:24:45",1.03,0.436,-0.304,0.78,"other","Other","water","surface","",2016-08-09 16:24:45
2,"2.other",14,"14.Other","29607","2016-08-09 16:24:45",1.03,0.436,-0.272,0.784,"other","Other","water","surface","",2016-08-09 16:24:45
2,"2.other",14,"14.Other","29608","2016-08-09 16:24:45",1.03,0.448,-0.256,0.796,"other","Other","water","surface","",2016-08-09 16:24:45
2,"2.other",14,"14.Other","29609","2016-08-09 16:24:45",1.03,0.472,-0.228,0.82,"other","Other","water","surface","",2016-08-09 16:24:45
2,"2.other",14,"14.Other","29610","2016-08-09 16:24:45",1,0.476,-0.196,0.832,"other","Other","water","surface","",2016-08-09 16:24:45
2,"2.other",14,"14.Other","29611","2016-08-09 16:24:45",0.96,0.496,-0.216,0.84,"other","Other","water","surface","",2016-08-09 16:24:45
2,"2.other",14,"14.Other","29612","2016-08-09 16:24:45",0.96,0.516,-0.224,0.856,"other","Other","water","surface","",2016-08-09 16:24:45
2,"2.other",14,"14.Other","29613","2016-08-09 16:24:45",0.93,0.532,-0.232,0.84,"other","Other","water","surface","",2016-08-09 16:24:45
2,"2.other",14,"14.Other","29614","2016-08-09 16:24:45",0.93,0.564,-0.208,0.816,"other","Other","water","surface","",2016-08-09 16:24:45
2,"2.other",14,"14.Other","29615","2016-08-09 16:24:45",0.9,0.58,-0.176,0.812,"other","Other","water","surface","",2016-08-09 16:24:45
2,"2.other",14,"14.Other","29616","2016-08-09 16:24:45",0.87,0.572,-0.144,0.78,"other","Other","water","surface","",2016-08-09 16:24:45
2,"2.other",14,"14.Other","29617","2016-08-09 16:24:45",0.84,0.58,-0.08,0.812,"other","Other","water","surface","",2016-08-09 16:24:45
2,"2.other",14,"14.Other","29618","2016-08-09 16:24:45",0.81,0.632,-0.06,0.744,"other","Other","water","surface","",2016-08-09 16:24:45
2,"2.other",14,"14.Other","29619","2016-08-09 16:24:45",0.81,0.6,-0.06,0.628,"other","Other","water","surface","",2016-08-09 16:24:45
2,"2.other",14,"14.Other","29620","2016-08-09 16:24:45",0.81,0.504,-0.04,0.616,"other","Other","water","surface","",2016-08-09 16:24:45
2,"2.other",14,"14.Other","29621","2016-08-09 16:24:45",0.81,0.456,0.004,0.704,"other","Other","water","surface","",2016-08-09 16:24:45
2,"2.other",14,"14.Other","29622","2016-08-09 16:24:45",0.81,0.464,0.012,0.72,"other","Other","water","surface","",2016-08-09 16:24:45
2,"2.other",14,"14.Other","29623","2016-08-09 16:24:45",0.81,0.436,0.032,0.72,"other","Other","water","surface","",2016-08-09 16:24:45
2,"2.other",14,"14.Other","29624","2016-08-09 16:24:45",0.81,0.42,0.04,0.724,"other","Other","water","surface","",2016-08-09 16:24:45
2,"2.other",14,"14.Other","29625","2016-08-09 16:24:45",0.81,0.396,0.052,0.748,"other","Other","water","surface","",2016-08-09 16:24:45
2,"2.other",14,"14.Other","29626","2016-08-09 16:24:45",0.81,0.36,0.068,0.76,"other","Other","water","surface","",2016-08-09 16:24:45
2,"2.other",14,"14.Other","29627","2016-08-09 16:24:46",0.81,0.328,0.08,0.768,"other","Other","water","surface","",2016-08-09 16:24:46
2,"2.other",14,"14.Other","29628","2016-08-09 16:24:46",0.81,0.296,0.092,0.788,"other","Other","water","surface","",2016-08-09 16:24:46
2,"2.other",14,"14.Other","29629","2016-08-09 16:24:46",0.81,0.256,0.116,0.808,"other","Other","water","surface","",2016-08-09 16:24:46
2,"2.other",14,"14.Other","29630","2016-08-09 16:24:46",0.81,0.208,0.144,0.808,"other","Other","water","surface","",2016-08-09 16:24:46
2,"2.other",14,"14.Other","29631","2016-08-09 16:24:46",0.81,0.156,0.168,0.828,"other","Other","water","surface","",2016-08-09 16:24:46
2,"2.other",14,"14.Other","29632","2016-08-09 16:24:46",0.78,0.124,0.156,0.852,"other","Other","water","surface","",2016-08-09 16:24:46
2,"2.other",14,"14.Other","29633","2016-08-09 16:24:46",0.81,0.112,0.14,0.868,"other","Other","water","surface","",2016-08-09 16:24:46
2,"2.other",14,"14.Other","29634","2016-08-09 16:24:46",0.81,0.096,0.12,0.892,"other","Other","water","surface","",2016-08-09 16:24:46
2,"2.other",14,"14.Other","29635","2016-08-09 16:24:46",0.81,0.076,0.124,0.9,"other","Other","water","surface","",2016-08-09 16:24:46
2,"2.other",14,"14.Other","29636","2016-08-09 16:24:46",0.78,0.06,0.136,0.9,"other","Other","water","surface","",2016-08-09 16:24:46
2,"2.other",14,"14.Other","29637","2016-08-09 16:24:46",0.81,0.048,0.128,0.924,"other","Other","water","surface","",2016-08-09 16:24:46
2,"2.other",14,"14.Other","29638","2016-08-09 16:24:46",0.81,0.024,0.108,0.948,"other","Other","water","surface","",2016-08-09 16:24:46
2,"2.other",14,"14.Other","29639","2016-08-09 16:24:46",0.78,0.012,0.076,0.968,"other","Other","water","surface","",2016-08-09 16:24:46
2,"2.other",14,"14.Other","29640","2016-08-09 16:24:46",0.81,0.024,0.04,0.968,"other","Other","water","surface","",2016-08-09 16:24:46
2,"2.other",14,"14.Other","29641","2016-08-09 16:24:46",0.78,0.064,0,0.968,"other","Other","water","surface","",2016-08-09 16:24:46
2,"2.other",14,"14.Other","29642","2016-08-09 16:24:46",0.81,0.072,-0.024,0.944,"other","Other","water","surface","",2016-08-09 16:24:46
2,"2.other",14,"14.Other","29643","2016-08-09 16:24:46",0.81,0.072,-0.048,0.948,"other","Other","water","surface","",2016-08-09 16:24:46
2,"2.other",14,"14.Other","29644","2016-08-09 16:24:46",0.81,0.1,-0.124,0.96,"other","Other","water","surface","",2016-08-09 16:24:46
2,"2.other",14,"14.Other","29645","2016-08-09 16:24:46",0.78,0.116,-0.14,0.908,"other","Other","water","surface","",2016-08-09 16:24:46
2,"2.other",14,"14.Other","29646","2016-08-09 16:24:46",0.81,0.084,-0.16,0.876,"other","Other","water","surface","",2016-08-09 16:24:46
2,"2.other",14,"14.Other","29647","2016-08-09 16:24:46",0.81,0.032,-0.228,0.864,"other","Other","water","surface","",2016-08-09 16:24:46
2,"2.other",14,"14.Other","29648","2016-08-09 16:24:46",0.81,-0.052,-0.264,0.82,"other","Other","water","surface","",2016-08-09 16:24:46
2,"2.other",14,"14.Other","29649","2016-08-09 16:24:46",0.81,-0.156,-0.284,0.76,"other","Other","water","surface","",2016-08-09 16:24:46
2,"2.other",14,"14.Other","29650","2016-08-09 16:24:46",0.81,-0.236,-0.316,0.652,"other","Other","water","surface","",2016-08-09 16:24:46
2,"2.other",14,"14.Other","29651","2016-08-09 16:24:47",0.81,-0.296,-0.312,0.588,"other","Other","water","surface","",2016-08-09 16:24:47
2,"2.other",14,"14.Other","29652","2016-08-09 16:24:47",0.81,-0.372,-0.344,0.54,"other","Other","water","surface","",2016-08-09 16:24:47
2,"2.other",14,"14.Other","29653","2016-08-09 16:24:47",0.84,-0.372,-0.332,0.416,"other","Other","water","surface","",2016-08-09 16:24:47
2,"2.other",14,"14.Other","29654","2016-08-09 16:24:47",0.84,-0.484,-0.372,0.348,"other","Other","water","surface","",2016-08-09 16:24:47
2,"2.other",14,"14.Other","29655","2016-08-09 16:24:47",0.87,-0.552,-0.392,0.296,"other","Other","water","surface","",2016-08-09 16:24:47
2,"2.other",14,"14.Other","29656","2016-08-09 16:24:47",0.9,-0.628,-0.42,0.252,"other","Other","water","surface","",2016-08-09 16:24:47
2,"2.other",14,"14.Other","29657","2016-08-09 16:24:47",0.93,-0.708,-0.428,0.196,"other","Other","water","surface","",2016-08-09 16:24:47
2,"2.other",14,"14.Other","29658","2016-08-09 16:24:47",0.96,-0.776,-0.396,0.156,"other","Other","water","surface","",2016-08-09 16:24:47
2,"2.other",14,"14.Other","29659","2016-08-09 16:24:47",1,-0.824,-0.36,0.12,"other","Other","water","surface","",2016-08-09 16:24:47
2,"2.other",14,"14.Other","29660","2016-08-09 16:24:47",1.03,-0.848,-0.344,0.052,"other","Other","water","surface","",2016-08-09 16:24:47
2,"2.other",14,"14.Other","29661","2016-08-09 16:24:47",1.06,-0.916,-0.34,-0.02,"other","Other","water","underwater","",2016-08-09 16:24:47
2,"2.other",14,"14.Other","29662","2016-08-09 16:24:47",1.09,-0.936,-0.364,-0.084,"other","Other","water","underwater","",2016-08-09 16:24:47
2,"2.other",14,"14.Other","29663","2016-08-09 16:24:47",1.12,-0.964,-0.4,-0.148,"other","Other","water","underwater","",2016-08-09 16:24:47
2,"2.other",14,"14.Other","29664","2016-08-09 16:24:47",1.15,-0.964,-0.484,-0.172,"other","Other","water","underwater","",2016-08-09 16:24:47
2,"2.other",14,"14.Other","29665","2016-08-09 16:24:47",1.21,-0.932,-0.56,-0.152,"other","Other","water","underwater","",2016-08-09 16:24:47
2,"2.other",14,"14.Other","29666","2016-08-09 16:24:47",1.25,-0.896,-0.592,-0.104,"other","Other","water","underwater","",2016-08-09 16:24:47
2,"2.other",14,"14.Other","29667","2016-08-09 16:24:47",1.28,-0.888,-0.612,-0.056,"other","Other","water","underwater","",2016-08-09 16:24:47
2,"2.other",14,"14.Other","29668","2016-08-09 16:24:47",1.31,-0.876,-0.548,-0.016,"other","Other","water","underwater","",2016-08-09 16:24:47
2,"2.other",14,"14.Other","29669","2016-08-09 16:24:47",1.34,-0.896,-0.556,-0.008,"other","Other","water","underwater","",2016-08-09 16:24:47
2,"2.other",14,"14.Other","29670","2016-08-09 16:24:47",1.37,-0.908,-0.532,0,"other","Other","water","underwater","",2016-08-09 16:24:47
2,"2.other",14,"14.Other","29671","2016-08-09 16:24:47",1.4,-0.888,-0.552,0.036,"other","Other","water","underwater","",2016-08-09 16:24:47
2,"2.other",14,"14.Other","29672","2016-08-09 16:24:47",1.4,-0.868,-0.52,0.06,"other","Other","water","underwater","",2016-08-09 16:24:47
2,"2.other",14,"14.Other","29673","2016-08-09 16:24:47",1.46,-0.88,-0.5,0.068,"other","Other","water","underwater","",2016-08-09 16:24:47
2,"2.other",14,"14.Other","29674","2016-08-09 16:24:47",1.5,-0.94,-0.484,0.048,"other","Other","water","underwater","",2016-08-09 16:24:47
2,"2.other",14,"14.Other","29675","2016-08-09 16:24:48",1.53,-0.992,-0.504,0.096,"other","Other","water","underwater","",2016-08-09 16:24:48
2,"2.other",14,"14.Other","29676","2016-08-09 16:24:48",1.56,-1.012,-0.484,0.212,"other","Other","water","underwater","",2016-08-09 16:24:48
2,"2.other",14,"14.Other","29677","2016-08-09 16:24:48",1.56,-1.016,-0.436,0.248,"other","Other","water","underwater","",2016-08-09 16:24:48
2,"2.other",14,"14.Other","29678","2016-08-09 16:24:48",1.56,-1.024,-0.376,0.272,"other","Other","water","underwater","",2016-08-09 16:24:48
2,"2.other",14,"14.Other","29679","2016-08-09 16:24:48",1.59,-0.976,-0.304,0.364,"other","Other","water","underwater","",2016-08-09 16:24:48
2,"2.other",14,"14.Other","29680","2016-08-09 16:24:48",1.62,-0.928,-0.264,0.408,"other","Other","water","underwater","",2016-08-09 16:24:48
2,"2.other",14,"14.Other","29681","2016-08-09 16:24:48",1.62,-0.836,-0.26,0.468,"other","Other","water","underwater","",2016-08-09 16:24:48
2,"2.other",14,"14.Other","29682","2016-08-09 16:24:48",1.65,-0.74,-0.244,0.484,"other","Other","water","underwater","",2016-08-09 16:24:48
2,"2.other",14,"14.Other","29683","2016-08-09 16:24:48",1.65,-0.656,-0.256,0.524,"other","Other","water","underwater","",2016-08-09 16:24:48
2,"2.other",14,"14.Other","29684","2016-08-09 16:24:48",1.68,-0.608,-0.276,0.596,"other","Other","water","underwater","",2016-08-09 16:24:48
2,"2.other",14,"14.Other","29685","2016-08-09 16:24:48",1.68,-0.56,-0.388,0.656,"other","Other","water","underwater","",2016-08-09 16:24:48
2,"2.other",14,"14.Other","29686","2016-08-09 16:24:48",1.71,-0.524,-0.472,0.692,"other","Other","water","underwater","",2016-08-09 16:24:48
2,"2.other",14,"14.Other","29687","2016-08-09 16:24:48",1.71,-0.48,-0.516,0.724,"other","Other","water","underwater","",2016-08-09 16:24:48
2,"2.other",14,"14.Other","29688","2016-08-09 16:24:48",1.71,-0.468,-0.548,0.732,"other","Other","water","underwater","",2016-08-09 16:24:48
2,"2.other",14,"14.Other","29689","2016-08-09 16:24:48",1.71,-0.476,-0.54,0.74,"other","Other","water","underwater","",2016-08-09 16:24:48
2,"2.other",14,"14.Other","29690","2016-08-09 16:24:48",1.75,-0.452,-0.512,0.752,"other","Other","water","underwater","",2016-08-09 16:24:48
2,"2.other",14,"14.Other","29691","2016-08-09 16:24:48",1.75,-0.424,-0.492,0.752,"other","Other","water","underwater","",2016-08-09 16:24:48
2,"2.other",14,"14.Other","29692","2016-08-09 16:24:48",1.78,-0.44,-0.448,0.772,"other","Other","water","underwater","",2016-08-09 16:24:48
2,"2.other",14,"14.Other","29693","2016-08-09 16:24:48",1.81,-0.472,-0.42,0.756,"other","Other","water","underwater","",2016-08-09 16:24:48
2,"2.other",14,"14.Other","29694","2016-08-09 16:24:48",1.81,-0.416,-0.4,0.78,"other","Other","water","underwater","",2016-08-09 16:24:48
2,"2.other",14,"14.Other","29695","2016-08-09 16:24:48",1.84,-0.368,-0.416,0.776,"other","Other","water","underwater","",2016-08-09 16:24:48
2,"2.other",14,"14.Other","29696","2016-08-09 16:24:48",1.84,-0.348,-0.424,0.708,"other","Other","water","underwater","",2016-08-09 16:24:48
2,"2.other",14,"14.Other","29697","2016-08-09 16:24:48",1.84,-0.336,-0.468,0.648,"other","Other","water","underwater","",2016-08-09 16:24:48
2,"2.other",14,"14.Other","29698","2016-08-09 16:24:48",1.87,-0.304,-0.528,0.644,"other","Other","water","underwater","",2016-08-09 16:24:48
2,"2.other",14,"14.Other","29699","2016-08-09 16:24:49",1.9,-0.272,-0.568,0.628,"other","Other","water","underwater","",2016-08-09 16:24:49
2,"2.other",14,"14.Other","29700","2016-08-09 16:24:49",1.9,-0.224,-0.588,0.652,"other","Other","water","underwater","",2016-08-09 16:24:49
2,"2.other",14,"14.Other","29701","2016-08-09 16:24:49",1.93,-0.176,-0.616,0.656,"other","Other","water","underwater","",2016-08-09 16:24:49
2,"2.other",14,"14.Other","29702","2016-08-09 16:24:49",1.96,-0.14,-0.664,0.636,"other","Other","water","underwater","",2016-08-09 16:24:49
2,"2.other",14,"14.Other","29703","2016-08-09 16:24:49",1.96,-0.116,-0.748,0.62,"other","Other","water","underwater","",2016-08-09 16:24:49
2,"2.other",14,"14.Other","29704","2016-08-09 16:24:49",2,-0.108,-0.788,0.608,"other","Other","water","underwater","",2016-08-09 16:24:49
2,"2.other",14,"14.Other","29705","2016-08-09 16:24:49",2,-0.112,-0.816,0.604,"other","Other","water","underwater","",2016-08-09 16:24:49
2,"2.other",14,"14.Other","29706","2016-08-09 16:24:49",2.03,-0.112,-0.844,0.556,"other","Other","water","underwater","",2016-08-09 16:24:49
2,"2.other",14,"14.Other","29707","2016-08-09 16:24:49",2.06,-0.108,-0.9,0.532,"other","Other","water","underwater","",2016-08-09 16:24:49
2,"2.other",14,"14.Other","29708","2016-08-09 16:24:49",2.06,-0.084,-0.92,0.488,"other","Other","water","underwater","",2016-08-09 16:24:49
2,"2.other",14,"14.Other","29709","2016-08-09 16:24:49",2.09,-0.08,-0.96,0.404,"other","Other","water","underwater","",2016-08-09 16:24:49
2,"2.other",14,"14.Other","29710","2016-08-09 16:24:49",2.09,-0.112,-0.96,0.34,"other","Other","water","underwater","",2016-08-09 16:24:49
2,"2.other",14,"14.Other","29711","2016-08-09 16:24:49",2.09,-0.164,-0.992,0.312,"other","Other","water","underwater","",2016-08-09 16:24:49
2,"2.other",14,"14.Other","29712","2016-08-09 16:24:49",2.12,-0.228,-1.008,0.308,"other","Other","water","underwater","",2016-08-09 16:24:49
2,"2.other",14,"14.Other","29713","2016-08-09 16:24:49",2.15,-0.276,-0.904,0.376,"other","Other","water","underwater","",2016-08-09 16:24:49
2,"2.other",14,"14.Other","29714","2016-08-09 16:24:49",2.15,-0.268,-0.832,0.528,"other","Other","water","underwater","",2016-08-09 16:24:49
2,"2.other",14,"14.Other","29715","2016-08-09 16:24:49",2.15,-0.212,-0.772,0.596,"other","Other","water","underwater","",2016-08-09 16:24:49
2,"2.other",14,"14.Other","29716","2016-08-09 16:24:49",2.18,-0.056,-0.908,0.58,"other","Other","water","underwater","",2016-08-09 16:24:49
2,"2.other",14,"14.Other","29717","2016-08-09 16:24:49",2.18,0.1,-0.876,0.632,"other","Other","water","underwater","",2016-08-09 16:24:49
2,"2.other",14,"14.Other","29718","2016-08-09 16:24:49",2.18,0.16,-0.816,0.648,"other","Other","water","underwater","",2016-08-09 16:24:49
2,"2.other",14,"14.Other","29719","2016-08-09 16:24:49",2.15,0.132,-0.836,0.612,"other","Other","water","underwater","",2016-08-09 16:24:49
2,"2.other",14,"14.Other","29720","2016-08-09 16:24:49",2.15,0.084,-0.876,0.56,"other","Other","water","underwater","",2016-08-09 16:24:49
2,"2.other",14,"14.Other","29721","2016-08-09 16:24:49",2.15,0.048,-0.956,0.532,"other","Other","water","underwater","",2016-08-09 16:24:49
2,"2.other",14,"14.Other","29722","2016-08-09 16:24:49",2.15,0.068,-0.992,0.568,"other","Other","water","underwater","",2016-08-09 16:24:49
2,"2.other",14,"14.Other","29723","2016-08-09 16:24:50",2.18,0.088,-0.924,0.66,"other","Other","water","underwater","",2016-08-09 16:24:50
2,"2.other",14,"14.Other","29724","2016-08-09 16:24:50",2.15,0.052,-0.808,0.692,"other","Other","water","underwater","",2016-08-09 16:24:50
2,"2.other",14,"14.Other","29725","2016-08-09 16:24:50",2.15,-0.032,-0.756,0.628,"other","Other","water","underwater","",2016-08-09 16:24:50
2,"2.other",14,"14.Other","29726","2016-08-09 16:24:50",2.12,-0.12,-0.732,0.596,"other","Other","water","underwater","",2016-08-09 16:24:50
2,"2.other",14,"14.Other","29727","2016-08-09 16:24:50",2.15,-0.208,-0.66,0.576,"other","Other","water","underwater","",2016-08-09 16:24:50
2,"2.other",14,"14.Other","29728","2016-08-09 16:24:50",2.15,-0.168,-0.664,0.564,"other","Other","water","underwater","",2016-08-09 16:24:50
2,"2.other",14,"14.Other","29729","2016-08-09 16:24:50",2.15,-0.108,-0.712,0.6,"other","Other","water","underwater","",2016-08-09 16:24:50
2,"2.other",14,"14.Other","29730","2016-08-09 16:24:50",2.15,-0.088,-0.696,0.616,"other","Other","water","underwater","",2016-08-09 16:24:50
2,"2.other",14,"14.Other","29731","2016-08-09 16:24:50",2.18,-0.072,-0.692,0.636,"other","Other","water","underwater","",2016-08-09 16:24:50
2,"2.other",14,"14.Other","29732","2016-08-09 16:24:50",2.15,-0.08,-0.68,0.648,"other","Other","water","underwater","",2016-08-09 16:24:50
2,"2.other",14,"14.Other","29733","2016-08-09 16:24:50",2.18,-0.096,-0.684,0.68,"other","Other","water","underwater","",2016-08-09 16:24:50
2,"2.other",14,"14.Other","29734","2016-08-09 16:24:50",2.18,-0.108,-0.736,0.7,"other","Other","water","underwater","",2016-08-09 16:24:50
2,"2.other",14,"14.Other","29735","2016-08-09 16:24:50",2.21,-0.132,-0.756,0.652,"other","Other","water","underwater","",2016-08-09 16:24:50
2,"2.other",14,"14.Other","29736","2016-08-09 16:24:50",2.18,-0.104,-0.696,0.636,"other","Other","water","underwater","",2016-08-09 16:24:50
2,"2.other",14,"14.Other","29737","2016-08-09 16:24:50",2.15,-0.112,-0.676,0.656,"other","Other","water","underwater","",2016-08-09 16:24:50
2,"2.other",14,"14.Other","29738","2016-08-09 16:24:50",2.18,-0.1,-0.696,0.64,"other","Other","water","underwater","",2016-08-09 16:24:50
2,"2.other",14,"14.Other","29739","2016-08-09 16:24:50",2.18,-0.096,-0.688,0.624,"other","Other","water","underwater","",2016-08-09 16:24:50
2,"2.other",14,"14.Other","29740","2016-08-09 16:24:50",2.18,-0.092,-0.696,0.6,"other","Other","water","underwater","",2016-08-09 16:24:50
2,"2.other",14,"14.Other","29741","2016-08-09 16:24:50",2.21,-0.08,-0.704,0.6,"other","Other","water","underwater","",2016-08-09 16:24:50
2,"2.other",14,"14.Other","29742","2016-08-09 16:24:50",2.21,-0.088,-0.704,0.596,"other","Other","water","underwater","",2016-08-09 16:24:50
2,"2.other",14,"14.Other","29743","2016-08-09 16:24:50",2.21,-0.076,-0.7,0.608,"other","Other","water","underwater","",2016-08-09 16:24:50
2,"2.other",14,"14.Other","29744","2016-08-09 16:24:50",2.25,-0.068,-0.708,0.616,"other","Other","water","underwater","",2016-08-09 16:24:50
2,"2.other",14,"14.Other","29745","2016-08-09 16:24:50",2.25,-0.12,-0.724,0.544,"other","Other","water","underwater","",2016-08-09 16:24:50
2,"2.other",14,"14.Other","29746","2016-08-09 16:24:50",2.25,-0.148,-0.68,0.58,"other","Other","water","underwater","",2016-08-09 16:24:50
2,"2.other",14,"14.Other","29747","2016-08-09 16:24:51",2.28,-0.08,-0.696,0.68,"other","Other","water","underwater","",2016-08-09 16:24:51
2,"2.other",14,"14.Other","29748","2016-08-09 16:24:51",2.28,-0.112,-0.652,0.576,"other","Other","water","underwater","",2016-08-09 16:24:51
2,"2.other",14,"14.Other","29749","2016-08-09 16:24:51",2.28,-0.14,-0.704,0.604,"other","Other","water","underwater","",2016-08-09 16:24:51
2,"2.other",14,"14.Other","29750","2016-08-09 16:24:51",2.31,-0.136,-0.68,0.636,"other","Other","water","underwater","",2016-08-09 16:24:51
2,"2.other",14,"14.Other","29751","2016-08-09 16:24:51",2.31,-0.052,-0.732,0.608,"other","Other","water","underwater","",2016-08-09 16:24:51
2,"2.other",14,"14.Other","29752","2016-08-09 16:24:51",2.31,0.132,-0.856,0.652,"other","Other","water","underwater","",2016-08-09 16:24:51
2,"2.other",14,"14.Other","29753","2016-08-09 16:24:51",2.28,0.16,-1.024,0.688,"other","Other","water","underwater","",2016-08-09 16:24:51
2,"2.other",14,"14.Other","29754","2016-08-09 16:24:51",2.31,0.1,-1.032,0.648,"other","Other","water","underwater","",2016-08-09 16:24:51
2,"2.other",14,"14.Other","29755","2016-08-09 16:24:51",2.28,-0.028,-0.972,0.604,"other","Other","water","underwater","",2016-08-09 16:24:51
2,"2.other",14,"14.Other","29756","2016-08-09 16:24:51",2.25,-0.116,-0.904,0.556,"other","Other","water","underwater","",2016-08-09 16:24:51
2,"2.other",14,"14.Other","29757","2016-08-09 16:24:51",2.25,-0.176,-0.788,0.548,"other","Other","water","underwater","",2016-08-09 16:24:51
2,"2.other",14,"14.Other","29758","2016-08-09 16:24:51",2.25,-0.172,-0.68,0.564,"other","Other","water","underwater","",2016-08-09 16:24:51
2,"2.other",14,"14.Other","29759","2016-08-09 16:24:51",2.25,-0.092,-0.648,0.68,"other","Other","water","underwater","",2016-08-09 16:24:51
2,"2.other",14,"14.Other","29760","2016-08-09 16:24:51",2.25,-0.076,-0.58,0.732,"other","Other","water","underwater","",2016-08-09 16:24:51
2,"2.other",14,"14.Other","29761","2016-08-09 16:24:51",2.21,-0.068,-0.56,0.76,"other","Other","water","underwater","",2016-08-09 16:24:51
2,"2.other",14,"14.Other","29762","2016-08-09 16:24:51",2.25,-0.08,-0.548,0.756,"other","Other","water","underwater","",2016-08-09 16:24:51
2,"2.other",14,"14.Other","29763","2016-08-09 16:24:51",2.25,-0.104,-0.496,0.772,"other","Other","water","underwater","",2016-08-09 16:24:51
2,"2.other",14,"14.Other","29764","2016-08-09 16:24:51",2.25,-0.1,-0.456,0.804,"other","Other","water","underwater","",2016-08-09 16:24:51
2,"2.other",14,"14.Other","29765","2016-08-09 16:24:51",2.21,-0.112,-0.408,0.82,"other","Other","water","underwater","",2016-08-09 16:24:51
2,"2.other",14,"14.Other","29766","2016-08-09 16:24:51",2.25,-0.136,-0.376,0.84,"other","Other","water","underwater","",2016-08-09 16:24:51
2,"2.other",14,"14.Other","29767","2016-08-09 16:24:51",2.25,-0.132,-0.344,0.848,"other","Other","water","underwater","",2016-08-09 16:24:51
2,"2.other",14,"14.Other","29768","2016-08-09 16:24:51",2.21,-0.128,-0.32,0.848,"other","Other","water","underwater","",2016-08-09 16:24:51
2,"2.other",14,"14.Other","29769","2016-08-09 16:24:51",2.25,-0.124,-0.28,0.852,"other","Other","water","underwater","",2016-08-09 16:24:51
2,"2.other",14,"14.Other","29770","2016-08-09 16:24:52",2.21,-0.132,-0.212,0.872,"other","Other","water","underwater","",2016-08-09 16:24:52
2,"2.other",14,"14.Other","29771","2016-08-09 16:24:52",2.25,-0.12,-0.18,0.884,"other","Other","water","underwater","",2016-08-09 16:24:52
2,"2.other",14,"14.Other","29772","2016-08-09 16:24:52",2.21,-0.128,-0.112,0.888,"other","Other","water","underwater","",2016-08-09 16:24:52
2,"2.other",14,"14.Other","29773","2016-08-09 16:24:52",2.21,-0.16,-0.076,0.868,"other","Other","water","underwater","",2016-08-09 16:24:52
2,"2.other",14,"14.Other","29774","2016-08-09 16:24:52",2.25,-0.148,-0.052,0.868,"other","Other","water","underwater","",2016-08-09 16:24:52
2,"2.other",14,"14.Other","29775","2016-08-09 16:24:52",2.21,-0.148,-0.028,0.896,"other","Other","water","underwater","",2016-08-09 16:24:52
2,"2.other",14,"14.Other","29776","2016-08-09 16:24:52",2.21,-0.176,-0.012,0.88,"other","Other","water","underwater","",2016-08-09 16:24:52
2,"2.other",14,"14.Other","29777","2016-08-09 16:24:52",2.21,-0.18,-0.004,0.884,"other","Other","water","underwater","",2016-08-09 16:24:52
2,"2.other",14,"14.Other","29778","2016-08-09 16:24:52",2.21,-0.164,0.04,0.884,"other","Other","water","underwater","",2016-08-09 16:24:52
2,"2.other",14,"14.Other","29779","2016-08-09 16:24:52",2.21,-0.164,0.068,0.88,"other","Other","water","underwater","",2016-08-09 16:24:52
2,"2.other",14,"14.Other","29780","2016-08-09 16:24:52",2.21,-0.144,0.104,0.876,"other","Other","water","underwater","",2016-08-09 16:24:52
2,"2.other",14,"14.Other","29781","2016-08-09 16:24:52",2.21,-0.152,0.152,0.864,"other","Other","water","underwater","",2016-08-09 16:24:52
2,"2.other",14,"14.Other","29782","2016-08-09 16:24:52",2.21,-0.168,0.156,0.84,"other","Other","water","underwater","",2016-08-09 16:24:52
2,"2.other",14,"14.Other","29783","2016-08-09 16:24:52",2.21,-0.152,0.208,0.844,"other","Other","water","underwater","",2016-08-09 16:24:52
2,"2.other",14,"14.Other","29784","2016-08-09 16:24:52",2.21,-0.132,0.24,0.88,"other","Other","water","underwater","",2016-08-09 16:24:52
2,"2.other",14,"14.Other","29785","2016-08-09 16:24:52",2.21,-0.168,0.236,0.864,"other","Other","water","underwater","",2016-08-09 16:24:52
2,"2.other",14,"14.Other","29786","2016-08-09 16:24:52",2.25,-0.18,0.248,0.864,"other","Other","water","underwater","",2016-08-09 16:24:52
2,"2.other",14,"14.Other","29787","2016-08-09 16:24:52",2.21,-0.2,0.292,0.836,"other","Other","water","underwater","",2016-08-09 16:24:52
2,"2.other",14,"14.Other","29788","2016-08-09 16:24:52",2.25,-0.224,0.356,0.804,"other","Other","water","underwater","",2016-08-09 16:24:52
2,"2.other",14,"14.Other","29789","2016-08-09 16:24:52",2.25,-0.204,0.38,0.82,"other","Other","water","underwater","",2016-08-09 16:24:52
2,"2.other",14,"14.Other","29790","2016-08-09 16:24:52",2.25,-0.22,0.396,0.812,"other","Other","water","underwater","",2016-08-09 16:24:52
2,"2.other",14,"14.Other","29791","2016-08-09 16:24:52",2.25,-0.192,0.372,0.84,"other","Other","water","underwater","",2016-08-09 16:24:52
2,"2.other",14,"14.Other","29792","2016-08-09 16:24:52",2.25,-0.188,0.372,0.852,"other","Other","water","underwater","",2016-08-09 16:24:52
2,"2.other",14,"14.Other","29793","2016-08-09 16:24:52",2.28,-0.156,0.356,0.876,"other","Other","water","underwater","",2016-08-09 16:24:52
2,"2.other",14,"14.Other","29794","2016-08-09 16:24:53",2.28,-0.164,0.364,0.844,"other","Other","water","underwater","",2016-08-09 16:24:53
2,"2.other",14,"14.Other","29795","2016-08-09 16:24:53",2.31,-0.164,0.384,0.86,"other","Other","water","underwater","",2016-08-09 16:24:53
2,"2.other",14,"14.Other","29796","2016-08-09 16:24:53",2.28,-0.168,0.408,0.864,"other","Other","water","underwater","",2016-08-09 16:24:53
2,"2.other",14,"14.Other","29797","2016-08-09 16:24:53",2.28,-0.172,0.416,0.86,"other","Other","water","underwater","",2016-08-09 16:24:53
2,"2.other",14,"14.Other","29798","2016-08-09 16:24:53",2.28,-0.18,0.46,0.844,"other","Other","water","underwater","",2016-08-09 16:24:53
2,"2.other",14,"14.Other","29799","2016-08-09 16:24:53",2.28,-0.156,0.472,0.828,"other","Other","water","underwater","",2016-08-09 16:24:53
2,"2.other",14,"14.Other","29800","2016-08-09 16:24:53",2.28,-0.14,0.504,0.832,"other","Other","water","underwater","",2016-08-09 16:24:53
2,"2.other",14,"14.Other","29801","2016-08-09 16:24:53",2.28,-0.16,0.52,0.804,"other","Other","water","underwater","",2016-08-09 16:24:53
2,"2.other",14,"14.Other","29802","2016-08-09 16:24:53",2.28,-0.14,0.532,0.784,"other","Other","water","underwater","",2016-08-09 16:24:53
2,"2.other",14,"14.Other","29803","2016-08-09 16:24:53",2.31,-0.116,0.576,0.796,"other","Other","water","underwater","",2016-08-09 16:24:53
2,"2.other",14,"14.Other","29804","2016-08-09 16:24:53",2.31,-0.108,0.58,0.796,"other","Other","water","underwater","",2016-08-09 16:24:53
2,"2.other",14,"14.Other","29805","2016-08-09 16:24:53",2.31,-0.1,0.604,0.788,"other","Other","water","underwater","",2016-08-09 16:24:53
2,"2.other",14,"14.Other","29806","2016-08-09 16:24:53",2.31,-0.088,0.608,0.784,"other","Other","water","underwater","",2016-08-09 16:24:53
2,"2.other",14,"14.Other","29807","2016-08-09 16:24:53",2.31,-0.096,0.632,0.764,"other","Other","water","underwater","",2016-08-09 16:24:53
2,"2.other",14,"14.Other","29808","2016-08-09 16:24:53",2.31,-0.088,0.628,0.764,"other","Other","water","underwater","",2016-08-09 16:24:53
2,"2.other",14,"14.Other","29809","2016-08-09 16:24:53",2.31,-0.068,0.64,0.764,"other","Other","water","underwater","",2016-08-09 16:24:53
2,"2.other",14,"14.Other","29810","2016-08-09 16:24:53",2.31,-0.072,0.652,0.736,"other","Other","water","underwater","",2016-08-09 16:24:53
2,"2.other",14,"14.Other","29811","2016-08-09 16:24:53",2.31,-0.06,0.66,0.728,"other","Other","water","underwater","",2016-08-09 16:24:53
2,"2.other",14,"14.Other","29812","2016-08-09 16:24:53",2.31,-0.072,0.668,0.724,"other","Other","water","underwater","",2016-08-09 16:24:53
2,"2.other",14,"14.Other","29813","2016-08-09 16:24:53",2.31,-0.052,0.66,0.716,"other","Other","water","underwater","",2016-08-09 16:24:53
2,"2.other",14,"14.Other","29814","2016-08-09 16:24:53",2.31,-0.064,0.664,0.7,"other","Other","water","underwater","",2016-08-09 16:24:53
2,"2.other",14,"14.Other","29815","2016-08-09 16:24:53",2.31,-0.068,0.668,0.708,"other","Other","water","underwater","",2016-08-09 16:24:53
2,"2.other",14,"14.Other","29816","2016-08-09 16:24:53",2.31,-0.072,0.652,0.712,"other","Other","water","underwater","",2016-08-09 16:24:53
2,"2.other",14,"14.Other","29817","2016-08-09 16:24:53",2.31,-0.072,0.664,0.708,"other","Other","water","underwater","",2016-08-09 16:24:53
2,"2.other",14,"14.Other","29818","2016-08-09 16:24:54",2.31,-0.072,0.66,0.704,"other","Other","water","underwater","",2016-08-09 16:24:54
2,"2.other",14,"14.Other","29819","2016-08-09 16:24:54",2.31,-0.048,0.676,0.696,"other","Other","water","underwater","",2016-08-09 16:24:54
2,"2.other",14,"14.Other","29820","2016-08-09 16:24:54",2.34,-0.04,0.688,0.704,"other","Other","water","underwater","",2016-08-09 16:24:54
2,"2.other",14,"14.Other","29821","2016-08-09 16:24:54",2.31,-0.036,0.712,0.688,"other","Other","water","underwater","",2016-08-09 16:24:54
2,"2.other",14,"14.Other","29822","2016-08-09 16:24:54",2.34,-0.024,0.708,0.684,"other","Other","water","underwater","",2016-08-09 16:24:54
2,"2.other",14,"14.Other","29823","2016-08-09 16:24:54",2.34,-0.012,0.708,0.68,"other","Other","water","underwater","",2016-08-09 16:24:54
2,"2.other",14,"14.Other","29824","2016-08-09 16:24:54",2.31,-0.004,0.7,0.688,"other","Other","water","underwater","",2016-08-09 16:24:54
2,"2.other",14,"14.Other","29825","2016-08-09 16:24:54",2.31,0,0.684,0.692,"other","Other","water","underwater","",2016-08-09 16:24:54
2,"2.other",14,"14.Other","29826","2016-08-09 16:24:54",2.31,-0.004,0.704,0.708,"other","Other","water","underwater","",2016-08-09 16:24:54
2,"2.other",14,"14.Other","29827","2016-08-09 16:24:54",2.31,-0.008,0.716,0.7,"other","Other","water","underwater","",2016-08-09 16:24:54
2,"2.other",14,"14.Other","29828","2016-08-09 16:24:54",2.28,0,0.724,0.708,"other","Other","water","underwater","",2016-08-09 16:24:54
2,"2.other",14,"14.Other","29829","2016-08-09 16:24:54",2.31,0.008,0.736,0.692,"other","Other","water","underwater","",2016-08-09 16:24:54
2,"2.other",14,"14.Other","29830","2016-08-09 16:24:54",2.31,0.02,0.74,0.668,"other","Other","water","underwater","",2016-08-09 16:24:54
2,"2.other",14,"14.Other","29831","2016-08-09 16:24:54",2.28,0.048,0.768,0.676,"other","Other","water","underwater","",2016-08-09 16:24:54
2,"2.other",14,"14.Other","29832","2016-08-09 16:24:54",2.28,0.056,0.748,0.7,"other","Other","water","underwater","",2016-08-09 16:24:54
2,"2.other",14,"14.Other","29833","2016-08-09 16:24:54",2.28,0.072,0.756,0.704,"other","Other","water","underwater","",2016-08-09 16:24:54
2,"2.other",14,"14.Other","29834","2016-08-09 16:24:54",2.28,0.084,0.752,0.704,"other","Other","water","underwater","",2016-08-09 16:24:54
2,"2.other",14,"14.Other","29835","2016-08-09 16:24:54",2.28,0.104,0.72,0.7,"other","Other","water","underwater","",2016-08-09 16:24:54
2,"2.other",14,"14.Other","29836","2016-08-09 16:24:54",2.28,0.116,0.716,0.712,"other","Other","water","underwater","",2016-08-09 16:24:54
2,"2.other",14,"14.Other","29837","2016-08-09 16:24:54",2.28,0.132,0.708,0.704,"other","Other","water","underwater","",2016-08-09 16:24:54
2,"2.other",14,"14.Other","29838","2016-08-09 16:24:54",2.25,0.156,0.72,0.716,"other","Other","water","underwater","",2016-08-09 16:24:54
2,"2.other",14,"14.Other","29839","2016-08-09 16:24:54",2.21,0.176,0.728,0.72,"other","Other","water","underwater","",2016-08-09 16:24:54
2,"2.other",14,"14.Other","29840","2016-08-09 16:24:54",2.21,0.18,0.724,0.72,"other","Other","water","underwater","",2016-08-09 16:24:54
2,"2.other",14,"14.Other","29841","2016-08-09 16:24:54",2.21,0.196,0.728,0.708,"other","Other","water","underwater","",2016-08-09 16:24:54
2,"2.other",14,"14.Other","29842","2016-08-09 16:24:55",2.21,0.232,0.716,0.704,"other","Other","water","underwater","",2016-08-09 16:24:55
2,"2.other",14,"14.Other","29843","2016-08-09 16:24:55",2.18,0.252,0.728,0.712,"other","Other","water","underwater","",2016-08-09 16:24:55
2,"2.other",14,"14.Other","29844","2016-08-09 16:24:55",2.15,0.264,0.708,0.704,"other","Other","water","underwater","",2016-08-09 16:24:55
2,"2.other",14,"14.Other","29845","2016-08-09 16:24:55",2.18,0.264,0.696,0.688,"other","Other","water","underwater","",2016-08-09 16:24:55
2,"2.other",14,"14.Other","29846","2016-08-09 16:24:55",2.15,0.284,0.688,0.688,"other","Other","water","underwater","",2016-08-09 16:24:55
2,"2.other",14,"14.Other","29847","2016-08-09 16:24:55",2.12,0.3,0.688,0.688,"other","Other","water","underwater","",2016-08-09 16:24:55
2,"2.other",14,"14.Other","29848","2016-08-09 16:24:55",2.12,0.32,0.684,0.676,"other","Other","water","underwater","",2016-08-09 16:24:55
2,"2.other",14,"14.Other","29849","2016-08-09 16:24:55",2.12,0.312,0.688,0.676,"other","Other","water","underwater","",2016-08-09 16:24:55
2,"2.other",14,"14.Other","29850","2016-08-09 16:24:55",2.09,0.332,0.684,0.692,"other","Other","water","underwater","",2016-08-09 16:24:55
2,"2.other",14,"14.Other","29851","2016-08-09 16:24:55",2.06,0.36,0.656,0.688,"other","Other","water","underwater","",2016-08-09 16:24:55
2,"2.other",14,"14.Other","29852","2016-08-09 16:24:55",2.06,0.368,0.636,0.668,"other","Other","water","underwater","",2016-08-09 16:24:55
2,"2.other",14,"14.Other","29853","2016-08-09 16:24:55",2.03,0.368,0.62,0.676,"other","Other","water","underwater","",2016-08-09 16:24:55
2,"2.other",14,"14.Other","29854","2016-08-09 16:24:55",2,0.384,0.62,0.672,"other","Other","water","underwater","",2016-08-09 16:24:55
2,"2.other",14,"14.Other","29855","2016-08-09 16:24:55",2,0.392,0.644,0.664,"other","Other","water","underwater","",2016-08-09 16:24:55
2,"2.other",14,"14.Other","29856","2016-08-09 16:24:55",1.96,0.412,0.66,0.64,"other","Other","water","underwater","",2016-08-09 16:24:55
2,"2.other",14,"14.Other","29857","2016-08-09 16:24:55",1.96,0.424,0.672,0.624,"other","Other","water","underwater","",2016-08-09 16:24:55
2,"2.other",14,"14.Other","29858","2016-08-09 16:24:55",1.93,0.416,0.696,0.612,"other","Other","water","underwater","",2016-08-09 16:24:55
2,"2.other",14,"14.Other","29859","2016-08-09 16:24:55",1.9,0.424,0.696,0.592,"other","Other","water","underwater","",2016-08-09 16:24:55
2,"2.other",14,"14.Other","29860","2016-08-09 16:24:55",1.87,0.436,0.712,0.588,"other","Other","water","underwater","",2016-08-09 16:24:55
2,"2.other",14,"14.Other","29861","2016-08-09 16:24:55",1.84,0.428,0.724,0.56,"other","Other","water","underwater","",2016-08-09 16:24:55
2,"2.other",14,"14.Other","29862","2016-08-09 16:24:55",1.84,0.428,0.732,0.532,"other","Other","water","underwater","",2016-08-09 16:24:55
2,"2.other",14,"14.Other","29863","2016-08-09 16:24:55",1.81,0.428,0.748,0.544,"other","Other","water","underwater","",2016-08-09 16:24:55
2,"2.other",14,"14.Other","29864","2016-08-09 16:24:55",1.78,0.42,0.748,0.62,"other","Other","water","underwater","",2016-08-09 16:24:55
2,"2.other",14,"14.Other","29865","2016-08-09 16:24:55",1.78,0.412,0.78,0.62,"other","Other","water","underwater","",2016-08-09 16:24:55
2,"2.other",14,"14.Other","29866","2016-08-09 16:24:56",1.75,0.392,0.788,0.564,"other","Other","water","underwater","",2016-08-09 16:24:56
2,"2.other",14,"14.Other","29867","2016-08-09 16:24:56",1.68,0.404,0.756,0.608,"other","Other","water","underwater","",2016-08-09 16:24:56
2,"2.other",14,"14.Other","29868","2016-08-09 16:24:56",1.68,0.424,0.732,0.648,"other","Other","water","underwater","",2016-08-09 16:24:56
2,"2.other",14,"14.Other","29869","2016-08-09 16:24:56",1.65,0.42,0.66,0.628,"other","Other","water","underwater","",2016-08-09 16:24:56
2,"2.other",14,"14.Other","29870","2016-08-09 16:24:56",1.62,0.44,0.612,0.664,"other","Other","water","underwater","",2016-08-09 16:24:56
2,"2.other",14,"14.Other","29871","2016-08-09 16:24:56",1.59,0.504,0.556,0.7,"other","Other","water","underwater","",2016-08-09 16:24:56
2,"2.other",14,"14.Other","29872","2016-08-09 16:24:56",1.56,0.492,0.48,0.704,"other","Other","water","underwater","",2016-08-09 16:24:56
2,"2.other",14,"14.Other","29873","2016-08-09 16:24:56",1.56,0.5,0.396,0.688,"other","Other","water","underwater","",2016-08-09 16:24:56
2,"2.other",14,"14.Other","29874","2016-08-09 16:24:56",1.53,0.524,0.332,0.668,"other","Other","water","underwater","",2016-08-09 16:24:56
2,"2.other",14,"14.Other","29875","2016-08-09 16:24:56",1.5,0.576,0.232,0.676,"other","Other","water","underwater","",2016-08-09 16:24:56
2,"2.other",14,"14.Other","29876","2016-08-09 16:24:56",1.46,0.616,0.148,0.684,"other","Other","water","underwater","",2016-08-09 16:24:56
2,"2.other",14,"14.Other","29877","2016-08-09 16:24:56",1.43,0.636,0.072,0.64,"other","Other","water","underwater","",2016-08-09 16:24:56
2,"2.other",14,"14.Other","29878","2016-08-09 16:24:56",1.43,0.7,0,0.628,"other","Other","water","underwater","",2016-08-09 16:24:56
2,"2.other",14,"14.Other","29879","2016-08-09 16:24:56",1.4,0.78,-0.092,0.624,"other","Other","water","underwater","",2016-08-09 16:24:56
2,"2.other",14,"14.Other","29880","2016-08-09 16:24:56",1.37,0.844,-0.156,0.6,"other","Other","water","underwater","",2016-08-09 16:24:56
2,"2.other",14,"14.Other","29881","2016-08-09 16:24:56",1.37,0.884,-0.264,0.592,"other","Other","water","underwater","",2016-08-09 16:24:56
2,"2.other",14,"14.Other","29882","2016-08-09 16:24:56",1.31,0.928,-0.312,0.608,"other","Other","water","underwater","",2016-08-09 16:24:56
2,"2.other",14,"14.Other","29883","2016-08-09 16:24:56",1.28,0.968,-0.368,0.652,"other","Other","water","underwater","",2016-08-09 16:24:56
2,"2.other",14,"14.Other","29884","2016-08-09 16:24:56",1.21,0.988,-0.356,0.632,"other","Other","water","underwater","",2016-08-09 16:24:56
2,"2.other",14,"14.Other","29885","2016-08-09 16:24:56",1.18,1.004,-0.336,0.624,"other","Other","water","underwater","",2016-08-09 16:24:56
2,"2.other",14,"14.Other","29886","2016-08-09 16:24:56",1.12,1.044,-0.304,0.584,"other","Other","water","underwater","",2016-08-09 16:24:56
2,"2.other",14,"14.Other","29887","2016-08-09 16:24:56",1.09,1.076,-0.236,0.568,"other","Other","water","underwater","",2016-08-09 16:24:56
2,"2.other",14,"14.Other","29888","2016-08-09 16:24:56",0.96,1.104,-0.244,0.568,"other","Other","water","surface","",2016-08-09 16:24:56
2,"2.other",14,"14.Other","29889","2016-08-09 16:24:57",0.87,1.18,-0.36,0.512,"other","Other","water","surface","",2016-08-09 16:24:57
2,"2.other",14,"14.Other","29890","2016-08-09 16:24:57",0.78,1.152,-0.372,0.408,"other","Other","water","surface","",2016-08-09 16:24:57
2,"2.other",14,"14.Other","29891","2016-08-09 16:24:57",0.75,1.016,-0.16,0.236,"other","Other","water","surface","",2016-08-09 16:24:57
2,"2.other",14,"14.Other","29892","2016-08-09 16:24:57",0.75,0.756,-0.076,0.012,"other","Other","water","surface","",2016-08-09 16:24:57
2,"2.other",14,"14.Other","29893","2016-08-09 16:24:57",0.78,0.752,0.052,0.064,"other","Other","water","surface","",2016-08-09 16:24:57
2,"2.other",14,"14.Other","29894","2016-08-09 16:24:57",0.81,0.712,0.088,-0.032,"other","Other","water","surface","",2016-08-09 16:24:57
2,"2.other",14,"14.Other","29895","2016-08-09 16:24:57",0.81,0.908,0.16,0.088,"other","Other","water","surface","",2016-08-09 16:24:57
2,"2.other",14,"14.Other","29896","2016-08-09 16:24:57",0.81,1.128,0.14,0.036,"other","Other","water","surface","",2016-08-09 16:24:57
2,"2.other",14,"14.Other","29897","2016-08-09 16:24:57",0.81,1.076,0.132,-0.004,"other","Other","water","surface","",2016-08-09 16:24:57
2,"2.other",14,"14.Other","29898","2016-08-09 16:24:57",0.81,0.948,0.08,-0.188,"other","Other","water","surface","",2016-08-09 16:24:57
2,"2.other",14,"14.Other","29899","2016-08-09 16:24:57",0.78,0.644,0.06,-0.556,"other","Other","water","surface","",2016-08-09 16:24:57
2,"2.other",14,"14.Other","29900","2016-08-09 16:24:57",0.81,0.44,0.048,-0.416,"other","Other","water","surface","",2016-08-09 16:24:57
2,"2.other",14,"14.Other","29901","2016-08-09 16:24:57",0.81,0.652,-0.12,0.744,"other","Other","water","surface","",2016-08-09 16:24:57
2,"2.other",14,"14.Other","29902","2016-08-09 16:24:57",0.81,0.532,0.896,-0.432,"other","Other","water","surface","",2016-08-09 16:24:57
2,"2.other",14,"14.Other","29903","2016-08-09 16:24:57",0.81,0.424,0.704,0.104,"other","Other","water","surface","",2016-08-09 16:24:57
2,"2.other",14,"14.Other","29904","2016-08-09 16:24:57",0.81,0.576,0.584,0.392,"other","Other","water","surface","",2016-08-09 16:24:57
2,"2.other",14,"14.Other","29905","2016-08-09 16:24:57",0.81,0.652,0.252,0.48,"other","Other","water","surface","",2016-08-09 16:24:57
2,"2.other",14,"14.Other","29906","2016-08-09 16:24:57",0.81,0.58,0.008,0.48,"other","Other","water","surface","",2016-08-09 16:24:57
2,"2.other",14,"14.Other","29907","2016-08-09 16:24:57",0.81,0.564,-0.156,0.584,"other","Other","water","surface","",2016-08-09 16:24:57
2,"2.other",14,"14.Other","29908","2016-08-09 16:24:57",0.81,0.556,-0.192,0.66,"other","Other","water","surface","",2016-08-09 16:24:57
2,"2.other",14,"14.Other","29909","2016-08-09 16:24:57",0.81,0.468,-0.192,0.684,"other","Other","water","surface","",2016-08-09 16:24:57
2,"2.other",14,"14.Other","29910","2016-08-09 16:24:57",0.81,0.384,-0.152,0.744,"other","Other","water","surface","",2016-08-09 16:24:57
2,"2.other",14,"14.Other","29911","2016-08-09 16:24:57",0.81,0.3,-0.128,0.76,"other","Other","water","surface","",2016-08-09 16:24:57
2,"2.other",14,"14.Other","29912","2016-08-09 16:24:57",0.78,0.252,-0.164,0.768,"other","Other","water","surface","",2016-08-09 16:24:57
2,"2.other",14,"14.Other","29913","2016-08-09 16:24:58",0.78,0.22,-0.224,0.764,"other","Other","water","surface","",2016-08-09 16:24:58
2,"2.other",14,"14.Other","29914","2016-08-09 16:24:58",0.78,0.216,-0.292,0.788,"other","Other","water","surface","",2016-08-09 16:24:58
2,"2.other",14,"14.Other","29915","2016-08-09 16:24:58",0.78,0.176,-0.348,0.8,"other","Other","water","surface","",2016-08-09 16:24:58
2,"2.other",14,"14.Other","29916","2016-08-09 16:24:58",0.78,0.168,-0.384,0.824,"other","Other","water","surface","",2016-08-09 16:24:58
2,"2.other",14,"14.Other","29917","2016-08-09 16:24:58",0.81,0.128,-0.38,0.86,"other","Other","water","surface","",2016-08-09 16:24:58
2,"2.other",14,"14.Other","29918","2016-08-09 16:24:58",0.81,0.064,-0.36,0.884,"other","Other","water","surface","",2016-08-09 16:24:58
2,"2.other",14,"14.Other","29919","2016-08-09 16:24:58",0.78,0.02,-0.352,0.904,"other","Other","water","surface","",2016-08-09 16:24:58
2,"2.other",14,"14.Other","29920","2016-08-09 16:24:58",0.81,0.012,-0.372,0.9,"other","Other","water","surface","",2016-08-09 16:24:58
2,"2.other",14,"14.Other","29921","2016-08-09 16:24:58",0.78,0.008,-0.388,0.892,"other","Other","water","surface","",2016-08-09 16:24:58
2,"2.other",14,"14.Other","29922","2016-08-09 16:24:58",0.81,0.024,-0.34,0.888,"other","Other","water","surface","",2016-08-09 16:24:58
2,"2.other",14,"14.Other","29923","2016-08-09 16:24:58",0.81,0.048,-0.312,0.88,"other","Other","water","surface","",2016-08-09 16:24:58
2,"2.other",14,"14.Other","29924","2016-08-09 16:24:58",0.81,0.072,-0.28,0.864,"other","Other","water","surface","",2016-08-09 16:24:58
2,"2.other",14,"14.Other","29925","2016-08-09 16:24:58",0.81,0.124,-0.268,0.86,"other","Other","water","surface","",2016-08-09 16:24:58
2,"2.other",14,"14.Other","29926","2016-08-09 16:24:58",0.78,0.176,-0.248,0.848,"other","Other","water","surface","",2016-08-09 16:24:58
2,"2.other",14,"14.Other","29927","2016-08-09 16:24:58",0.81,0.2,-0.196,0.86,"other","Other","water","surface","",2016-08-09 16:24:58
2,"2.other",14,"14.Other","29928","2016-08-09 16:24:58",0.78,0.236,-0.16,0.84,"other","Other","water","surface","",2016-08-09 16:24:58
2,"2.other",14,"14.Other","29929","2016-08-09 16:24:58",0.81,0.268,-0.144,0.836,"other","Other","water","surface","",2016-08-09 16:24:58
2,"2.other",14,"14.Other","29930","2016-08-09 16:24:58",0.81,0.284,-0.124,0.828,"other","Other","water","surface","",2016-08-09 16:24:58
2,"2.other",14,"14.Other","29931","2016-08-09 16:24:58",0.81,0.296,-0.08,0.816,"other","Other","water","surface","",2016-08-09 16:24:58
2,"2.other",14,"14.Other","29932","2016-08-09 16:24:58",0.81,0.34,-0.056,0.804,"other","Other","water","surface","",2016-08-09 16:24:58
2,"2.other",14,"14.Other","29933","2016-08-09 16:24:58",0.78,0.408,-0.024,0.788,"other","Other","water","surface","",2016-08-09 16:24:58
2,"2.other",14,"14.Other","29934","2016-08-09 16:24:58",0.81,0.464,-0.024,0.792,"other","Other","water","surface","",2016-08-09 16:24:58
2,"2.other",14,"14.Other","29935","2016-08-09 16:24:58",0.81,0.504,0.028,0.748,"other","Other","water","surface","",2016-08-09 16:24:58
2,"2.other",14,"14.Other","29936","2016-08-09 16:24:58",0.81,0.528,0.024,0.736,"other","Other","water","surface","",2016-08-09 16:24:58
2,"2.other",14,"14.Other","29937","2016-08-09 16:24:59",0.78,0.576,0,0.716,"other","Other","water","surface","",2016-08-09 16:24:59
2,"2.other",14,"14.Other","29938","2016-08-09 16:24:59",0.78,0.636,-0.036,0.7,"other","Other","water","surface","",2016-08-09 16:24:59
2,"2.other",14,"14.Other","29939","2016-08-09 16:24:59",0.81,0.668,-0.044,0.696,"other","Other","water","surface","",2016-08-09 16:24:59
2,"2.other",14,"14.Other","29940","2016-08-09 16:24:59",0.81,0.644,-0.068,0.692,"other","Other","water","surface","",2016-08-09 16:24:59
2,"2.other",14,"14.Other","29941","2016-08-09 16:24:59",0.81,0.652,-0.072,0.712,"other","Other","water","surface","",2016-08-09 16:24:59
2,"2.other",14,"14.Other","29942","2016-08-09 16:24:59",0.78,0.664,-0.156,0.736,"other","Other","water","surface","",2016-08-09 16:24:59
2,"2.other",14,"14.Other","29943","2016-08-09 16:24:59",0.78,0.652,-0.136,0.732,"other","Other","water","surface","",2016-08-09 16:24:59
2,"2.other",14,"14.Other","29944","2016-08-09 16:24:59",0.81,0.652,-0.104,0.668,"other","Other","water","surface","",2016-08-09 16:24:59
2,"2.other",14,"14.Other","29945","2016-08-09 16:24:59",0.78,0.648,-0.124,0.528,"other","Other","water","surface","",2016-08-09 16:24:59
2,"2.other",14,"14.Other","29946","2016-08-09 16:24:59",0.78,0.5,-0.148,0.456,"other","Other","water","surface","",2016-08-09 16:24:59
2,"2.other",14,"14.Other","29947","2016-08-09 16:24:59",0.78,0.34,-0.192,0.32,"other","Other","water","surface","",2016-08-09 16:24:59
2,"2.other",14,"14.Other","29948","2016-08-09 16:24:59",0.81,0.224,0.1,0.308,"other","Other","water","surface","",2016-08-09 16:24:59
2,"2.other",14,"14.Other","29949","2016-08-09 16:24:59",0.78,-0.04,0.74,0.428,"other","Other","water","surface","",2016-08-09 16:24:59
2,"2.other",14,"14.Other","29950","2016-08-09 16:24:59",0.81,-0.124,1.148,0.168,"other","Other","water","surface","",2016-08-09 16:24:59
2,"2.other",14,"14.Other","29951","2016-08-09 16:24:59",0.81,0.136,0.396,0.504,"other","Other","water","surface","",2016-08-09 16:24:59
2,"2.other",14,"14.Other","29952","2016-08-09 16:24:59",0.81,0.072,0.712,0.496,"other","Other","water","surface","",2016-08-09 16:24:59
2,"2.other",14,"14.Other","29953","2016-08-09 16:24:59",0.78,-0.072,0.712,0.564,"other","Other","water","surface","",2016-08-09 16:24:59
2,"2.other",14,"14.Other","29954","2016-08-09 16:24:59",0.81,-0.344,0.804,0.684,"other","Other","water","surface","",2016-08-09 16:24:59
2,"2.other",14,"14.Other","29955","2016-08-09 16:24:59",0.81,-0.528,1,0.804,"other","Other","water","surface","",2016-08-09 16:24:59
2,"2.other",14,"14.Other","29956","2016-08-09 16:24:59",0.78,-0.8,1.44,0.8,"other","Other","water","surface","",2016-08-09 16:24:59
2,"2.other",14,"14.Other","29957","2016-08-09 16:24:59",0.87,-0.688,0.972,0.46,"other","Other","water","surface","",2016-08-09 16:24:59
2,"2.other",14,"14.Other","29958","2016-08-09 16:24:59",0.93,-0.52,1.028,0.412,"other","Other","water","surface","",2016-08-09 16:24:59
2,"2.other",14,"14.Other","29959","2016-08-09 16:24:59",1,-0.412,1.008,0.532,"other","Other","water","surface","",2016-08-09 16:24:59
2,"2.other",14,"14.Other","29960","2016-08-09 16:24:59",1.06,-0.236,1.052,0.64,"other","Other","water","underwater","",2016-08-09 16:24:59
2,"2.other",14,"14.Other","29961","2016-08-09 16:25:00",1.09,-0.352,0.956,0.584,"other","Other","water","underwater","",2016-08-09 16:25:00
2,"2.other",14,"14.Other","29962","2016-08-09 16:25:00",1.12,-0.412,0.928,0.588,"other","Other","water","underwater","",2016-08-09 16:25:00
2,"2.other",14,"14.Other","29963","2016-08-09 16:25:00",1.12,-0.416,0.84,0.58,"other","Other","water","underwater","",2016-08-09 16:25:00
2,"2.other",14,"14.Other","29964","2016-08-09 16:25:00",1.15,-0.392,0.808,0.584,"other","Other","water","underwater","",2016-08-09 16:25:00
2,"2.other",14,"14.Other","29965","2016-08-09 16:25:00",1.15,-0.392,0.756,0.568,"other","Other","water","underwater","",2016-08-09 16:25:00
2,"2.other",14,"14.Other","29966","2016-08-09 16:25:00",1.18,-0.416,0.696,0.608,"other","Other","water","underwater","",2016-08-09 16:25:00
2,"2.other",14,"14.Other","29967","2016-08-09 16:25:00",1.21,-0.412,0.652,0.656,"other","Other","water","underwater","",2016-08-09 16:25:00
2,"2.other",14,"14.Other","29968","2016-08-09 16:25:00",1.21,-0.384,0.6,0.696,"other","Other","water","underwater","",2016-08-09 16:25:00
2,"2.other",14,"14.Other","29969","2016-08-09 16:25:00",1.25,-0.384,0.556,0.728,"other","Other","water","underwater","",2016-08-09 16:25:00
2,"2.other",14,"14.Other","29970","2016-08-09 16:25:00",1.25,-0.392,0.544,0.776,"other","Other","water","underwater","",2016-08-09 16:25:00
2,"2.other",14,"14.Other","29971","2016-08-09 16:25:00",1.28,-0.344,0.524,0.828,"other","Other","water","underwater","",2016-08-09 16:25:00
2,"2.other",14,"14.Other","29972","2016-08-09 16:25:00",1.31,-0.292,0.536,0.828,"other","Other","water","underwater","",2016-08-09 16:25:00
2,"2.other",14,"14.Other","29973","2016-08-09 16:25:00",1.31,-0.292,0.572,0.796,"other","Other","water","underwater","",2016-08-09 16:25:00
2,"2.other",14,"14.Other","29974","2016-08-09 16:25:00",1.34,-0.276,0.556,0.78,"other","Other","water","underwater","",2016-08-09 16:25:00
2,"2.other",14,"14.Other","29975","2016-08-09 16:25:00",1.37,-0.24,0.56,0.768,"other","Other","water","underwater","",2016-08-09 16:25:00
2,"2.other",14,"14.Other","29976","2016-08-09 16:25:00",1.37,-0.208,0.592,0.764,"other","Other","water","underwater","",2016-08-09 16:25:00
2,"2.other",14,"14.Other","29977","2016-08-09 16:25:00",1.4,-0.172,0.628,0.744,"other","Other","water","underwater","",2016-08-09 16:25:00
2,"2.other",14,"14.Other","29978","2016-08-09 16:25:00",1.4,-0.176,0.688,0.704,"other","Other","water","underwater","",2016-08-09 16:25:00
2,"2.other",14,"14.Other","29979","2016-08-09 16:25:00",1.43,-0.16,0.7,0.688,"other","Other","water","underwater","",2016-08-09 16:25:00
2,"2.other",14,"14.Other","29980","2016-08-09 16:25:00",1.43,-0.132,0.72,0.688,"other","Other","water","underwater","",2016-08-09 16:25:00
2,"2.other",14,"14.Other","29981","2016-08-09 16:25:00",1.43,-0.096,0.748,0.684,"other","Other","water","underwater","",2016-08-09 16:25:00
2,"2.other",14,"14.Other","29982","2016-08-09 16:25:00",1.46,-0.076,0.772,0.684,"other","Other","water","underwater","",2016-08-09 16:25:00
2,"2.other",14,"14.Other","29983","2016-08-09 16:25:00",1.46,-0.048,0.792,0.676,"other","Other","water","underwater","",2016-08-09 16:25:00
2,"2.other",14,"14.Other","29984","2016-08-09 16:25:00",1.46,-0.04,0.832,0.66,"other","Other","water","underwater","",2016-08-09 16:25:00
2,"2.other",14,"14.Other","29985","2016-08-09 16:25:01",1.5,-0.036,0.848,0.632,"other","Other","water","underwater","",2016-08-09 16:25:01
2,"2.other",14,"14.Other","29986","2016-08-09 16:25:01",1.5,-0.02,0.864,0.592,"other","Other","water","underwater","",2016-08-09 16:25:01
2,"2.other",14,"14.Other","29987","2016-08-09 16:25:01",1.5,-0.024,0.888,0.568,"other","Other","water","underwater","",2016-08-09 16:25:01
2,"2.other",14,"14.Other","29988","2016-08-09 16:25:01",1.5,-0.016,0.92,0.548,"other","Other","water","underwater","",2016-08-09 16:25:01
2,"2.other",14,"14.Other","29989","2016-08-09 16:25:01",1.53,-0.004,0.924,0.548,"other","Other","water","underwater","",2016-08-09 16:25:01
2,"2.other",14,"14.Other","29990","2016-08-09 16:25:01",1.53,0.016,0.932,0.536,"other","Other","water","underwater","",2016-08-09 16:25:01
2,"2.other",14,"14.Other","29991","2016-08-09 16:25:01",1.5,0.016,0.952,0.536,"other","Other","water","underwater","",2016-08-09 16:25:01
2,"2.other",14,"14.Other","29992","2016-08-09 16:25:01",1.5,0.02,0.952,0.52,"other","Other","water","underwater","",2016-08-09 16:25:01
2,"2.other",14,"14.Other","29993","2016-08-09 16:25:01",1.53,0.044,0.928,0.516,"other","Other","water","underwater","",2016-08-09 16:25:01
2,"2.other",14,"14.Other","29994","2016-08-09 16:25:01",1.5,0.072,0.908,0.516,"other","Other","water","underwater","",2016-08-09 16:25:01
2,"2.other",14,"14.Other","29995","2016-08-09 16:25:01",1.53,0.092,0.892,0.528,"other","Other","water","underwater","",2016-08-09 16:25:01
2,"2.other",14,"14.Other","29996","2016-08-09 16:25:01",1.5,0.12,0.888,0.548,"other","Other","water","underwater","",2016-08-09 16:25:01
2,"2.other",14,"14.Other","29997","2016-08-09 16:25:01",1.5,0.144,0.848,0.56,"other","Other","water","underwater","",2016-08-09 16:25:01
2,"2.other",14,"14.Other","29998","2016-08-09 16:25:01",1.5,0.172,0.828,0.576,"other","Other","water","underwater","",2016-08-09 16:25:01
2,"2.other",14,"14.Other","29999","2016-08-09 16:25:01",1.5,0.172,0.828,0.548,"other","Other","water","underwater","",2016-08-09 16:25:01
2,"2.other",14,"14.Other","30000","2016-08-09 16:25:01",1.5,0.232,0.764,0.612,"other","Other","water","underwater","",2016-08-09 16:25:01
2,"2.other",14,"14.Other","30001","2016-08-09 16:25:01",1.46,0.22,0.72,0.636,"other","Other","water","underwater","",2016-08-09 16:25:01
2,"2.other",14,"14.Other","30002","2016-08-09 16:25:01",1.46,0.236,0.7,0.664,"other","Other","water","underwater","",2016-08-09 16:25:01
2,"2.other",14,"14.Other","30003","2016-08-09 16:25:01",1.46,0.188,0.716,0.628,"other","Other","water","underwater","",2016-08-09 16:25:01
2,"2.other",14,"14.Other","30004","2016-08-09 16:25:01",1.46,0.164,0.728,0.608,"other","Other","water","underwater","",2016-08-09 16:25:01
2,"2.other",14,"14.Other","30005","2016-08-09 16:25:01",1.46,0.132,0.736,0.584,"other","Other","water","underwater","",2016-08-09 16:25:01
2,"2.other",14,"14.Other","30006","2016-08-09 16:25:01",1.46,0.108,0.748,0.52,"other","Other","water","underwater","",2016-08-09 16:25:01
2,"2.other",14,"14.Other","30007","2016-08-09 16:25:01",1.46,0.12,0.768,0.44,"other","Other","water","underwater","",2016-08-09 16:25:01
2,"2.other",14,"14.Other","30008","2016-08-09 16:25:02",1.46,0.136,0.828,0.4,"other","Other","water","underwater","",2016-08-09 16:25:02
2,"2.other",14,"14.Other","30009","2016-08-09 16:25:02",1.46,0.144,0.892,0.34,"other","Other","water","underwater","",2016-08-09 16:25:02
2,"2.other",14,"14.Other","30010","2016-08-09 16:25:02",1.46,0.112,0.936,0.304,"other","Other","water","underwater","",2016-08-09 16:25:02
2,"2.other",14,"14.Other","30011","2016-08-09 16:25:02",1.46,0.092,0.948,0.26,"other","Other","water","underwater","",2016-08-09 16:25:02
2,"2.other",14,"14.Other","30012","2016-08-09 16:25:02",1.46,0.06,0.944,0.204,"other","Other","water","underwater","",2016-08-09 16:25:02
2,"2.other",14,"14.Other","30013","2016-08-09 16:25:02",1.46,0.036,0.94,0.16,"other","Other","water","underwater","",2016-08-09 16:25:02
2,"2.other",14,"14.Other","30014","2016-08-09 16:25:02",1.46,0.024,0.952,0.112,"other","Other","water","underwater","",2016-08-09 16:25:02
2,"2.other",14,"14.Other","30015","2016-08-09 16:25:02",1.5,0.02,0.96,0.048,"other","Other","water","underwater","",2016-08-09 16:25:02
2,"2.other",14,"14.Other","30016","2016-08-09 16:25:02",1.5,0.024,0.952,-0.024,"other","Other","water","underwater","",2016-08-09 16:25:02
2,"2.other",14,"14.Other","30017","2016-08-09 16:25:02",1.53,0.012,0.96,-0.108,"other","Other","water","underwater","",2016-08-09 16:25:02
2,"2.other",14,"14.Other","30018","2016-08-09 16:25:02",1.53,0.004,0.972,-0.192,"other","Other","water","underwater","",2016-08-09 16:25:02
2,"2.other",14,"14.Other","30019","2016-08-09 16:25:02",1.53,-0.012,0.992,-0.276,"other","Other","water","underwater","",2016-08-09 16:25:02
2,"2.other",14,"14.Other","30020","2016-08-09 16:25:02",1.53,-0.02,1.004,-0.356,"other","Other","water","underwater","",2016-08-09 16:25:02
2,"2.other",14,"14.Other","30021","2016-08-09 16:25:02",1.56,-0.02,1.028,-0.428,"other","Other","water","underwater","",2016-08-09 16:25:02
2,"2.other",14,"14.Other","30022","2016-08-09 16:25:02",1.56,-0.024,1.044,-0.496,"other","Other","water","underwater","",2016-08-09 16:25:02
2,"2.other",14,"14.Other","30023","2016-08-09 16:25:02",1.56,-0.012,1.048,-0.568,"other","Other","water","underwater","",2016-08-09 16:25:02
2,"2.other",14,"14.Other","30024","2016-08-09 16:25:02",1.56,-0.004,1.024,-0.644,"other","Other","water","underwater","",2016-08-09 16:25:02
2,"2.other",14,"14.Other","30025","2016-08-09 16:25:02",1.56,-0.016,0.976,-0.68,"other","Other","water","underwater","",2016-08-09 16:25:02
2,"2.other",14,"14.Other","30026","2016-08-09 16:25:02",1.59,-0.032,0.924,-0.696,"other","Other","water","underwater","",2016-08-09 16:25:02
2,"2.other",14,"14.Other","30027","2016-08-09 16:25:02",1.59,-0.06,0.844,-0.724,"other","Other","water","underwater","",2016-08-09 16:25:02
2,"2.other",14,"14.Other","30028","2016-08-09 16:25:02",1.59,-0.084,0.808,-0.74,"other","Other","water","underwater","",2016-08-09 16:25:02
2,"2.other",14,"14.Other","30029","2016-08-09 16:25:02",1.59,-0.1,0.784,-0.74,"other","Other","water","underwater","",2016-08-09 16:25:02
2,"2.other",14,"14.Other","30030","2016-08-09 16:25:02",1.56,-0.12,0.764,-0.74,"other","Other","water","underwater","",2016-08-09 16:25:02
2,"2.other",14,"14.Other","30031","2016-08-09 16:25:02",1.59,-0.14,0.768,-0.74,"other","Other","water","underwater","",2016-08-09 16:25:02
2,"2.other",14,"14.Other","30032","2016-08-09 16:25:03",1.59,-0.16,0.764,-0.74,"other","Other","water","underwater","",2016-08-09 16:25:03
2,"2.other",14,"14.Other","30033","2016-08-09 16:25:03",1.59,-0.172,0.732,-0.732,"other","Other","water","underwater","",2016-08-09 16:25:03
2,"2.other",14,"14.Other","30034","2016-08-09 16:25:03",1.59,-0.188,0.688,-0.748,"other","Other","water","underwater","",2016-08-09 16:25:03
2,"2.other",14,"14.Other","30035","2016-08-09 16:25:03",1.59,-0.192,0.648,-0.74,"other","Other","water","underwater","",2016-08-09 16:25:03
2,"2.other",14,"14.Other","30036","2016-08-09 16:25:03",1.59,-0.2,0.64,-0.748,"other","Other","water","underwater","",2016-08-09 16:25:03
2,"2.other",14,"14.Other","30037","2016-08-09 16:25:03",1.59,-0.208,0.616,-0.76,"other","Other","water","underwater","",2016-08-09 16:25:03
2,"2.other",14,"14.Other","30038","2016-08-09 16:25:03",1.62,-0.208,0.604,-0.776,"other","Other","water","underwater","",2016-08-09 16:25:03
2,"2.other",14,"14.Other","30039","2016-08-09 16:25:03",1.62,-0.196,0.584,-0.804,"other","Other","water","underwater","",2016-08-09 16:25:03
2,"2.other",14,"14.Other","30040","2016-08-09 16:25:03",1.62,-0.18,0.576,-0.824,"other","Other","water","underwater","",2016-08-09 16:25:03
2,"2.other",14,"14.Other","30041","2016-08-09 16:25:03",1.62,-0.148,0.56,-0.844,"other","Other","water","underwater","",2016-08-09 16:25:03
2,"2.other",14,"14.Other","30042","2016-08-09 16:25:03",1.65,-0.112,0.568,-0.864,"other","Other","water","underwater","",2016-08-09 16:25:03
2,"2.other",14,"14.Other","30043","2016-08-09 16:25:03",1.65,-0.108,0.592,-0.924,"other","Other","water","underwater","",2016-08-09 16:25:03
2,"2.other",14,"14.Other","30044","2016-08-09 16:25:03",1.65,-0.116,0.608,-0.964,"other","Other","water","underwater","",2016-08-09 16:25:03
2,"2.other",14,"14.Other","30045","2016-08-09 16:25:03",1.65,-0.128,0.588,-0.98,"other","Other","water","underwater","",2016-08-09 16:25:03
2,"2.other",14,"14.Other","30046","2016-08-09 16:25:03",1.65,-0.148,0.544,-0.984,"other","Other","water","underwater","",2016-08-09 16:25:03
2,"2.other",14,"14.Other","30047","2016-08-09 16:25:03",1.65,-0.152,0.504,-0.972,"other","Other","water","underwater","",2016-08-09 16:25:03
2,"2.other",14,"14.Other","30048","2016-08-09 16:25:03",1.65,-0.148,0.472,-0.952,"other","Other","water","underwater","",2016-08-09 16:25:03
2,"2.other",14,"14.Other","30049","2016-08-09 16:25:03",1.65,-0.164,0.468,-0.964,"other","Other","water","underwater","",2016-08-09 16:25:03
2,"2.other",14,"14.Other","30050","2016-08-09 16:25:03",1.65,-0.168,0.484,-0.96,"other","Other","water","underwater","",2016-08-09 16:25:03
2,"2.other",14,"14.Other","30051","2016-08-09 16:25:03",1.65,-0.168,0.492,-0.96,"other","Other","water","underwater","",2016-08-09 16:25:03
2,"2.other",14,"14.Other","30052","2016-08-09 16:25:03",1.68,-0.152,0.52,-0.932,"other","Other","water","underwater","",2016-08-09 16:25:03
2,"2.other",14,"14.Other","30053","2016-08-09 16:25:03",1.68,-0.132,0.532,-0.908,"other","Other","water","underwater","",2016-08-09 16:25:03
2,"2.other",14,"14.Other","30054","2016-08-09 16:25:03",1.68,-0.116,0.568,-0.88,"other","Other","water","underwater","",2016-08-09 16:25:03
2,"2.other",14,"14.Other","30055","2016-08-09 16:25:03",1.68,-0.116,0.572,-0.884,"other","Other","water","underwater","",2016-08-09 16:25:03
2,"2.other",14,"14.Other","30056","2016-08-09 16:25:04",1.68,-0.116,0.568,-0.908,"other","Other","water","underwater","",2016-08-09 16:25:04
2,"2.other",14,"14.Other","30057","2016-08-09 16:25:04",1.68,-0.116,0.58,-0.88,"other","Other","water","underwater","",2016-08-09 16:25:04
2,"2.other",14,"14.Other","30058","2016-08-09 16:25:04",1.68,-0.1,0.572,-0.864,"other","Other","water","underwater","",2016-08-09 16:25:04
2,"2.other",14,"14.Other","30059","2016-08-09 16:25:04",1.68,-0.1,0.568,-0.888,"other","Other","water","underwater","",2016-08-09 16:25:04
2,"2.other",14,"14.Other","30060","2016-08-09 16:25:04",1.68,-0.088,0.54,-0.892,"other","Other","water","underwater","",2016-08-09 16:25:04
2,"2.other",14,"14.Other","30061","2016-08-09 16:25:04",1.68,-0.084,0.508,-0.904,"other","Other","water","underwater","",2016-08-09 16:25:04
2,"2.other",14,"14.Other","30062","2016-08-09 16:25:04",1.68,-0.064,0.484,-0.912,"other","Other","water","underwater","",2016-08-09 16:25:04
2,"2.other",14,"14.Other","30063","2016-08-09 16:25:04",1.68,-0.06,0.456,-0.916,"other","Other","water","underwater","",2016-08-09 16:25:04
2,"2.other",14,"14.Other","30064","2016-08-09 16:25:04",1.71,-0.06,0.432,-0.92,"other","Other","water","underwater","",2016-08-09 16:25:04
2,"2.other",14,"14.Other","30065","2016-08-09 16:25:04",1.71,-0.072,0.408,-0.94,"other","Other","water","underwater","",2016-08-09 16:25:04
2,"2.other",14,"14.Other","30066","2016-08-09 16:25:04",1.71,-0.088,0.404,-0.968,"other","Other","water","underwater","",2016-08-09 16:25:04
2,"2.other",14,"14.Other","30067","2016-08-09 16:25:04",1.71,-0.108,0.396,-0.996,"other","Other","water","underwater","",2016-08-09 16:25:04
2,"2.other",14,"14.Other","30068","2016-08-09 16:25:04",1.71,-0.08,0.388,-1,"other","Other","water","underwater","",2016-08-09 16:25:04
2,"2.other",14,"14.Other","30069","2016-08-09 16:25:04",1.75,-0.08,0.36,-1.016,"other","Other","water","underwater","",2016-08-09 16:25:04
2,"2.other",14,"14.Other","30070","2016-08-09 16:25:04",1.71,-0.076,0.344,-1.044,"other","Other","water","underwater","",2016-08-09 16:25:04
2,"2.other",14,"14.Other","30071","2016-08-09 16:25:04",1.75,-0.056,0.336,-1.052,"other","Other","water","underwater","",2016-08-09 16:25:04
2,"2.other",14,"14.Other","30072","2016-08-09 16:25:04",1.75,-0.052,0.32,-1.048,"other","Other","water","underwater","",2016-08-09 16:25:04
2,"2.other",14,"14.Other","30073","2016-08-09 16:25:04",1.75,-0.044,0.296,-1.044,"other","Other","water","underwater","",2016-08-09 16:25:04
2,"2.other",14,"14.Other","30074","2016-08-09 16:25:04",1.75,-0.024,0.28,-1.04,"other","Other","water","underwater","",2016-08-09 16:25:04
2,"2.other",14,"14.Other","30075","2016-08-09 16:25:04",1.75,-0.016,0.256,-1.036,"other","Other","water","underwater","",2016-08-09 16:25:04
2,"2.other",14,"14.Other","30076","2016-08-09 16:25:04",1.75,-0.008,0.244,-1.036,"other","Other","water","underwater","",2016-08-09 16:25:04
2,"2.other",14,"14.Other","30077","2016-08-09 16:25:04",1.75,-0.008,0.244,-1.044,"other","Other","water","underwater","",2016-08-09 16:25:04
2,"2.other",14,"14.Other","30078","2016-08-09 16:25:04",1.75,-0.004,0.236,-1.04,"other","Other","water","underwater","",2016-08-09 16:25:04
2,"2.other",14,"14.Other","30079","2016-08-09 16:25:04",1.75,0.004,0.232,-1.044,"other","Other","water","underwater","",2016-08-09 16:25:04
2,"2.other",14,"14.Other","30080","2016-08-09 16:25:05",1.75,0.02,0.228,-1.044,"other","Other","water","underwater","",2016-08-09 16:25:05
2,"2.other",14,"14.Other","30081","2016-08-09 16:25:05",1.75,0.02,0.212,-1.044,"other","Other","water","underwater","",2016-08-09 16:25:05
2,"2.other",14,"14.Other","30082","2016-08-09 16:25:05",1.71,0.024,0.212,-1.048,"other","Other","water","underwater","",2016-08-09 16:25:05
2,"2.other",14,"14.Other","30083","2016-08-09 16:25:05",1.71,0.04,0.196,-1.04,"other","Other","water","underwater","",2016-08-09 16:25:05
2,"2.other",14,"14.Other","30084","2016-08-09 16:25:05",1.75,0.052,0.176,-1.044,"other","Other","water","underwater","",2016-08-09 16:25:05
2,"2.other",14,"14.Other","30085","2016-08-09 16:25:05",1.71,0.056,0.168,-1.052,"other","Other","water","underwater","",2016-08-09 16:25:05
2,"2.other",14,"14.Other","30086","2016-08-09 16:25:05",1.75,0.08,0.164,-1.052,"other","Other","water","underwater","",2016-08-09 16:25:05
2,"2.other",14,"14.Other","30087","2016-08-09 16:25:05",1.75,0.084,0.152,-1.056,"other","Other","water","underwater","",2016-08-09 16:25:05
2,"2.other",14,"14.Other","30088","2016-08-09 16:25:05",1.71,0.1,0.136,-1.056,"other","Other","water","underwater","",2016-08-09 16:25:05
2,"2.other",14,"14.Other","30089","2016-08-09 16:25:05",1.71,0.096,0.128,-1.048,"other","Other","water","underwater","",2016-08-09 16:25:05
2,"2.other",14,"14.Other","30090","2016-08-09 16:25:05",1.71,0.1,0.104,-1.048,"other","Other","water","underwater","",2016-08-09 16:25:05
2,"2.other",14,"14.Other","30091","2016-08-09 16:25:05",1.71,0.108,0.108,-1.048,"other","Other","water","underwater","",2016-08-09 16:25:05
2,"2.other",14,"14.Other","30092","2016-08-09 16:25:05",1.71,0.116,0.096,-1.04,"other","Other","water","underwater","",2016-08-09 16:25:05
2,"2.other",14,"14.Other","30093","2016-08-09 16:25:05",1.68,0.124,0.096,-1.04,"other","Other","water","underwater","",2016-08-09 16:25:05
2,"2.other",14,"14.Other","30094","2016-08-09 16:25:05",1.68,0.128,0.088,-1.044,"other","Other","water","underwater","",2016-08-09 16:25:05
2,"2.other",14,"14.Other","30095","2016-08-09 16:25:05",1.68,0.136,0.092,-1.044,"other","Other","water","underwater","",2016-08-09 16:25:05
2,"2.other",14,"14.Other","30096","2016-08-09 16:25:05",1.68,0.148,0.084,-1.044,"other","Other","water","underwater","",2016-08-09 16:25:05
2,"2.other",14,"14.Other","30097","2016-08-09 16:25:05",1.65,0.156,0.068,-1.04,"other","Other","water","underwater","",2016-08-09 16:25:05
2,"2.other",14,"14.Other","30098","2016-08-09 16:25:05",1.68,0.156,0.06,-1.04,"other","Other","water","underwater","",2016-08-09 16:25:05
2,"2.other",14,"14.Other","30099","2016-08-09 16:25:05",1.65,0.16,0.06,-1.028,"other","Other","water","underwater","",2016-08-09 16:25:05
2,"2.other",14,"14.Other","30100","2016-08-09 16:25:05",1.62,0.164,0.052,-1.036,"other","Other","water","underwater","",2016-08-09 16:25:05
2,"2.other",14,"14.Other","30101","2016-08-09 16:25:05",1.62,0.16,0.048,-1.024,"other","Other","water","underwater","",2016-08-09 16:25:05
2,"2.other",14,"14.Other","30102","2016-08-09 16:25:05",1.62,0.156,0.028,-1.04,"other","Other","water","underwater","",2016-08-09 16:25:05
2,"2.other",14,"14.Other","30103","2016-08-09 16:25:05",1.62,0.148,0.024,-1.048,"other","Other","water","underwater","",2016-08-09 16:25:05
2,"2.other",14,"14.Other","30104","2016-08-09 16:25:06",1.62,0.128,0.028,-1.072,"other","Other","water","underwater","",2016-08-09 16:25:06
2,"2.other",14,"14.Other","30105","2016-08-09 16:25:06",1.62,0.116,0.024,-1.056,"other","Other","water","underwater","",2016-08-09 16:25:06
2,"2.other",14,"14.Other","30106","2016-08-09 16:25:06",1.59,0.116,0.024,-1.048,"other","Other","water","underwater","",2016-08-09 16:25:06
2,"2.other",14,"14.Other","30107","2016-08-09 16:25:06",1.59,0.104,0.012,-1.04,"other","Other","water","underwater","",2016-08-09 16:25:06
2,"2.other",14,"14.Other","30108","2016-08-09 16:25:06",1.59,0.112,0.008,-1.044,"other","Other","water","underwater","",2016-08-09 16:25:06
2,"2.other",14,"14.Other","30109","2016-08-09 16:25:06",1.59,0.1,0.012,-1.048,"other","Other","water","underwater","",2016-08-09 16:25:06
2,"2.other",14,"14.Other","30110","2016-08-09 16:25:06",1.59,0.072,0.024,-1.048,"other","Other","water","underwater","",2016-08-09 16:25:06
2,"2.other",14,"14.Other","30111","2016-08-09 16:25:06",1.59,0.04,0.052,-1.028,"other","Other","water","underwater","",2016-08-09 16:25:06
2,"2.other",14,"14.Other","30112","2016-08-09 16:25:06",1.56,0.02,0.06,-0.992,"other","Other","water","underwater","",2016-08-09 16:25:06
2,"2.other",14,"14.Other","30113","2016-08-09 16:25:06",1.56,0.024,0.08,-0.972,"other","Other","water","underwater","",2016-08-09 16:25:06
2,"2.other",14,"14.Other","30114","2016-08-09 16:25:06",1.56,0.024,0.088,-1.016,"other","Other","water","underwater","",2016-08-09 16:25:06
2,"2.other",14,"14.Other","30115","2016-08-09 16:25:06",1.56,0.028,0.08,-1.016,"other","Other","water","underwater","",2016-08-09 16:25:06
2,"2.other",14,"14.Other","30116","2016-08-09 16:25:06",1.56,0.06,0.08,-1,"other","Other","water","underwater","",2016-08-09 16:25:06
2,"2.other",14,"14.Other","30117","2016-08-09 16:25:06",1.56,0.072,0.076,-0.988,"other","Other","water","underwater","",2016-08-09 16:25:06
2,"2.other",14,"14.Other","30118","2016-08-09 16:25:06",1.56,0.088,0.108,-0.984,"other","Other","water","underwater","",2016-08-09 16:25:06
2,"2.other",14,"14.Other","30119","2016-08-09 16:25:06",1.56,0.12,0.092,-0.972,"other","Other","water","underwater","",2016-08-09 16:25:06
2,"2.other",14,"14.Other","30120","2016-08-09 16:25:06",1.56,0.136,0.064,-0.972,"other","Other","water","underwater","",2016-08-09 16:25:06
2,"2.other",14,"14.Other","30121","2016-08-09 16:25:06",1.56,0.168,0.08,-0.956,"other","Other","water","underwater","",2016-08-09 16:25:06
2,"2.other",14,"14.Other","30122","2016-08-09 16:25:06",1.56,0.176,0.084,-0.976,"other","Other","water","underwater","",2016-08-09 16:25:06
2,"2.other",14,"14.Other","30123","2016-08-09 16:25:06",1.56,0.156,0.052,-1,"other","Other","water","underwater","",2016-08-09 16:25:06
2,"2.other",14,"14.Other","30124","2016-08-09 16:25:06",1.56,0.144,0.052,-1.016,"other","Other","water","underwater","",2016-08-09 16:25:06
2,"2.other",14,"14.Other","30125","2016-08-09 16:25:06",1.56,0.148,0.064,-1.012,"other","Other","water","underwater","",2016-08-09 16:25:06
2,"2.other",14,"14.Other","30126","2016-08-09 16:25:06",1.56,0.136,0.04,-1.032,"other","Other","water","underwater","",2016-08-09 16:25:06
2,"2.other",14,"14.Other","30127","2016-08-09 16:25:07",1.56,0.116,0.028,-1.052,"other","Other","water","underwater","",2016-08-09 16:25:07
2,"2.other",14,"14.Other","30128","2016-08-09 16:25:07",1.56,0.056,0.012,-1.064,"other","Other","water","underwater","",2016-08-09 16:25:07
2,"2.other",14,"14.Other","30129","2016-08-09 16:25:07",1.56,0.088,0.008,-1.068,"other","Other","water","underwater","",2016-08-09 16:25:07
2,"2.other",14,"14.Other","30130","2016-08-09 16:25:07",1.56,0.044,0.056,-1.008,"other","Other","water","underwater","",2016-08-09 16:25:07
2,"2.other",14,"14.Other","30131","2016-08-09 16:25:07",1.56,0.016,0.076,-0.968,"other","Other","water","underwater","",2016-08-09 16:25:07
2,"2.other",14,"14.Other","30132","2016-08-09 16:25:07",1.56,-0.016,0,-1.076,"other","Other","water","underwater","",2016-08-09 16:25:07
2,"2.other",14,"14.Other","30133","2016-08-09 16:25:07",1.56,-0.052,0.044,-1.124,"other","Other","water","underwater","",2016-08-09 16:25:07
2,"2.other",14,"14.Other","30134","2016-08-09 16:25:07",1.59,-0.068,0.076,-1.084,"other","Other","water","underwater","",2016-08-09 16:25:07
2,"2.other",14,"14.Other","30135","2016-08-09 16:25:07",1.59,-0.116,0.14,-1.112,"other","Other","water","underwater","",2016-08-09 16:25:07
2,"2.other",14,"14.Other","30136","2016-08-09 16:25:07",1.56,-0.172,0.184,-1.088,"other","Other","water","underwater","",2016-08-09 16:25:07
2,"2.other",14,"14.Other","30137","2016-08-09 16:25:07",1.59,-0.212,0.208,-1.084,"other","Other","water","underwater","",2016-08-09 16:25:07
2,"2.other",14,"14.Other","30138","2016-08-09 16:25:07",1.56,-0.236,0.204,-1.1,"other","Other","water","underwater","",2016-08-09 16:25:07
2,"2.other",14,"14.Other","30139","2016-08-09 16:25:07",1.59,-0.232,0.204,-1.048,"other","Other","water","underwater","",2016-08-09 16:25:07
2,"2.other",14,"14.Other","30140","2016-08-09 16:25:07",1.59,-0.212,0.172,-1.02,"other","Other","water","underwater","",2016-08-09 16:25:07
2,"2.other",14,"14.Other","30141","2016-08-09 16:25:07",1.59,-0.216,0.2,-0.996,"other","Other","water","underwater","",2016-08-09 16:25:07
2,"2.other",14,"14.Other","30142","2016-08-09 16:25:07",1.59,-0.224,0.244,-0.988,"other","Other","water","underwater","",2016-08-09 16:25:07
2,"2.other",14,"14.Other","30143","2016-08-09 16:25:07",1.56,-0.276,0.308,-0.992,"other","Other","water","underwater","",2016-08-09 16:25:07
2,"2.other",14,"14.Other","30144","2016-08-09 16:25:07",1.59,-0.324,0.412,-0.952,"other","Other","water","underwater","",2016-08-09 16:25:07
2,"2.other",14,"14.Other","30145","2016-08-09 16:25:07",1.56,-0.348,0.512,-0.908,"other","Other","water","underwater","",2016-08-09 16:25:07
2,"2.other",14,"14.Other","30146","2016-08-09 16:25:07",1.59,-0.388,0.572,-0.9,"other","Other","water","underwater","",2016-08-09 16:25:07
2,"2.other",14,"14.Other","30147","2016-08-09 16:25:07",1.59,-0.444,0.56,-0.872,"other","Other","water","underwater","",2016-08-09 16:25:07
2,"2.other",14,"14.Other","30148","2016-08-09 16:25:07",1.56,-0.476,0.54,-0.788,"other","Other","water","underwater","",2016-08-09 16:25:07
2,"2.other",14,"14.Other","30149","2016-08-09 16:25:07",1.59,-0.488,0.548,-0.676,"other","Other","water","underwater","",2016-08-09 16:25:07
2,"2.other",14,"14.Other","30150","2016-08-09 16:25:07",1.56,-0.46,0.564,-0.596,"other","Other","water","underwater","",2016-08-09 16:25:07
2,"2.other",14,"14.Other","30151","2016-08-09 16:25:08",1.56,-0.404,0.604,-0.536,"other","Other","water","underwater","",2016-08-09 16:25:08
2,"2.other",14,"14.Other","30152","2016-08-09 16:25:08",1.56,-0.392,0.716,-0.476,"other","Other","water","underwater","",2016-08-09 16:25:08
2,"2.other",14,"14.Other","30153","2016-08-09 16:25:08",1.59,-0.408,0.82,-0.388,"other","Other","water","underwater","",2016-08-09 16:25:08
2,"2.other",14,"14.Other","30154","2016-08-09 16:25:08",1.59,-0.488,0.888,-0.28,"other","Other","water","underwater","",2016-08-09 16:25:08
2,"2.other",14,"14.Other","30155","2016-08-09 16:25:08",1.59,-0.58,0.888,-0.204,"other","Other","water","underwater","",2016-08-09 16:25:08
2,"2.other",14,"14.Other","30156","2016-08-09 16:25:08",1.56,-0.64,0.856,-0.152,"other","Other","water","underwater","",2016-08-09 16:25:08
2,"2.other",14,"14.Other","30157","2016-08-09 16:25:08",1.56,-0.648,0.82,-0.116,"other","Other","water","underwater","",2016-08-09 16:25:08
2,"2.other",14,"14.Other","30158","2016-08-09 16:25:08",1.56,-0.58,0.84,-0.032,"other","Other","water","underwater","",2016-08-09 16:25:08
2,"2.other",14,"14.Other","30159","2016-08-09 16:25:08",1.56,-0.524,0.888,0.02,"other","Other","water","underwater","",2016-08-09 16:25:08
2,"2.other",14,"14.Other","30160","2016-08-09 16:25:08",1.56,-0.528,0.98,0.028,"other","Other","water","underwater","",2016-08-09 16:25:08
2,"2.other",14,"14.Other","30161","2016-08-09 16:25:08",1.56,-0.472,1.18,0.064,"other","Other","water","underwater","",2016-08-09 16:25:08
2,"2.other",14,"14.Other","30162","2016-08-09 16:25:08",1.56,-0.392,0.976,0.072,"other","Other","water","underwater","",2016-08-09 16:25:08
2,"2.other",14,"14.Other","30163","2016-08-09 16:25:08",1.56,-0.444,0.54,0.188,"other","Other","water","underwater","",2016-08-09 16:25:08
2,"2.other",14,"14.Other","30164","2016-08-09 16:25:08",1.59,-0.54,0.28,0.356,"other","Other","water","underwater","",2016-08-09 16:25:08
2,"2.other",14,"14.Other","30165","2016-08-09 16:25:08",1.62,-0.56,0.192,0.56,"other","Other","water","underwater","",2016-08-09 16:25:08
2,"2.other",14,"14.Other","30166","2016-08-09 16:25:08",1.65,-0.56,0.264,0.624,"other","Other","water","underwater","",2016-08-09 16:25:08
2,"2.other",14,"14.Other","30167","2016-08-09 16:25:08",1.65,-0.464,0.356,0.636,"other","Other","water","underwater","",2016-08-09 16:25:08
2,"2.other",14,"14.Other","30168","2016-08-09 16:25:08",1.65,-0.528,0.392,0.496,"other","Other","water","underwater","",2016-08-09 16:25:08
2,"2.other",14,"14.Other","30169","2016-08-09 16:25:08",1.71,-0.592,0.408,0.536,"other","Other","water","underwater","",2016-08-09 16:25:08
2,"2.other",14,"14.Other","30170","2016-08-09 16:25:08",1.71,-0.572,0.44,0.592,"other","Other","water","underwater","",2016-08-09 16:25:08
2,"2.other",14,"14.Other","30171","2016-08-09 16:25:08",1.75,-0.556,0.388,0.612,"other","Other","water","underwater","",2016-08-09 16:25:08
2,"2.other",14,"14.Other","30172","2016-08-09 16:25:08",1.78,-0.52,0.356,0.652,"other","Other","water","underwater","",2016-08-09 16:25:08
2,"2.other",14,"14.Other","30173","2016-08-09 16:25:08",1.81,-0.544,0.344,0.632,"other","Other","water","underwater","",2016-08-09 16:25:08
2,"2.other",14,"14.Other","30174","2016-08-09 16:25:08",1.81,-0.572,0.304,0.656,"other","Other","water","underwater","",2016-08-09 16:25:08
2,"2.other",14,"14.Other","30175","2016-08-09 16:25:09",1.84,-0.6,0.264,0.64,"other","Other","water","underwater","",2016-08-09 16:25:09
2,"2.other",14,"14.Other","30176","2016-08-09 16:25:09",1.87,-0.624,0.328,0.584,"other","Other","water","underwater","",2016-08-09 16:25:09
2,"2.other",14,"14.Other","30177","2016-08-09 16:25:09",1.9,-0.64,0.436,0.532,"other","Other","water","underwater","",2016-08-09 16:25:09
2,"2.other",14,"14.Other","30178","2016-08-09 16:25:09",1.93,-0.676,0.54,0.464,"other","Other","water","underwater","",2016-08-09 16:25:09
2,"2.other",14,"14.Other","30179","2016-08-09 16:25:09",1.96,-0.676,0.636,0.448,"other","Other","water","underwater","",2016-08-09 16:25:09
2,"2.other",14,"14.Other","30180","2016-08-09 16:25:09",2,-0.656,0.72,0.512,"other","Other","water","underwater","",2016-08-09 16:25:09
2,"2.other",14,"14.Other","30181","2016-08-09 16:25:09",2.03,-0.616,0.772,0.58,"other","Other","water","underwater","",2016-08-09 16:25:09
2,"2.other",14,"14.Other","30182","2016-08-09 16:25:09",2.03,-0.548,0.832,0.64,"other","Other","water","underwater","",2016-08-09 16:25:09
2,"2.other",14,"14.Other","30183","2016-08-09 16:25:09",2.06,-0.496,0.864,0.596,"other","Other","water","underwater","",2016-08-09 16:25:09
2,"2.other",14,"14.Other","30184","2016-08-09 16:25:09",2.06,-0.432,0.828,0.644,"other","Other","water","underwater","",2016-08-09 16:25:09
2,"2.other",14,"14.Other","30185","2016-08-09 16:25:09",2.09,-0.364,0.836,0.696,"other","Other","water","underwater","",2016-08-09 16:25:09
2,"2.other",14,"14.Other","30186","2016-08-09 16:25:09",2.09,-0.34,0.908,0.672,"other","Other","water","underwater","",2016-08-09 16:25:09
2,"2.other",14,"14.Other","30187","2016-08-09 16:25:09",2.12,-0.228,0.928,0.672,"other","Other","water","underwater","",2016-08-09 16:25:09
2,"2.other",14,"14.Other","30188","2016-08-09 16:25:09",2.12,-0.168,0.884,0.724,"other","Other","water","underwater","",2016-08-09 16:25:09
2,"2.other",14,"14.Other","30189","2016-08-09 16:25:09",2.15,-0.196,0.888,0.812,"other","Other","water","underwater","",2016-08-09 16:25:09
2,"2.other",14,"14.Other","30190","2016-08-09 16:25:09",2.12,-0.204,0.916,0.884,"other","Other","water","underwater","",2016-08-09 16:25:09
2,"2.other",14,"14.Other","30191","2016-08-09 16:25:09",2.12,-0.096,0.996,0.86,"other","Other","water","underwater","",2016-08-09 16:25:09
2,"2.other",14,"14.Other","30192","2016-08-09 16:25:09",2.09,0.064,0.992,0.852,"other","Other","water","underwater","",2016-08-09 16:25:09
2,"2.other",14,"14.Other","30193","2016-08-09 16:25:09",2.03,0.136,1.032,0.788,"other","Other","water","underwater","",2016-08-09 16:25:09
2,"2.other",14,"14.Other","30194","2016-08-09 16:25:09",1.96,0.3,1.064,0.784,"other","Other","water","underwater","",2016-08-09 16:25:09
2,"2.other",14,"14.Other","30195","2016-08-09 16:25:09",1.9,0.316,0.964,0.792,"other","Other","water","underwater","",2016-08-09 16:25:09
2,"2.other",14,"14.Other","30196","2016-08-09 16:25:09",1.9,0.144,0.676,0.7,"other","Other","water","underwater","",2016-08-09 16:25:09
2,"2.other",14,"14.Other","30197","2016-08-09 16:25:09",1.9,-0.036,0.504,0.684,"other","Other","water","underwater","",2016-08-09 16:25:09
2,"2.other",14,"14.Other","30198","2016-08-09 16:25:09",1.84,-0.06,0.532,0.708,"other","Other","water","underwater","",2016-08-09 16:25:09
2,"2.other",14,"14.Other","30199","2016-08-09 16:25:10",1.84,-0.06,0.504,0.788,"other","Other","water","underwater","",2016-08-09 16:25:10
2,"2.other",14,"14.Other","30200","2016-08-09 16:25:10",1.81,0.108,0.484,0.912,"other","Other","water","underwater","",2016-08-09 16:25:10
2,"2.other",14,"14.Other","30201","2016-08-09 16:25:10",1.78,0.136,0.344,0.924,"other","Other","water","underwater","",2016-08-09 16:25:10
2,"2.other",14,"14.Other","30202","2016-08-09 16:25:10",1.75,0.136,0.232,0.908,"other","Other","water","underwater","",2016-08-09 16:25:10
2,"2.other",14,"14.Other","30203","2016-08-09 16:25:10",1.71,0.08,0.16,0.92,"other","Other","water","underwater","",2016-08-09 16:25:10
2,"2.other",14,"14.Other","30204","2016-08-09 16:25:10",1.71,0.056,0.108,0.856,"other","Other","water","underwater","",2016-08-09 16:25:10
2,"2.other",14,"14.Other","30205","2016-08-09 16:25:10",1.71,0.064,0.064,0.924,"other","Other","water","underwater","",2016-08-09 16:25:10
2,"2.other",14,"14.Other","30206","2016-08-09 16:25:10",1.68,0.064,0.044,0.984,"other","Other","water","underwater","",2016-08-09 16:25:10
2,"2.other",14,"14.Other","30207","2016-08-09 16:25:10",1.65,0.152,0.096,1.064,"other","Other","water","underwater","",2016-08-09 16:25:10
2,"2.other",14,"14.Other","30208","2016-08-09 16:25:10",1.59,0.212,0.06,1.064,"other","Other","water","underwater","",2016-08-09 16:25:10
2,"2.other",14,"14.Other","30209","2016-08-09 16:25:10",1.59,0.264,0.144,1.008,"other","Other","water","underwater","",2016-08-09 16:25:10
2,"2.other",14,"14.Other","30210","2016-08-09 16:25:10",1.56,0.248,0.088,0.948,"other","Other","water","underwater","",2016-08-09 16:25:10
2,"2.other",14,"14.Other","30211","2016-08-09 16:25:10",1.56,0.264,0,0.964,"other","Other","water","underwater","",2016-08-09 16:25:10
2,"2.other",14,"14.Other","30212","2016-08-09 16:25:10",1.53,0.284,-0.052,0.992,"other","Other","water","underwater","",2016-08-09 16:25:10
2,"2.other",14,"14.Other","30213","2016-08-09 16:25:10",1.5,0.3,-0.108,0.932,"other","Other","water","underwater","",2016-08-09 16:25:10
2,"2.other",14,"14.Other","30214","2016-08-09 16:25:10",1.5,0.344,-0.112,0.908,"other","Other","water","underwater","",2016-08-09 16:25:10
2,"2.other",14,"14.Other","30215","2016-08-09 16:25:10",1.43,0.352,-0.136,0.844,"other","Other","water","underwater","",2016-08-09 16:25:10
2,"2.other",14,"14.Other","30216","2016-08-09 16:25:10",1.4,0.388,-0.192,0.808,"other","Other","water","underwater","",2016-08-09 16:25:10
2,"2.other",14,"14.Other","30217","2016-08-09 16:25:10",1.37,0.416,-0.26,0.772,"other","Other","water","underwater","",2016-08-09 16:25:10
2,"2.other",14,"14.Other","30218","2016-08-09 16:25:10",1.34,0.436,-0.452,0.844,"other","Other","water","underwater","",2016-08-09 16:25:10
2,"2.other",14,"14.Other","30219","2016-08-09 16:25:10",1.31,0.352,-0.324,0.916,"other","Other","water","underwater","",2016-08-09 16:25:10
2,"2.other",14,"14.Other","30220","2016-08-09 16:25:10",1.28,0.34,-0.264,1.02,"other","Other","water","underwater","",2016-08-09 16:25:10
2,"2.other",14,"14.Other","30221","2016-08-09 16:25:10",1.31,0.524,-0.188,1.128,"other","Other","water","underwater","",2016-08-09 16:25:10
2,"2.other",14,"14.Other","30222","2016-08-09 16:25:10",1.28,0.788,-0.024,1.328,"other","Other","water","underwater","",2016-08-09 16:25:10
2,"2.other",14,"14.Other","30223","2016-08-09 16:25:11",1.21,0.992,0.2,1.376,"other","Other","water","underwater","",2016-08-09 16:25:11
2,"2.other",14,"14.Other","30224","2016-08-09 16:25:11",1.09,1.004,0.416,1.252,"other","Other","water","underwater","",2016-08-09 16:25:11
2,"2.other",14,"14.Other","30225","2016-08-09 16:25:11",1,0.996,-0.056,1.136,"other","Other","water","surface","",2016-08-09 16:25:11
2,"2.other",14,"14.Other","30226","2016-08-09 16:25:11",0.81,1.336,-0.8,1.048,"other","Other","water","surface","",2016-08-09 16:25:11
2,"2.other",14,"14.Other","30227","2016-08-09 16:25:11",0.68,1.496,-1.124,0.888,"other","Other","water","surface","",2016-08-09 16:25:11
2,"2.other",14,"14.Other","30228","2016-08-09 16:25:11",0.62,1.308,-0.672,0.668,"other","Other","water","surface","",2016-08-09 16:25:11
2,"2.other",14,"14.Other","30229","2016-08-09 16:25:11",0.59,0.996,-0.156,0.508,"other","Other","water","surface","",2016-08-09 16:25:11
2,"2.other",14,"14.Other","30230","2016-08-09 16:25:11",0.78,1.104,-0.084,0.132,"other","Other","water","surface","",2016-08-09 16:25:11
2,"2.other",14,"14.Other","30231","2016-08-09 16:25:11",0.78,1.028,0.236,-0.444,"other","Other","water","surface","",2016-08-09 16:25:11
2,"2.other",14,"14.Other","30232","2016-08-09 16:25:11",0.78,0.932,0.14,-0.5,"other","Other","water","surface","",2016-08-09 16:25:11
2,"2.other",14,"14.Other","30233","2016-08-09 16:25:11",0.81,0.66,0.24,-0.612,"other","Other","water","surface","",2016-08-09 16:25:11
2,"2.other",14,"14.Other","30234","2016-08-09 16:25:11",0.78,0.276,0.368,-0.74,"other","Other","water","surface","",2016-08-09 16:25:11
2,"2.other",14,"14.Other","30235","2016-08-09 16:25:11",0.81,0.06,0.188,-0.676,"other","Other","water","surface","",2016-08-09 16:25:11
2,"2.other",14,"14.Other","30236","2016-08-09 16:25:11",0.81,-0.032,0.028,-0.648,"other","Other","water","surface","",2016-08-09 16:25:11
2,"2.other",14,"14.Other","30237","2016-08-09 16:25:11",0.78,-0.144,0,-0.504,"other","Other","water","surface","",2016-08-09 16:25:11
2,"2.other",14,"14.Other","30238","2016-08-09 16:25:11",0.78,-0.344,0.004,-0.432,"other","Other","water","surface","",2016-08-09 16:25:11
2,"2.other",14,"14.Other","30239","2016-08-09 16:25:11",0.78,-0.528,0.096,-0.308,"other","Other","water","surface","",2016-08-09 16:25:11
2,"2.other",14,"14.Other","30240","2016-08-09 16:25:11",0.81,-0.684,-0.004,-0.028,"other","Other","water","surface","",2016-08-09 16:25:11
2,"2.other",14,"14.Other","30241","2016-08-09 16:25:11",0.81,-0.764,-0.064,0.272,"other","Other","water","surface","",2016-08-09 16:25:11
2,"2.other",14,"14.Other","30242","2016-08-09 16:25:11",0.78,-0.812,-0.024,0.54,"other","Other","water","surface","",2016-08-09 16:25:11
2,"2.other",14,"14.Other","30243","2016-08-09 16:25:11",0.78,-0.748,-0.012,0.716,"other","Other","water","surface","",2016-08-09 16:25:11
2,"2.other",14,"14.Other","30244","2016-08-09 16:25:11",0.78,-0.856,0.08,0.652,"other","Other","water","surface","",2016-08-09 16:25:11
2,"2.other",14,"14.Other","30245","2016-08-09 16:25:11",0.78,-0.736,0.172,0.884,"other","Other","water","surface","",2016-08-09 16:25:11
2,"2.other",14,"14.Other","30246","2016-08-09 16:25:11",0.81,-0.564,0.1,1.08,"other","Other","water","surface","",2016-08-09 16:25:11
2,"2.other",14,"14.Other","30247","2016-08-09 16:25:12",0.84,-0.576,0.24,1.08,"other","Other","water","surface","",2016-08-09 16:25:12
2,"2.other",14,"14.Other","30248","2016-08-09 16:25:12",0.87,-0.52,0.368,1.144,"other","Other","water","surface","",2016-08-09 16:25:12
2,"2.other",14,"14.Other","30249","2016-08-09 16:25:12",0.9,-0.568,0.324,1.116,"other","Other","water","surface","",2016-08-09 16:25:12
2,"2.other",14,"14.Other","30250","2016-08-09 16:25:12",0.93,-0.536,0.288,1.096,"other","Other","water","surface","",2016-08-09 16:25:12
2,"2.other",14,"14.Other","30251","2016-08-09 16:25:12",1,-0.436,0.34,1.028,"other","Other","water","surface","",2016-08-09 16:25:12
2,"2.other",14,"14.Other","30252","2016-08-09 16:25:12",1.03,-0.344,0.46,1.008,"other","Other","water","surface","",2016-08-09 16:25:12
2,"2.other",14,"14.Other","30253","2016-08-09 16:25:12",1.06,-0.316,0.568,0.96,"other","Other","water","underwater","",2016-08-09 16:25:12
2,"2.other",14,"14.Other","30254","2016-08-09 16:25:12",1.06,-0.2,0.7,0.988,"other","Other","water","underwater","",2016-08-09 16:25:12
2,"2.other",14,"14.Other","30255","2016-08-09 16:25:12",1.09,-0.112,0.728,0.992,"other","Other","water","underwater","",2016-08-09 16:25:12
2,"2.other",14,"14.Other","30256","2016-08-09 16:25:12",1.09,-0.032,0.812,0.98,"other","Other","water","underwater","",2016-08-09 16:25:12
2,"2.other",14,"14.Other","30257","2016-08-09 16:25:12",1.09,0.028,0.92,0.972,"other","Other","water","underwater","",2016-08-09 16:25:12
2,"2.other",14,"14.Other","30258","2016-08-09 16:25:12",1.09,0.06,0.912,0.968,"other","Other","water","underwater","",2016-08-09 16:25:12
2,"2.other",14,"14.Other","30259","2016-08-09 16:25:12",1.09,0.06,0.86,0.944,"other","Other","water","underwater","",2016-08-09 16:25:12
2,"2.other",14,"14.Other","30260","2016-08-09 16:25:12",1.06,0.136,0.896,0.944,"other","Other","water","underwater","",2016-08-09 16:25:12
2,"2.other",14,"14.Other","30261","2016-08-09 16:25:12",1.09,0.22,0.896,0.952,"other","Other","water","underwater","",2016-08-09 16:25:12
2,"2.other",14,"14.Other","30262","2016-08-09 16:25:12",1.06,0.296,0.84,0.92,"other","Other","water","underwater","",2016-08-09 16:25:12
2,"2.other",14,"14.Other","30263","2016-08-09 16:25:12",1.03,0.4,0.844,0.944,"other","Other","water","surface","",2016-08-09 16:25:12
2,"2.other",14,"14.Other","30264","2016-08-09 16:25:12",1,0.476,0.76,0.976,"other","Other","water","surface","",2016-08-09 16:25:12
2,"2.other",14,"14.Other","30265","2016-08-09 16:25:12",0.96,0.584,0.74,0.916,"other","Other","water","surface","",2016-08-09 16:25:12
2,"2.other",14,"14.Other","30266","2016-08-09 16:25:12",0.9,0.696,0.74,0.872,"other","Other","water","surface","",2016-08-09 16:25:12
2,"2.other",14,"14.Other","30267","2016-08-09 16:25:12",0.81,0.792,0.688,0.816,"other","Other","water","surface","",2016-08-09 16:25:12
2,"2.other",14,"14.Other","30268","2016-08-09 16:25:12",0.75,0.848,0.624,0.688,"other","Other","water","surface","",2016-08-09 16:25:12
2,"2.other",14,"14.Other","30269","2016-08-09 16:25:12",0.71,0.888,0.416,0.448,"other","Other","water","surface","",2016-08-09 16:25:12
2,"2.other",14,"14.Other","30270","2016-08-09 16:25:13",0.71,0.96,0.244,0.328,"other","Other","water","surface","",2016-08-09 16:25:13
2,"2.other",14,"14.Other","30271","2016-08-09 16:25:13",0.78,1.068,-0.044,0.164,"other","Other","water","surface","",2016-08-09 16:25:13
2,"2.other",14,"14.Other","30272","2016-08-09 16:25:13",0.78,0.984,-0.092,0.352,"other","Other","water","surface","",2016-08-09 16:25:13
2,"2.other",14,"14.Other","30273","2016-08-09 16:25:13",0.78,1.024,-0.084,0.192,"other","Other","water","surface","",2016-08-09 16:25:13
2,"2.other",14,"14.Other","30274","2016-08-09 16:25:13",0.78,1.032,-0.016,-0.016,"other","Other","water","surface","",2016-08-09 16:25:13
2,"2.other",14,"14.Other","30275","2016-08-09 16:25:13",0.78,1.168,0.08,-0.096,"other","Other","water","surface","",2016-08-09 16:25:13
2,"2.other",14,"14.Other","30276","2016-08-09 16:25:13",0.81,0.96,0.032,-0.308,"other","Other","water","surface","",2016-08-09 16:25:13
2,"2.other",14,"14.Other","30277","2016-08-09 16:25:13",0.78,0.668,0.016,-0.36,"other","Other","water","surface","",2016-08-09 16:25:13
2,"2.other",14,"14.Other","30278","2016-08-09 16:25:13",0.78,0.396,0.028,-0.324,"other","Other","water","surface","",2016-08-09 16:25:13
2,"2.other",14,"14.Other","30279","2016-08-09 16:25:13",0.78,0.08,0,-0.076,"other","Other","water","surface","",2016-08-09 16:25:13
2,"2.other",14,"14.Other","30280","2016-08-09 16:25:13",0.78,0.2,0.192,0.396,"other","Other","water","surface","",2016-08-09 16:25:13
2,"2.other",14,"14.Other","30281","2016-08-09 16:25:13",0.78,0.392,-0.448,0.344,"other","Other","water","surface","",2016-08-09 16:25:13
2,"2.other",14,"14.Other","30282","2016-08-09 16:25:13",0.81,0.8,-0.22,0.9,"other","Other","water","surface","",2016-08-09 16:25:13
2,"2.other",14,"14.Other","30283","2016-08-09 16:25:13",0.81,0.712,-0.292,0.764,"other","Other","water","surface","",2016-08-09 16:25:13
2,"2.other",14,"14.Other","30284","2016-08-09 16:25:13",0.81,0.556,-0.236,0.828,"other","Other","water","surface","",2016-08-09 16:25:13
2,"2.other",14,"14.Other","30285","2016-08-09 16:25:13",0.78,0.576,-0.192,0.912,"other","Other","water","surface","",2016-08-09 16:25:13
2,"2.other",14,"14.Other","30286","2016-08-09 16:25:13",0.81,0.484,-0.368,0.888,"other","Other","water","surface","",2016-08-09 16:25:13
2,"2.other",14,"14.Other","30287","2016-08-09 16:25:13",0.78,0.376,-0.216,0.748,"other","Other","water","surface","",2016-08-09 16:25:13
2,"2.other",14,"14.Other","30288","2016-08-09 16:25:13",0.78,0.3,0.092,0.416,"other","Other","water","surface","",2016-08-09 16:25:13
2,"2.other",14,"14.Other","30289","2016-08-09 16:25:13",0.81,0.428,0.776,0.624,"other","Other","water","surface","",2016-08-09 16:25:13
2,"2.other",14,"14.Other","30290","2016-08-09 16:25:13",0.78,0.384,0.568,0.676,"other","Other","water","surface","",2016-08-09 16:25:13
2,"2.other",14,"14.Other","30291","2016-08-09 16:25:13",0.78,0.3,0.6,0.572,"other","Other","water","surface","",2016-08-09 16:25:13
2,"2.other",14,"14.Other","30292","2016-08-09 16:25:13",0.78,0.42,0.692,0.504,"other","Other","water","surface","",2016-08-09 16:25:13
2,"2.other",14,"14.Other","30293","2016-08-09 16:25:13",0.78,0.588,0.508,0.568,"other","Other","water","surface","",2016-08-09 16:25:13
2,"2.other",14,"14.Other","30294","2016-08-09 16:25:14",0.81,0.712,-0.052,0.84,"other","Other","water","surface","",2016-08-09 16:25:14
2,"2.other",14,"14.Other","30295","2016-08-09 16:25:14",0.78,0.78,-0.564,0.856,"other","Other","water","surface","",2016-08-09 16:25:14
2,"2.other",14,"14.Other","30296","2016-08-09 16:25:14",0.78,0.704,-0.492,0.86,"other","Other","water","surface","",2016-08-09 16:25:14
2,"2.other",14,"14.Other","30297","2016-08-09 16:25:14",0.78,0.724,-0.644,0.816,"other","Other","water","surface","",2016-08-09 16:25:14
2,"2.other",14,"14.Other","30298","2016-08-09 16:25:14",0.78,0.64,-0.52,0.668,"other","Other","water","surface","",2016-08-09 16:25:14
2,"2.other",14,"14.Other","30299","2016-08-09 16:25:14",0.78,0.564,-0.22,0.704,"other","Other","water","surface","",2016-08-09 16:25:14
2,"2.other",14,"14.Other","30300","2016-08-09 16:25:14",0.78,0.608,-0.112,1.052,"other","Other","water","surface","",2016-08-09 16:25:14
2,"2.other",14,"14.Other","30301","2016-08-09 16:25:14",0.81,0.516,-0.324,1.068,"other","Other","water","surface","",2016-08-09 16:25:14
2,"2.other",14,"14.Other","30302","2016-08-09 16:25:14",0.81,0.596,-0.376,1.304,"other","Other","water","surface","",2016-08-09 16:25:14
2,"2.other",14,"14.Other","30303","2016-08-09 16:25:14",0.78,0.464,-0.416,1.232,"other","Other","water","surface","",2016-08-09 16:25:14
2,"2.other",14,"14.Other","30304","2016-08-09 16:25:14",0.78,0.092,-0.336,0.88,"other","Other","water","surface","",2016-08-09 16:25:14
2,"2.other",14,"14.Other","30305","2016-08-09 16:25:14",0.78,0.084,0.04,0.464,"other","Other","water","surface","",2016-08-09 16:25:14
2,"2.other",14,"14.Other","30306","2016-08-09 16:25:14",0.78,-0.176,-0.144,0.56,"other","Other","water","surface","",2016-08-09 16:25:14
2,"2.other",14,"14.Other","30307","2016-08-09 16:25:14",0.78,0.06,-0.02,0.684,"other","Other","water","surface","",2016-08-09 16:25:14
2,"2.other",14,"14.Other","30308","2016-08-09 16:25:14",0.78,-0.084,0.448,0.34,"other","Other","water","surface","",2016-08-09 16:25:14
2,"2.other",14,"14.Other","30309","2016-08-09 16:25:14",0.78,-0.088,1.052,0.276,"other","Other","water","surface","",2016-08-09 16:25:14
2,"2.other",14,"14.Other","30310","2016-08-09 16:25:14",0.78,-0.016,1.22,0.308,"other","Other","water","surface","",2016-08-09 16:25:14
2,"2.other",14,"14.Other","30311","2016-08-09 16:25:14",0.78,0.324,1.204,0.324,"other","Other","water","surface","",2016-08-09 16:25:14
2,"2.other",14,"14.Other","30312","2016-08-09 16:25:14",0.78,0.68,1.024,0.276,"other","Other","water","surface","",2016-08-09 16:25:14
2,"2.other",14,"14.Other","30313","2016-08-09 16:25:14",0.78,0.796,0.98,0.464,"other","Other","water","surface","",2016-08-09 16:25:14
2,"2.other",14,"14.Other","30314","2016-08-09 16:25:14",0.78,0.772,0.612,0.616,"other","Other","water","surface","",2016-08-09 16:25:14
2,"2.other",14,"14.Other","30315","2016-08-09 16:25:14",0.78,0.536,0.556,0.58,"other","Other","water","surface","",2016-08-09 16:25:14
2,"2.other",14,"14.Other","30316","2016-08-09 16:25:14",0.78,0.396,0.668,0.536,"other","Other","water","surface","",2016-08-09 16:25:14
2,"2.other",14,"14.Other","30317","2016-08-09 16:25:14",0.78,0.344,0.72,0.588,"other","Other","water","surface","",2016-08-09 16:25:14
2,"2.other",14,"14.Other","30318","2016-08-09 16:25:15",0.78,0.28,0.772,0.56,"other","Other","water","surface","",2016-08-09 16:25:15
2,"2.other",14,"14.Other","30319","2016-08-09 16:25:15",0.78,0.26,0.908,0.44,"other","Other","water","surface","",2016-08-09 16:25:15
2,"2.other",14,"14.Other","30320","2016-08-09 16:25:15",0.78,0.224,1.112,0.388,"other","Other","water","surface","",2016-08-09 16:25:15
2,"2.other",14,"14.Other","30321","2016-08-09 16:25:15",0.78,0.224,1.016,0.128,"other","Other","water","surface","",2016-08-09 16:25:15
2,"2.other",14,"14.Other","30322","2016-08-09 16:25:15",0.78,0.436,0.78,0.508,"other","Other","water","surface","",2016-08-09 16:25:15
2,"2.other",14,"14.Other","30323","2016-08-09 16:25:15",0.78,0.56,0.636,0.42,"other","Other","water","surface","",2016-08-09 16:25:15
2,"2.other",14,"14.Other","30324","2016-08-09 16:25:15",0.78,0.424,0.376,0.532,"other","Other","water","surface","",2016-08-09 16:25:15
2,"2.other",14,"14.Other","30325","2016-08-09 16:25:15",0.78,0.64,0.528,0.164,"other","Other","water","surface","",2016-08-09 16:25:15
2,"2.other",14,"14.Other","30326","2016-08-09 16:25:15",0.81,0.788,0.312,0.784,"other","Other","water","surface","",2016-08-09 16:25:15
2,"2.other",14,"14.Other","30327","2016-08-09 16:25:15",0.78,0.14,1.26,0.436,"other","Other","water","surface","",2016-08-09 16:25:15
2,"2.other",14,"14.Other","30328","2016-08-09 16:25:15",0.78,0.016,1.6,0.352,"other","Other","water","surface","",2016-08-09 16:25:15
2,"2.other",14,"14.Other","30329","2016-08-09 16:25:15",0.78,0.12,1.348,0.36,"other","Other","water","surface","",2016-08-09 16:25:15
2,"2.other",14,"14.Other","30330","2016-08-09 16:25:15",0.78,-0.016,1.148,0.288,"other","Other","water","surface","",2016-08-09 16:25:15
2,"2.other",14,"14.Other","30331","2016-08-09 16:25:15",0.78,-0.168,0.888,0.296,"other","Other","water","surface","",2016-08-09 16:25:15
2,"2.other",14,"14.Other","30332","2016-08-09 16:25:15",0.78,-0.364,0.596,0.128,"other","Other","water","surface","",2016-08-09 16:25:15
2,"2.other",14,"14.Other","30333","2016-08-09 16:25:15",0.78,-0.44,0.768,0.2,"other","Other","water","surface","",2016-08-09 16:25:15
2,"2.other",14,"14.Other","30334","2016-08-09 16:25:15",0.78,-0.392,0.772,0.256,"other","Other","water","surface","",2016-08-09 16:25:15
2,"2.other",14,"14.Other","30335","2016-08-09 16:25:15",0.78,-0.396,0.736,0.356,"other","Other","water","surface","",2016-08-09 16:25:15
2,"2.other",14,"14.Other","30336","2016-08-09 16:25:15",0.78,-0.468,0.88,0.612,"other","Other","water","surface","",2016-08-09 16:25:15
2,"2.other",14,"14.Other","30337","2016-08-09 16:25:15",0.78,-0.32,0.724,0.676,"other","Other","water","surface","",2016-08-09 16:25:15
2,"2.other",14,"14.Other","30338","2016-08-09 16:25:15",0.78,-0.312,0.512,0.54,"other","Other","water","surface","",2016-08-09 16:25:15
2,"2.other",14,"14.Other","30339","2016-08-09 16:25:15",0.78,-0.392,0.704,0.468,"other","Other","water","surface","",2016-08-09 16:25:15
2,"2.other",14,"14.Other","30340","2016-08-09 16:25:15",0.78,-0.148,0.848,0.368,"other","Other","water","surface","",2016-08-09 16:25:15
2,"2.other",14,"14.Other","30341","2016-08-09 16:25:15",0.78,0.056,1.072,0.284,"other","Other","water","surface","",2016-08-09 16:25:15
2,"2.other",14,"14.Other","30342","2016-08-09 16:25:16",0.78,0.268,1.216,0.272,"other","Other","water","surface","",2016-08-09 16:25:16
2,"2.other",14,"14.Other","30343","2016-08-09 16:25:16",0.78,0.468,1.052,0.344,"other","Other","water","surface","",2016-08-09 16:25:16
2,"2.other",14,"14.Other","30344","2016-08-09 16:25:16",0.78,0.448,0.956,0.328,"other","Other","water","surface","",2016-08-09 16:25:16
2,"2.other",14,"14.Other","30345","2016-08-09 16:25:16",0.78,0.372,0.892,0.352,"other","Other","water","surface","",2016-08-09 16:25:16
2,"2.other",14,"14.Other","30346","2016-08-09 16:25:16",0.78,0.28,0.952,0.284,"other","Other","water","surface","",2016-08-09 16:25:16
2,"2.other",14,"14.Other","30347","2016-08-09 16:25:16",0.78,0.268,1.044,0.196,"other","Other","water","surface","",2016-08-09 16:25:16
2,"2.other",14,"14.Other","30348","2016-08-09 16:25:16",0.78,0.168,1.044,0.352,"other","Other","water","surface","",2016-08-09 16:25:16
2,"2.other",14,"14.Other","30349","2016-08-09 16:25:16",0.78,0.024,1.064,0.308,"other","Other","water","surface","",2016-08-09 16:25:16
2,"2.other",14,"14.Other","30350","2016-08-09 16:25:16",0.78,-0.088,1.056,0.288,"other","Other","water","surface","",2016-08-09 16:25:16
2,"2.other",14,"14.Other","30351","2016-08-09 16:25:16",0.78,-0.088,1.12,0.38,"other","Other","water","surface","",2016-08-09 16:25:16
2,"2.other",14,"14.Other","30352","2016-08-09 16:25:16",0.78,0.104,1.036,0.16,"other","Other","water","surface","",2016-08-09 16:25:16
2,"2.other",14,"14.Other","30353","2016-08-09 16:25:16",0.78,0.304,0.724,0.468,"other","Other","water","surface","",2016-08-09 16:25:16
2,"2.other",14,"14.Other","30354","2016-08-09 16:25:16",0.78,0.492,0.708,0.376,"other","Other","water","surface","",2016-08-09 16:25:16
2,"2.other",14,"14.Other","30355","2016-08-09 16:25:16",0.78,0.56,0.84,0.168,"other","Other","water","surface","",2016-08-09 16:25:16
2,"2.other",14,"14.Other","30356","2016-08-09 16:25:16",0.78,0.496,0.388,0.596,"other","Other","water","surface","",2016-08-09 16:25:16
2,"2.other",14,"14.Other","30357","2016-08-09 16:25:16",0.78,0.388,0.668,0.668,"other","Other","water","surface","",2016-08-09 16:25:16
2,"2.other",14,"14.Other","30358","2016-08-09 16:25:16",0.78,0.316,0.62,0.648,"other","Other","water","surface","",2016-08-09 16:25:16
2,"2.other",14,"14.Other","30359","2016-08-09 16:25:16",0.78,0.108,0.948,0.62,"other","Other","water","surface","",2016-08-09 16:25:16
2,"2.other",14,"14.Other","30360","2016-08-09 16:25:16",0.78,-0.02,1.084,0.54,"other","Other","water","surface","",2016-08-09 16:25:16
2,"2.other",14,"14.Other","30361","2016-08-09 16:25:16",0.78,-0.012,1.056,0.436,"other","Other","water","surface","",2016-08-09 16:25:16
2,"2.other",14,"14.Other","30362","2016-08-09 16:25:16",0.78,0.1,1.004,0.388,"other","Other","water","surface","",2016-08-09 16:25:16
2,"2.other",14,"14.Other","30363","2016-08-09 16:25:16",0.78,0.272,0.904,0.308,"other","Other","water","surface","",2016-08-09 16:25:16
2,"2.other",14,"14.Other","30364","2016-08-09 16:25:16",0.78,0.352,0.772,0.468,"other","Other","water","surface","",2016-08-09 16:25:16
2,"2.other",14,"14.Other","30365","2016-08-09 16:25:16",0.78,0.212,0.768,0.36,"other","Other","water","surface","",2016-08-09 16:25:16
2,"2.other",14,"14.Other","30366","2016-08-09 16:25:17",0.78,0.368,0.892,0.54,"other","Other","water","surface","",2016-08-09 16:25:17
2,"2.other",14,"14.Other","30367","2016-08-09 16:25:17",0.78,0.336,0.836,0.584,"other","Other","water","surface","",2016-08-09 16:25:17
2,"2.other",14,"14.Other","30368","2016-08-09 16:25:17",0.78,0.244,0.764,0.628,"other","Other","water","surface","",2016-08-09 16:25:17
2,"2.other",14,"14.Other","30369","2016-08-09 16:25:17",0.78,0.264,0.732,0.532,"other","Other","water","surface","",2016-08-09 16:25:17
2,"2.other",14,"14.Other","30370","2016-08-09 16:25:17",0.78,0.352,0.788,0.52,"other","Other","water","surface","",2016-08-09 16:25:17
2,"2.other",14,"14.Other","30371","2016-08-09 16:25:17",0.78,0.336,0.972,0.584,"other","Other","water","surface","",2016-08-09 16:25:17
2,"2.other",14,"14.Other","30372","2016-08-09 16:25:17",0.78,0.336,0.952,0.492,"other","Other","water","surface","",2016-08-09 16:25:17
2,"2.other",14,"14.Other","30373","2016-08-09 16:25:17",0.78,-0.2,0.78,0.752,"other","Other","water","surface","",2016-08-09 16:25:17
2,"2.other",14,"14.Other","30374","2016-08-09 16:25:17",0.78,0.108,0.536,0.796,"other","Other","water","surface","",2016-08-09 16:25:17
2,"2.other",14,"14.Other","30375","2016-08-09 16:25:17",0.78,0.252,0.456,0.252,"other","Other","water","surface","",2016-08-09 16:25:17
2,"2.other",14,"14.Other","30376","2016-08-09 16:25:17",0.78,0.148,0.82,0.592,"other","Other","water","surface","",2016-08-09 16:25:17
2,"2.other",14,"14.Other","30377","2016-08-09 16:25:17",0.78,0.152,0.896,0.42,"other","Other","water","surface","",2016-08-09 16:25:17
2,"2.other",14,"14.Other","30378","2016-08-09 16:25:17",0.78,0.248,0.856,0.416,"other","Other","water","surface","",2016-08-09 16:25:17
2,"2.other",14,"14.Other","30379","2016-08-09 16:25:17",0.78,0.316,0.888,0.428,"other","Other","water","surface","",2016-08-09 16:25:17
2,"2.other",14,"14.Other","30380","2016-08-09 16:25:17",0.78,0.412,0.92,0.408,"other","Other","water","surface","",2016-08-09 16:25:17
2,"2.other",14,"14.Other","30381","2016-08-09 16:25:17",0.78,0.596,0.968,0.396,"other","Other","water","surface","",2016-08-09 16:25:17
2,"2.other",14,"14.Other","30382","2016-08-09 16:25:17",0.78,0.676,1.32,0.328,"other","Other","water","surface","",2016-08-09 16:25:17
2,"2.other",14,"14.Other","30383","2016-08-09 16:25:17",0.78,0.708,1.8,0.252,"other","Other","water","surface","",2016-08-09 16:25:17
2,"2.other",14,"14.Other","30384","2016-08-09 16:25:17",0.78,0.46,1.076,0.34,"other","Other","water","surface","",2016-08-09 16:25:17
2,"2.other",14,"14.Other","30385","2016-08-09 16:25:17",0.78,0.044,0.104,0.548,"other","Other","water","surface","",2016-08-09 16:25:17
2,"2.other",14,"14.Other","30386","2016-08-09 16:25:17",0.78,0.008,-0.084,0.62,"other","Other","water","surface","",2016-08-09 16:25:17
2,"2.other",14,"14.Other","30387","2016-08-09 16:25:17",0.78,-0.164,0.292,0.396,"other","Other","water","surface","",2016-08-09 16:25:17
2,"2.other",14,"14.Other","30388","2016-08-09 16:25:17",0.75,-0.044,0.656,0.576,"other","Other","water","surface","",2016-08-09 16:25:17
2,"2.other",14,"14.Other","30389","2016-08-09 16:25:18",0.78,-0.056,0.724,0.512,"other","Other","water","surface","",2016-08-09 16:25:18
2,"2.other",14,"14.Other","30390","2016-08-09 16:25:18",0.78,0.048,0.724,0.416,"other","Other","water","surface","",2016-08-09 16:25:18
2,"2.other",14,"14.Other","30391","2016-08-09 16:25:18",0.78,0.188,0.984,0.368,"other","Other","water","surface","",2016-08-09 16:25:18
2,"2.other",14,"14.Other","30392","2016-08-09 16:25:18",0.78,0.124,1.24,0.376,"other","Other","water","surface","",2016-08-09 16:25:18
2,"2.other",14,"14.Other","30393","2016-08-09 16:25:18",0.75,0.292,1.256,0.1,"other","Other","water","surface","",2016-08-09 16:25:18
2,"2.other",14,"14.Other","30394","2016-08-09 16:25:18",0.75,0.352,1.108,0.144,"other","Other","water","surface","",2016-08-09 16:25:18
2,"2.other",14,"14.Other","30395","2016-08-09 16:25:18",0.78,0.44,1.104,0.14,"other","Other","water","surface","",2016-08-09 16:25:18
2,"2.other",14,"14.Other","30396","2016-08-09 16:25:18",0.78,0.444,1.112,0.144,"other","Other","water","surface","",2016-08-09 16:25:18
2,"2.other",14,"14.Other","30397","2016-08-09 16:25:18",0.78,0.388,1.112,0.152,"other","Other","water","surface","",2016-08-09 16:25:18
2,"2.other",14,"14.Other","30398","2016-08-09 16:25:18",0.78,0.32,0.952,0.204,"other","Other","water","surface","",2016-08-09 16:25:18
2,"2.other",14,"14.Other","30399","2016-08-09 16:25:18",0.78,0.388,0.972,0.22,"other","Other","water","surface","",2016-08-09 16:25:18
2,"2.other",14,"14.Other","30400","2016-08-09 16:25:18",0.78,0.424,0.996,0.108,"other","Other","water","surface","",2016-08-09 16:25:18
2,"2.other",14,"14.Other","30401","2016-08-09 16:25:18",0.78,0.464,1.212,0.052,"other","Other","water","surface","",2016-08-09 16:25:18
2,"2.other",14,"14.Other","30402","2016-08-09 16:25:18",0.75,0.636,1.484,-0.08,"other","Other","water","surface","",2016-08-09 16:25:18
2,"2.other",14,"14.Other","30403","2016-08-09 16:25:18",0.78,0.828,1.664,-0.052,"other","Other","water","surface","",2016-08-09 16:25:18
2,"2.other",14,"14.Other","30404","2016-08-09 16:25:18",0.75,0.568,1.488,0.012,"other","Other","water","surface","",2016-08-09 16:25:18
2,"2.other",14,"14.Other","30405","2016-08-09 16:25:18",0.75,0.78,1.48,0.384,"other","Other","water","surface","",2016-08-09 16:25:18
2,"2.other",14,"14.Other","30406","2016-08-09 16:25:18",0.75,1.412,1.808,0.312,"other","Other","water","surface","",2016-08-09 16:25:18
2,"2.other",14,"14.Other","30407","2016-08-09 16:25:18",0.78,0.908,1.104,0.264,"other","Other","water","surface","",2016-08-09 16:25:18
2,"2.other",14,"14.Other","30408","2016-08-09 16:25:18",0.78,0.716,-0.128,-0.424,"other","Other","water","surface","",2016-08-09 16:25:18
2,"2.other",14,"14.Other","30409","2016-08-09 16:25:18",0.78,0.4,-0.132,-0.62,"other","Other","water","surface","",2016-08-09 16:25:18
2,"2.other",14,"14.Other","30410","2016-08-09 16:25:18",0.78,0.184,-0.76,0.148,"other","Other","water","surface","",2016-08-09 16:25:18
2,"2.other",14,"14.Other","30411","2016-08-09 16:25:18",0.78,-0.156,-0.444,0.44,"other","Other","water","surface","",2016-08-09 16:25:18
2,"2.other",14,"14.Other","30412","2016-08-09 16:25:18",0.78,-0.444,0.524,0.324,"other","Other","water","surface","",2016-08-09 16:25:18
2,"2.other",14,"14.Other","30413","2016-08-09 16:25:19",0.78,-0.356,0.54,0.836,"other","Other","water","surface","",2016-08-09 16:25:19
2,"2.other",14,"14.Other","30414","2016-08-09 16:25:19",0.75,-0.144,0.44,0.572,"other","Other","water","surface","",2016-08-09 16:25:19
2,"2.other",14,"14.Other","30415","2016-08-09 16:25:19",0.78,0.56,0.5,0.032,"other","Other","water","surface","",2016-08-09 16:25:19
2,"2.other",14,"14.Other","30416","2016-08-09 16:25:19",0.78,0.596,-0.64,1.14,"other","Other","water","surface","",2016-08-09 16:25:19
2,"2.other",14,"14.Other","30417","2016-08-09 16:25:19",0.78,0.996,0.064,1.736,"other","Other","water","surface","",2016-08-09 16:25:19
2,"2.other",14,"14.Other","30418","2016-08-09 16:25:19",0.75,1.412,-0.496,0.304,"other","Other","water","surface","",2016-08-09 16:25:19
2,"2.other",14,"14.Other","30419","2016-08-09 16:25:19",0.78,1.264,-0.916,0.48,"other","Other","water","surface","",2016-08-09 16:25:19
2,"2.other",14,"14.Other","30420","2016-08-09 16:25:19",0.78,0.656,-0.968,0.776,"other","Other","water","surface","",2016-08-09 16:25:19
2,"2.other",14,"14.Other","30421","2016-08-09 16:25:19",0.78,0.048,-0.676,0.696,"other","Other","water","surface","",2016-08-09 16:25:19
2,"2.other",14,"14.Other","30422","2016-08-09 16:25:19",0.78,-0.624,-0.456,-0.104,"other","Other","water","surface","",2016-08-09 16:25:19
2,"2.other",14,"14.Other","30423","2016-08-09 16:25:19",0.75,-0.892,0.048,0.884,"other","Other","water","surface","",2016-08-09 16:25:19
2,"2.other",14,"14.Other","30424","2016-08-09 16:25:19",0.75,-0.108,0.028,0.576,"other","Other","water","surface","",2016-08-09 16:25:19
2,"2.other",14,"14.Other","30425","2016-08-09 16:25:19",0.78,0.096,0.552,0.3,"other","Other","water","surface","",2016-08-09 16:25:19
2,"2.other",14,"14.Other","30426","2016-08-09 16:25:19",0.78,0.568,0.288,0.896,"other","Other","water","surface","",2016-08-09 16:25:19
2,"2.other",14,"14.Other","30427","2016-08-09 16:25:19",0.78,0.668,0.092,1.084,"other","Other","water","surface","",2016-08-09 16:25:19
2,"2.other",14,"14.Other","30428","2016-08-09 16:25:19",0.78,0.2,-0.28,0.852,"other","Other","water","surface","",2016-08-09 16:25:19
2,"2.other",14,"14.Other","30429","2016-08-09 16:25:19",0.78,0.248,-0.708,1.196,"other","Other","water","surface","",2016-08-09 16:25:19
2,"2.other",14,"14.Other","30430","2016-08-09 16:25:19",0.78,-0.564,-0.876,0.876,"other","Other","water","surface","",2016-08-09 16:25:19
2,"2.other",14,"14.Other","30431","2016-08-09 16:25:19",0.78,-0.576,-0.876,0.956,"other","Other","water","surface","",2016-08-09 16:25:19
2,"2.other",14,"14.Other","30432","2016-08-09 16:25:19",0.78,-0.392,-0.444,0.98,"other","Other","water","surface","",2016-08-09 16:25:19
2,"2.other",14,"14.Other","30433","2016-08-09 16:25:19",0.78,-0.588,-0.016,0.852,"other","Other","water","surface","",2016-08-09 16:25:19
2,"2.other",14,"14.Other","30434","2016-08-09 16:25:19",0.78,-0.632,0.056,0.904,"other","Other","water","surface","",2016-08-09 16:25:19
2,"2.other",14,"14.Other","30435","2016-08-09 16:25:19",0.78,-0.416,-0.068,0.98,"other","Other","water","surface","",2016-08-09 16:25:19
2,"2.other",14,"14.Other","30436","2016-08-09 16:25:19",0.78,-0.204,-0.136,0.9,"other","Other","water","surface","",2016-08-09 16:25:19
2,"2.other",14,"14.Other","30437","2016-08-09 16:25:20",0.78,0.088,-0.08,0.984,"other","Other","water","surface","",2016-08-09 16:25:20
2,"2.other",14,"14.Other","30438","2016-08-09 16:25:20",0.78,0.232,0.144,0.936,"other","Other","water","surface","",2016-08-09 16:25:20
2,"2.other",14,"14.Other","30439","2016-08-09 16:25:20",0.78,0.064,0.08,0.408,"other","Other","water","surface","",2016-08-09 16:25:20
2,"2.other",14,"14.Other","30440","2016-08-09 16:25:20",0.78,0.28,0.476,0.748,"other","Other","water","surface","",2016-08-09 16:25:20
2,"2.other",14,"14.Other","30441","2016-08-09 16:25:20",0.78,0.98,-0.28,0.964,"other","Other","water","surface","",2016-08-09 16:25:20
2,"2.other",14,"14.Other","30442","2016-08-09 16:25:20",0.78,0.684,-0.008,0.896,"other","Other","water","surface","",2016-08-09 16:25:20
2,"2.other",14,"14.Other","30443","2016-08-09 16:25:20",0.78,1.112,-0.2,0.816,"other","Other","water","surface","",2016-08-09 16:25:20
2,"2.other",14,"14.Other","30444","2016-08-09 16:25:20",0.78,0.732,-0.04,0.388,"other","Other","water","surface","",2016-08-09 16:25:20
2,"2.other",14,"14.Other","30445","2016-08-09 16:25:20",0.78,0.128,-0.012,0.4,"other","Other","water","surface","",2016-08-09 16:25:20
2,"2.other",14,"14.Other","30446","2016-08-09 16:25:20",0.78,-0.052,-0.04,0.34,"other","Other","water","surface","",2016-08-09 16:25:20
2,"2.other",14,"14.Other","30447","2016-08-09 16:25:20",0.78,-0.148,0.136,1.34,"other","Other","water","surface","",2016-08-09 16:25:20
2,"2.other",14,"14.Other","30448","2016-08-09 16:25:20",0.78,-0.488,-0.344,1.08,"other","Other","water","surface","",2016-08-09 16:25:20
2,"2.other",14,"14.Other","30449","2016-08-09 16:25:20",0.78,-0.84,-0.404,0.896,"other","Other","water","surface","",2016-08-09 16:25:20
2,"2.other",14,"14.Other","30450","2016-08-09 16:25:20",0.78,-0.588,-0.556,0.88,"other","Other","water","surface","",2016-08-09 16:25:20
2,"2.other",14,"14.Other","30451","2016-08-09 16:25:20",0.78,-0.284,-0.632,0.888,"other","Other","water","surface","",2016-08-09 16:25:20
2,"2.other",14,"14.Other","30452","2016-08-09 16:25:20",0.78,-0.012,0.104,1.1,"other","Other","water","surface","",2016-08-09 16:25:20
2,"2.other",14,"14.Other","30453","2016-08-09 16:25:20",0.78,-0.38,0.336,0.952,"other","Other","water","surface","",2016-08-09 16:25:20
2,"2.other",14,"14.Other","30454","2016-08-09 16:25:20",0.78,-0.364,-0.116,0.7,"other","Other","water","surface","",2016-08-09 16:25:20
2,"2.other",14,"14.Other","30455","2016-08-09 16:25:20",0.78,-0.12,-0.448,0.856,"other","Other","water","surface","",2016-08-09 16:25:20
2,"2.other",14,"14.Other","30456","2016-08-09 16:25:20",0.78,0.132,0.108,0.768,"other","Other","water","surface","",2016-08-09 16:25:20
2,"2.other",14,"14.Other","30457","2016-08-09 16:25:20",0.75,0.44,0.488,0.716,"other","Other","water","surface","",2016-08-09 16:25:20
2,"2.other",14,"14.Other","30458","2016-08-09 16:25:20",0.78,0.492,0.764,0.716,"other","Other","water","surface","",2016-08-09 16:25:20
2,"2.other",14,"14.Other","30459","2016-08-09 16:25:20",0.78,0.448,0.804,0.748,"other","Other","water","surface","",2016-08-09 16:25:20
2,"2.other",14,"14.Other","30460","2016-08-09 16:25:20",0.78,0.4,0.6,0.716,"other","Other","water","surface","",2016-08-09 16:25:20
2,"2.other",14,"14.Other","30461","2016-08-09 16:25:21",0.78,0.424,0.376,0.644,"other","Other","water","surface","",2016-08-09 16:25:21
2,"2.other",14,"14.Other","30462","2016-08-09 16:25:21",0.78,0.32,0.036,0.728,"other","Other","water","surface","",2016-08-09 16:25:21
2,"2.other",14,"14.Other","30463","2016-08-09 16:25:21",0.78,0.46,-0.188,0.56,"other","Other","water","surface","",2016-08-09 16:25:21
2,"2.other",14,"14.Other","30464","2016-08-09 16:25:21",0.78,0.672,-0.216,0.808,"other","Other","water","surface","",2016-08-09 16:25:21
2,"2.other",14,"14.Other","30465","2016-08-09 16:25:21",0.78,0.652,-0.3,0.624,"other","Other","water","surface","",2016-08-09 16:25:21
2,"2.other",14,"14.Other","30466","2016-08-09 16:25:21",0.78,1.084,-0.04,0.876,"other","Other","water","surface","",2016-08-09 16:25:21
2,"2.other",14,"14.Other","30467","2016-08-09 16:25:21",0.78,0.496,-0.092,0.5,"other","Other","water","surface","",2016-08-09 16:25:21
2,"2.other",14,"14.Other","30468","2016-08-09 16:25:21",0.78,0.396,0.572,0.624,"other","Other","water","surface","",2016-08-09 16:25:21
2,"2.other",14,"14.Other","30469","2016-08-09 16:25:21",0.78,0.304,0.288,0.868,"other","Other","water","surface","",2016-08-09 16:25:21
2,"2.other",14,"14.Other","30470","2016-08-09 16:25:21",0.78,0.316,0.092,0.696,"other","Other","water","surface","",2016-08-09 16:25:21
2,"2.other",14,"14.Other","30471","2016-08-09 16:25:21",0.78,-0.252,-0.104,0.968,"other","Other","water","surface","",2016-08-09 16:25:21
2,"2.other",14,"14.Other","30472","2016-08-09 16:25:21",0.78,-0.648,-0.448,0.66,"other","Other","water","surface","",2016-08-09 16:25:21
2,"2.other",14,"14.Other","30473","2016-08-09 16:25:21",0.78,-0.46,0.152,1.3,"other","Other","water","surface","",2016-08-09 16:25:21
2,"2.other",14,"14.Other","30474","2016-08-09 16:25:21",0.78,0.64,0.264,0.728,"other","Other","water","surface","",2016-08-09 16:25:21
2,"2.other",14,"14.Other","30475","2016-08-09 16:25:21",0.78,0.188,-0.08,0.64,"other","Other","water","surface","",2016-08-09 16:25:21
2,"2.other",14,"14.Other","30476","2016-08-09 16:25:21",0.78,0.14,0.368,1.176,"other","Other","water","surface","",2016-08-09 16:25:21
2,"2.other",14,"14.Other","30477","2016-08-09 16:25:21",0.78,-0.224,0.288,0.764,"other","Other","water","surface","",2016-08-09 16:25:21
2,"2.other",14,"14.Other","30478","2016-08-09 16:25:21",0.78,-0.028,-0.38,1.144,"other","Other","water","surface","",2016-08-09 16:25:21
2,"2.other",14,"14.Other","30479","2016-08-09 16:25:21",0.78,-0.044,-0.356,1.088,"other","Other","water","surface","",2016-08-09 16:25:21
2,"2.other",14,"14.Other","30480","2016-08-09 16:25:21",0.78,-0.128,-0.444,0.968,"other","Other","water","surface","",2016-08-09 16:25:21
2,"2.other",14,"14.Other","30481","2016-08-09 16:25:21",0.78,-0.004,-0.112,0.992,"other","Other","water","surface","",2016-08-09 16:25:21
2,"2.other",14,"14.Other","30482","2016-08-09 16:25:21",0.78,0.092,0.028,0.908,"other","Other","water","surface","",2016-08-09 16:25:21
2,"2.other",14,"14.Other","30483","2016-08-09 16:25:21",0.75,0.104,0.148,0.928,"other","Other","water","surface","",2016-08-09 16:25:21
2,"2.other",14,"14.Other","30484","2016-08-09 16:25:21",0.78,0.076,0.312,0.952,"other","Other","water","surface","",2016-08-09 16:25:21
2,"2.other",14,"14.Other","30485","2016-08-09 16:25:22",0.78,0.084,0.568,0.932,"other","Other","water","surface","",2016-08-09 16:25:22
2,"2.other",14,"14.Other","30486","2016-08-09 16:25:22",0.78,0.072,0.6,0.824,"other","Other","water","surface","",2016-08-09 16:25:22
2,"2.other",14,"14.Other","30487","2016-08-09 16:25:22",0.75,0.132,0.652,0.724,"other","Other","water","surface","",2016-08-09 16:25:22
2,"2.other",14,"14.Other","30488","2016-08-09 16:25:22",0.78,0.236,0.588,0.668,"other","Other","water","surface","",2016-08-09 16:25:22
2,"2.other",14,"14.Other","30489","2016-08-09 16:25:22",0.78,0.268,0.504,0.756,"other","Other","water","surface","",2016-08-09 16:25:22
2,"2.other",14,"14.Other","30490","2016-08-09 16:25:22",0.78,0.248,0.128,0.732,"other","Other","water","surface","",2016-08-09 16:25:22
2,"2.other",14,"14.Other","30491","2016-08-09 16:25:22",0.75,0.448,-0.18,0.884,"other","Other","water","surface","",2016-08-09 16:25:22
2,"2.other",14,"14.Other","30492","2016-08-09 16:25:22",0.78,0.532,-0.236,1.028,"other","Other","water","surface","",2016-08-09 16:25:22
2,"2.other",14,"14.Other","30493","2016-08-09 16:25:22",0.78,0.536,-0.22,1.032,"other","Other","water","surface","",2016-08-09 16:25:22
2,"2.other",14,"14.Other","30494","2016-08-09 16:25:22",0.78,0.48,-0.316,0.812,"other","Other","water","surface","",2016-08-09 16:25:22
2,"2.other",14,"14.Other","30495","2016-08-09 16:25:22",0.75,0.244,-0.12,0.512,"other","Other","water","surface","",2016-08-09 16:25:22
2,"2.other",14,"14.Other","30496","2016-08-09 16:25:22",0.75,0.196,0.452,0.5,"other","Other","water","surface","",2016-08-09 16:25:22
2,"2.other",14,"14.Other","30497","2016-08-09 16:25:22",0.78,0.344,0.78,0.572,"other","Other","water","surface","",2016-08-09 16:25:22
2,"2.other",14,"14.Other","30498","2016-08-09 16:25:22",0.75,0.308,0.924,0.552,"other","Other","water","surface","",2016-08-09 16:25:22
2,"2.other",14,"14.Other","30499","2016-08-09 16:25:22",0.78,0.392,0.772,0.524,"other","Other","water","surface","",2016-08-09 16:25:22
2,"2.other",14,"14.Other","30500","2016-08-09 16:25:22",0.75,0.588,0.692,0.548,"other","Other","water","surface","",2016-08-09 16:25:22
2,"2.other",14,"14.Other","30501","2016-08-09 16:25:22",0.78,0.84,0.12,0.9,"other","Other","water","surface","",2016-08-09 16:25:22
2,"2.other",14,"14.Other","30502","2016-08-09 16:25:22",0.75,0.932,-0.668,0.976,"other","Other","water","surface","",2016-08-09 16:25:22
2,"2.other",14,"14.Other","30503","2016-08-09 16:25:22",0.75,0.96,-0.764,0.808,"other","Other","water","surface","",2016-08-09 16:25:22
2,"2.other",14,"14.Other","30504","2016-08-09 16:25:22",0.78,0.736,-0.6,0.904,"other","Other","water","surface","",2016-08-09 16:25:22
2,"2.other",14,"14.Other","30505","2016-08-09 16:25:22",0.78,0.552,-0.516,0.856,"other","Other","water","surface","",2016-08-09 16:25:22
2,"2.other",14,"14.Other","30506","2016-08-09 16:25:22",0.78,0.416,-0.392,0.776,"other","Other","water","surface","",2016-08-09 16:25:22
2,"2.other",14,"14.Other","30507","2016-08-09 16:25:22",0.75,0.344,-0.276,0.768,"other","Other","water","surface","",2016-08-09 16:25:22
2,"2.other",14,"14.Other","30508","2016-08-09 16:25:23",0.78,0.296,-0.22,0.776,"other","Other","water","surface","",2016-08-09 16:25:23
2,"2.other",14,"14.Other","30509","2016-08-09 16:25:23",0.75,0.196,-0.1,0.884,"other","Other","water","surface","",2016-08-09 16:25:23
2,"2.other",14,"14.Other","30510","2016-08-09 16:25:23",0.78,0.1,0.112,0.856,"other","Other","water","surface","",2016-08-09 16:25:23
2,"2.other",14,"14.Other","30511","2016-08-09 16:25:23",0.78,0.016,0.36,0.892,"other","Other","water","surface","",2016-08-09 16:25:23
2,"2.other",14,"14.Other","30512","2016-08-09 16:25:23",0.78,-0.108,0.48,0.94,"other","Other","water","surface","",2016-08-09 16:25:23
2,"2.other",14,"14.Other","30513","2016-08-09 16:25:23",0.78,-0.148,0.608,1.06,"other","Other","water","surface","",2016-08-09 16:25:23
2,"2.other",14,"14.Other","30514","2016-08-09 16:25:23",0.78,-0.092,0.368,1.116,"other","Other","water","surface","",2016-08-09 16:25:23
2,"2.other",14,"14.Other","30515","2016-08-09 16:25:23",0.75,-0.124,0.012,1.004,"other","Other","water","surface","",2016-08-09 16:25:23
2,"2.other",14,"14.Other","30516","2016-08-09 16:25:23",0.78,-0.092,-0.544,0.984,"other","Other","water","surface","",2016-08-09 16:25:23
2,"2.other",14,"14.Other","30517","2016-08-09 16:25:23",0.75,0.244,-0.972,0.82,"other","Other","water","surface","",2016-08-09 16:25:23
2,"2.other",14,"14.Other","30518","2016-08-09 16:25:23",0.78,0.476,-1.044,0.68,"other","Other","water","surface","",2016-08-09 16:25:23
2,"2.other",14,"14.Other","30519","2016-08-09 16:25:23",0.75,0.3,-0.784,-0.14,"other","Other","water","surface","",2016-08-09 16:25:23
2,"2.other",14,"14.Other","30520","2016-08-09 16:25:23",0.75,0.34,-0.48,-0.528,"other","Other","water","surface","",2016-08-09 16:25:23
2,"2.other",14,"14.Other","30521","2016-08-09 16:25:23",0.78,-0.208,0.436,0.232,"other","Other","water","surface","",2016-08-09 16:25:23
2,"2.other",14,"14.Other","30522","2016-08-09 16:25:23",0.75,0.212,0.864,0.672,"other","Other","water","surface","",2016-08-09 16:25:23
2,"2.other",14,"14.Other","30523","2016-08-09 16:25:23",0.75,0.052,2.316,0.272,"other","Other","water","surface","",2016-08-09 16:25:23
2,"2.other",14,"14.Other","30524","2016-08-09 16:25:23",0.75,0.58,1.844,-0.036,"other","Other","water","surface","",2016-08-09 16:25:23
2,"2.other",14,"14.Other","30525","2016-08-09 16:25:23",0.75,0.552,0.516,-0.42,"other","Other","water","surface","",2016-08-09 16:25:23
2,"2.other",14,"14.Other","30526","2016-08-09 16:25:23",0.75,0.464,-0.56,0.664,"other","Other","water","surface","",2016-08-09 16:25:23
2,"2.other",14,"14.Other","30527","2016-08-09 16:25:23",0.78,0.184,-0.712,0.696,"other","Other","water","surface","",2016-08-09 16:25:23
2,"2.other",14,"14.Other","30528","2016-08-09 16:25:23",0.78,-0.06,-0.808,0.924,"other","Other","water","surface","",2016-08-09 16:25:23
2,"2.other",14,"14.Other","30529","2016-08-09 16:25:23",0.78,-0.252,-0.788,1.024,"other","Other","water","surface","",2016-08-09 16:25:23
2,"2.other",14,"14.Other","30530","2016-08-09 16:25:23",0.75,-0.324,-0.596,0.944,"other","Other","water","surface","",2016-08-09 16:25:23
2,"2.other",14,"14.Other","30531","2016-08-09 16:25:23",0.78,-0.332,-0.296,0.94,"other","Other","water","surface","",2016-08-09 16:25:23
2,"2.other",14,"14.Other","30532","2016-08-09 16:25:24",0.78,-0.34,-0.092,0.884,"other","Other","water","surface","",2016-08-09 16:25:24
2,"2.other",14,"14.Other","30533","2016-08-09 16:25:24",0.78,-0.324,0.076,0.88,"other","Other","water","surface","",2016-08-09 16:25:24
2,"2.other",14,"14.Other","30534","2016-08-09 16:25:24",0.75,-0.3,0.208,0.828,"other","Other","water","surface","",2016-08-09 16:25:24
2,"2.other",14,"14.Other","30535","2016-08-09 16:25:24",0.78,-0.188,0.356,0.816,"other","Other","water","surface","",2016-08-09 16:25:24
2,"2.other",14,"14.Other","30536","2016-08-09 16:25:24",0.75,-0.092,0.492,0.792,"other","Other","water","surface","",2016-08-09 16:25:24
2,"2.other",14,"14.Other","30537","2016-08-09 16:25:24",0.75,-0.024,0.512,0.808,"other","Other","water","surface","",2016-08-09 16:25:24
2,"2.other",14,"14.Other","30538","2016-08-09 16:25:24",0.75,0.04,0.476,0.712,"other","Other","water","surface","",2016-08-09 16:25:24
2,"2.other",14,"14.Other","30539","2016-08-09 16:25:24",0.78,0.08,0.412,0.544,"other","Other","water","surface","",2016-08-09 16:25:24
2,"2.other",14,"14.Other","30540","2016-08-09 16:25:24",0.75,0.164,0.444,0.584,"other","Other","water","surface","",2016-08-09 16:25:24
2,"2.other",14,"14.Other","30541","2016-08-09 16:25:24",0.75,0.184,0.376,0.416,"other","Other","water","surface","",2016-08-09 16:25:24
2,"2.other",14,"14.Other","30542","2016-08-09 16:25:24",0.75,0.252,0.508,0.516,"other","Other","water","surface","",2016-08-09 16:25:24
2,"2.other",14,"14.Other","30543","2016-08-09 16:25:24",0.75,0.364,0.6,0.772,"other","Other","water","surface","",2016-08-09 16:25:24
2,"2.other",14,"14.Other","30544","2016-08-09 16:25:24",0.75,0.368,0.736,0.876,"other","Other","water","surface","",2016-08-09 16:25:24
2,"2.other",14,"14.Other","30545","2016-08-09 16:25:24",0.75,0.32,0.544,1.048,"other","Other","water","surface","",2016-08-09 16:25:24
2,"2.other",14,"14.Other","30546","2016-08-09 16:25:24",0.75,0.164,-0.016,0.96,"other","Other","water","surface","",2016-08-09 16:25:24
2,"2.other",14,"14.Other","30547","2016-08-09 16:25:24",0.75,-0.096,-0.364,0.996,"other","Other","water","surface","",2016-08-09 16:25:24
2,"2.other",14,"14.Other","30548","2016-08-09 16:25:24",0.75,-0.22,-0.656,1,"other","Other","water","surface","",2016-08-09 16:25:24
2,"2.other",14,"14.Other","30549","2016-08-09 16:25:24",0.78,-0.148,-0.516,0.976,"other","Other","water","surface","",2016-08-09 16:25:24
2,"2.other",14,"14.Other","30550","2016-08-09 16:25:24",0.78,-0.036,-0.284,0.924,"other","Other","water","surface","",2016-08-09 16:25:24
2,"2.other",14,"14.Other","30551","2016-08-09 16:25:24",0.78,-0.072,0.068,0.88,"other","Other","water","surface","",2016-08-09 16:25:24
2,"2.other",14,"14.Other","30552","2016-08-09 16:25:24",0.75,-0.156,0.328,0.912,"other","Other","water","surface","",2016-08-09 16:25:24
2,"2.other",14,"14.Other","30553","2016-08-09 16:25:24",0.75,-0.176,0.272,0.848,"other","Other","water","surface","",2016-08-09 16:25:24
2,"2.other",14,"14.Other","30554","2016-08-09 16:25:24",0.78,-0.32,0.224,0.636,"other","Other","water","surface","",2016-08-09 16:25:24
2,"2.other",14,"14.Other","30555","2016-08-09 16:25:24",0.75,-0.36,0.096,0.592,"other","Other","water","surface","",2016-08-09 16:25:24
2,"2.other",14,"14.Other","30556","2016-08-09 16:25:25",0.78,-0.252,0.024,0.592,"other","Other","water","surface","",2016-08-09 16:25:25
2,"2.other",14,"14.Other","30557","2016-08-09 16:25:25",0.75,-0.16,0.016,0.616,"other","Other","water","surface","",2016-08-09 16:25:25
2,"2.other",14,"14.Other","30558","2016-08-09 16:25:25",0.78,-0.136,-0.068,0.712,"other","Other","water","surface","",2016-08-09 16:25:25
2,"2.other",14,"14.Other","30559","2016-08-09 16:25:25",0.78,-0.144,0.104,0.684,"other","Other","water","surface","",2016-08-09 16:25:25
2,"2.other",14,"14.Other","30560","2016-08-09 16:25:25",0.78,0.02,-0.112,0.496,"other","Other","water","surface","",2016-08-09 16:25:25
2,"2.other",14,"14.Other","30561","2016-08-09 16:25:25",0.78,-0.06,-0.128,0.464,"other","Other","water","surface","",2016-08-09 16:25:25
2,"2.other",14,"14.Other","30562","2016-08-09 16:25:25",0.78,-0.192,-0.112,0.332,"other","Other","water","surface","",2016-08-09 16:25:25
2,"2.other",14,"14.Other","30563","2016-08-09 16:25:25",0.78,-0.392,-0.116,0.168,"other","Other","water","surface","",2016-08-09 16:25:25
2,"2.other",14,"14.Other","30564","2016-08-09 16:25:25",0.78,-0.5,-0.132,0.384,"other","Other","water","surface","",2016-08-09 16:25:25
2,"2.other",14,"14.Other","30565","2016-08-09 16:25:25",0.75,-0.72,-0.372,0.772,"other","Other","water","surface","",2016-08-09 16:25:25
2,"2.other",14,"14.Other","30566","2016-08-09 16:25:25",0.75,-0.528,-0.1,0.788,"other","Other","water","surface","",2016-08-09 16:25:25
2,"2.other",14,"14.Other","30567","2016-08-09 16:25:25",0.75,-0.644,0.052,0.756,"other","Other","water","surface","",2016-08-09 16:25:25
2,"2.other",14,"14.Other","30568","2016-08-09 16:25:25",0.78,-0.7,-0.076,1.176,"other","Other","water","surface","",2016-08-09 16:25:25
2,"2.other",14,"14.Other","30569","2016-08-09 16:25:25",1,-0.576,-0.028,0.544,"other","Other","water","surface","",2016-08-09 16:25:25
2,"2.other",14,"14.Other","30570","2016-08-09 16:25:25",0.96,-0.664,-0.552,0.68,"other","Other","water","surface","",2016-08-09 16:25:25
2,"2.other",14,"14.Other","30571","2016-08-09 16:25:25",1.09,-0.416,-1.028,1.336,"other","Other","water","underwater","",2016-08-09 16:25:25
2,"2.other",14,"14.Other","30572","2016-08-09 16:25:25",1.18,-0.064,-1.24,1.68,"other","Other","water","underwater","",2016-08-09 16:25:25
2,"2.other",14,"14.Other","30573","2016-08-09 16:25:25",1.15,-0.004,-0.696,1.624,"other","Other","water","underwater","",2016-08-09 16:25:25
2,"2.other",14,"14.Other","30574","2016-08-09 16:25:25",1.12,0.328,-0.04,1.284,"other","Other","water","underwater","",2016-08-09 16:25:25
2,"2.other",14,"14.Other","30575","2016-08-09 16:25:25",1.06,0.928,0.648,0.992,"other","Other","water","underwater","",2016-08-09 16:25:25
2,"2.other",14,"14.Other","30576","2016-08-09 16:25:25",1,1.288,0.604,1.16,"other","Other","water","surface","",2016-08-09 16:25:25
2,"2.other",14,"14.Other","30577","2016-08-09 16:25:25",0.93,1.316,0.3,1.208,"other","Other","water","surface","",2016-08-09 16:25:25
2,"2.other",14,"14.Other","30578","2016-08-09 16:25:25",0.9,1.076,-0.024,1.012,"other","Other","water","surface","",2016-08-09 16:25:25
2,"2.other",14,"14.Other","30579","2016-08-09 16:25:25",0.78,1.244,-0.624,0.544,"other","Other","water","surface","",2016-08-09 16:25:25
2,"2.other",14,"14.Other","30580","2016-08-09 16:25:26",0.62,1.448,-1.464,0.412,"other","Other","water","surface","",2016-08-09 16:25:26
2,"2.other",14,"14.Other","30581","2016-08-09 16:25:26",0.5,1.272,-1.504,0.38,"other","Other","water","surface","",2016-08-09 16:25:26
2,"2.other",14,"14.Other","30582","2016-08-09 16:25:26",0.56,1.284,-0.48,0.712,"other","Other","water","surface","",2016-08-09 16:25:26
2,"2.other",14,"14.Other","30583","2016-08-09 16:25:26",0.53,1.344,-0.792,0.652,"other","Other","water","surface","",2016-08-09 16:25:26
2,"2.other",14,"14.Other","30584","2016-08-09 16:25:26",0.75,1.5,-0.116,0.328,"other","Other","water","surface","",2016-08-09 16:25:26
2,"2.other",14,"14.Other","30585","2016-08-09 16:25:26",0.75,1.22,-0.216,-0.112,"other","Other","water","surface","",2016-08-09 16:25:26
2,"2.other",14,"14.Other","30586","2016-08-09 16:25:26",0.78,0.964,0.096,-0.376,"other","Other","water","surface","",2016-08-09 16:25:26
2,"2.other",14,"14.Other","30587","2016-08-09 16:25:26",0.78,0.776,0.356,-0.704,"other","Other","water","surface","",2016-08-09 16:25:26
2,"2.other",14,"14.Other","30588","2016-08-09 16:25:26",0.78,0.56,0.468,-0.336,"other","Other","water","surface","",2016-08-09 16:25:26
2,"2.other",14,"14.Other","30589","2016-08-09 16:25:26",0.78,0.372,0.48,-0.5,"other","Other","water","surface","",2016-08-09 16:25:26
2,"2.other",14,"14.Other","30590","2016-08-09 16:25:26",0.78,0.112,0.152,-0.468,"other","Other","water","surface","",2016-08-09 16:25:26
2,"2.other",14,"14.Other","30591","2016-08-09 16:25:26",0.78,0.052,0.14,-0.136,"other","Other","water","surface","",2016-08-09 16:25:26
2,"2.other",14,"14.Other","30592","2016-08-09 16:25:26",0.78,0.3,2.632,1.376,"other","Other","water","surface","",2016-08-09 16:25:26
2,"2.other",14,"14.Other","30593","2016-08-09 16:25:26",0.78,0.236,0.372,0.824,"other","Other","water","surface","",2016-08-09 16:25:26
2,"2.other",14,"14.Other","30594","2016-08-09 16:25:26",0.78,0.484,0.78,0.104,"other","Other","water","surface","",2016-08-09 16:25:26
2,"2.other",14,"14.Other","30595","2016-08-09 16:25:26",0.78,0.732,-0.308,-0.14,"other","Other","water","surface","",2016-08-09 16:25:26
2,"2.other",14,"14.Other","30596","2016-08-09 16:25:26",0.75,0.352,0.052,0.288,"other","Other","water","surface","",2016-08-09 16:25:26
2,"2.other",14,"14.Other","30597","2016-08-09 16:25:26",0.78,0.24,-0.232,0.156,"other","Other","water","surface","",2016-08-09 16:25:26
2,"2.other",14,"14.Other","30598","2016-08-09 16:25:26",0.78,1.604,0.516,-0.64,"other","Other","water","surface","",2016-08-09 16:25:26
2,"2.other",14,"14.Other","30599","2016-08-09 16:25:26",0.78,0.756,0.8,0.58,"other","Other","water","surface","",2016-08-09 16:25:26
2,"2.other",14,"14.Other","30600","2016-08-09 16:25:26",0.78,-0.064,-0.74,-0.7,"other","Other","water","surface","",2016-08-09 16:25:26
2,"2.other",14,"14.Other","30601","2016-08-09 16:25:26",0.75,-0.616,-0.272,-0.84,"other","Other","water","surface","",2016-08-09 16:25:26
2,"2.other",14,"14.Other","30602","2016-08-09 16:25:26",0.78,-0.468,0.2,0.08,"other","Other","water","surface","",2016-08-09 16:25:26
2,"2.other",14,"14.Other","30603","2016-08-09 16:25:26",0.75,-1.192,0.148,0.26,"other","Other","water","surface","",2016-08-09 16:25:26
2,"2.other",14,"14.Other","30604","2016-08-09 16:25:27",0.81,-1.06,-0.188,0.748,"other","Other","water","surface","",2016-08-09 16:25:27
2,"2.other",14,"14.Other","30605","2016-08-09 16:25:27",0.78,-0.816,-0.228,0.94,"other","Other","water","surface","",2016-08-09 16:25:27
2,"2.other",14,"14.Other","30606","2016-08-09 16:25:27",0.84,-0.92,0.068,0.956,"other","Other","water","surface","",2016-08-09 16:25:27
2,"2.other",14,"14.Other","30607","2016-08-09 16:25:27",0.96,-0.924,0.02,0.972,"other","Other","water","surface","",2016-08-09 16:25:27
2,"2.other",14,"14.Other","30608","2016-08-09 16:25:27",1.03,-1.016,-0.124,0.92,"other","Other","water","surface","",2016-08-09 16:25:27
2,"2.other",14,"14.Other","30609","2016-08-09 16:25:27",1.09,-1.04,-0.048,1.056,"other","Other","water","underwater","",2016-08-09 16:25:27
2,"2.other",14,"14.Other","30610","2016-08-09 16:25:27",1.18,-0.92,-0.068,0.932,"other","Other","water","underwater","",2016-08-09 16:25:27
2,"2.other",14,"14.Other","30611","2016-08-09 16:25:27",1.25,-0.924,0.048,0.736,"other","Other","water","underwater","",2016-08-09 16:25:27
2,"2.other",14,"14.Other","30612","2016-08-09 16:25:27",1.31,-0.788,0.184,0.66,"other","Other","water","underwater","",2016-08-09 16:25:27
2,"2.other",14,"14.Other","30613","2016-08-09 16:25:27",1.4,-0.784,0.464,0.452,"other","Other","water","underwater","",2016-08-09 16:25:27
2,"2.other",14,"14.Other","30614","2016-08-09 16:25:27",1.43,-0.744,0.664,0.388,"other","Other","water","underwater","",2016-08-09 16:25:27
2,"2.other",14,"14.Other","30615","2016-08-09 16:25:27",1.56,-0.68,0.764,0.344,"other","Other","water","underwater","",2016-08-09 16:25:27
2,"2.other",14,"14.Other","30616","2016-08-09 16:25:27",1.56,-0.708,0.832,0.34,"other","Other","water","underwater","",2016-08-09 16:25:27
2,"2.other",14,"14.Other","30617","2016-08-09 16:25:27",1.65,-0.716,0.88,0.344,"other","Other","water","underwater","",2016-08-09 16:25:27
2,"2.other",14,"14.Other","30618","2016-08-09 16:25:27",1.71,-0.656,0.944,0.396,"other","Other","water","underwater","",2016-08-09 16:25:27
2,"2.other",14,"14.Other","30619","2016-08-09 16:25:27",1.78,-0.632,0.972,0.436,"other","Other","water","underwater","",2016-08-09 16:25:27
2,"2.other",14,"14.Other","30620","2016-08-09 16:25:27",1.84,-0.556,1.008,0.512,"other","Other","water","underwater","",2016-08-09 16:25:27
2,"2.other",14,"14.Other","30621","2016-08-09 16:25:27",1.87,-0.48,1.148,0.612,"other","Other","water","underwater","",2016-08-09 16:25:27
2,"2.other",14,"14.Other","30622","2016-08-09 16:25:27",1.96,-0.44,1.276,0.704,"other","Other","water","underwater","",2016-08-09 16:25:27
2,"2.other",14,"14.Other","30623","2016-08-09 16:25:27",1.96,-0.424,1.24,0.756,"other","Other","water","underwater","",2016-08-09 16:25:27
2,"2.other",14,"14.Other","30624","2016-08-09 16:25:27",2,-0.38,1.2,0.788,"other","Other","water","underwater","",2016-08-09 16:25:27
2,"2.other",14,"14.Other","30625","2016-08-09 16:25:27",1.96,-0.336,1.196,0.732,"other","Other","water","underwater","",2016-08-09 16:25:27
2,"2.other",14,"14.Other","30626","2016-08-09 16:25:27",1.93,-0.032,1.224,0.604,"other","Other","water","underwater","",2016-08-09 16:25:27
2,"2.other",14,"14.Other","30627","2016-08-09 16:25:28",1.9,0.076,1.344,0.472,"other","Other","water","underwater","",2016-08-09 16:25:28
2,"2.other",14,"14.Other","30628","2016-08-09 16:25:28",1.93,0.04,1.092,0.576,"other","Other","water","underwater","",2016-08-09 16:25:28
2,"2.other",14,"14.Other","30629","2016-08-09 16:25:28",1.9,-0.052,0.712,0.564,"other","Other","water","underwater","",2016-08-09 16:25:28
2,"2.other",14,"14.Other","30630","2016-08-09 16:25:28",1.87,-0.22,0.74,0.568,"other","Other","water","underwater","",2016-08-09 16:25:28
2,"2.other",14,"14.Other","30631","2016-08-09 16:25:28",1.9,-0.32,0.696,0.38,"other","Other","water","underwater","",2016-08-09 16:25:28
7,"7.slow",15,"15.Travelling","30632","2016-08-09 16:25:28",1.87,-0.356,0.724,0.344,"slow","Travelling","water","underwater","slow",2016-08-09 16:25:28
7,"7.slow",15,"15.Travelling","30633","2016-08-09 16:25:28",1.9,-0.24,0.868,0.408,"slow","Travelling","water","underwater","",2016-08-09 16:25:28
7,"7.slow",15,"15.Travelling","30634","2016-08-09 16:25:28",1.93,-0.256,0.912,0.408,"slow","Travelling","water","underwater","",2016-08-09 16:25:28
7,"7.slow",15,"15.Travelling","30635","2016-08-09 16:25:28",1.93,-0.264,0.896,0.464,"slow","Travelling","water","underwater","",2016-08-09 16:25:28
7,"7.slow",15,"15.Travelling","30636","2016-08-09 16:25:28",2.03,-0.36,0.864,0.468,"slow","Travelling","water","underwater","",2016-08-09 16:25:28
7,"7.slow",15,"15.Travelling","30637","2016-08-09 16:25:28",1.96,-0.364,0.876,0.48,"slow","Travelling","water","underwater","",2016-08-09 16:25:28
7,"7.slow",15,"15.Travelling","30638","2016-08-09 16:25:28",2,-0.38,0.864,0.452,"slow","Travelling","water","underwater","",2016-08-09 16:25:28
7,"7.slow",15,"15.Travelling","30639","2016-08-09 16:25:28",2.03,-0.324,0.828,0.484,"slow","Travelling","water","underwater","",2016-08-09 16:25:28
7,"7.slow",15,"15.Travelling","30640","2016-08-09 16:25:28",2.03,-0.312,0.768,0.532,"slow","Travelling","water","underwater","",2016-08-09 16:25:28
7,"7.slow",15,"15.Travelling","30641","2016-08-09 16:25:28",2.06,-0.272,0.708,0.604,"slow","Travelling","water","underwater","",2016-08-09 16:25:28
7,"7.slow",15,"15.Travelling","30642","2016-08-09 16:25:28",2.06,-0.26,0.696,0.596,"slow","Travelling","water","underwater","",2016-08-09 16:25:28
7,"7.slow",15,"15.Travelling","30643","2016-08-09 16:25:28",2.06,-0.272,0.756,0.592,"slow","Travelling","water","underwater","",2016-08-09 16:25:28
7,"7.slow",15,"15.Travelling","30644","2016-08-09 16:25:28",2.09,-0.284,0.74,0.592,"slow","Travelling","water","underwater","",2016-08-09 16:25:28
7,"7.slow",15,"15.Travelling","30645","2016-08-09 16:25:28",2.03,-0.32,0.792,0.58,"slow","Travelling","water","underwater","",2016-08-09 16:25:28
7,"7.slow",15,"15.Travelling","30646","2016-08-09 16:25:28",2.03,-0.3,0.8,0.524,"slow","Travelling","water","underwater","",2016-08-09 16:25:28
7,"7.slow",15,"15.Travelling","30647","2016-08-09 16:25:28",2.06,-0.276,0.792,0.576,"slow","Travelling","water","underwater","",2016-08-09 16:25:28
7,"7.slow",15,"15.Travelling","30648","2016-08-09 16:25:28",2.06,-0.28,0.828,0.584,"slow","Travelling","water","underwater","",2016-08-09 16:25:28
7,"7.slow",15,"15.Travelling","30649","2016-08-09 16:25:28",2.09,-0.232,0.812,0.656,"slow","Travelling","water","underwater","",2016-08-09 16:25:28
7,"7.slow",15,"15.Travelling","30650","2016-08-09 16:25:28",2.09,-0.228,0.748,0.712,"slow","Travelling","water","underwater","",2016-08-09 16:25:28
7,"7.slow",15,"15.Travelling","30651","2016-08-09 16:25:29",2.09,-0.276,0.732,0.708,"slow","Travelling","water","underwater","",2016-08-09 16:25:29
7,"7.slow",15,"15.Travelling","30652","2016-08-09 16:25:29",2.12,-0.288,0.716,0.732,"slow","Travelling","water","underwater","",2016-08-09 16:25:29
7,"7.slow",15,"15.Travelling","30653","2016-08-09 16:25:29",2.09,-0.312,0.724,0.748,"slow","Travelling","water","underwater","",2016-08-09 16:25:29
7,"7.slow",15,"15.Travelling","30654","2016-08-09 16:25:29",2.09,-0.252,0.648,0.776,"slow","Travelling","water","underwater","",2016-08-09 16:25:29
7,"7.slow",15,"15.Travelling","30655","2016-08-09 16:25:29",2.12,-0.288,0.584,0.76,"slow","Travelling","water","underwater","",2016-08-09 16:25:29
7,"7.slow",15,"15.Travelling","30656","2016-08-09 16:25:29",2.09,-0.22,0.58,0.752,"slow","Travelling","water","underwater","",2016-08-09 16:25:29
7,"7.slow",15,"15.Travelling","30657","2016-08-09 16:25:29",2.09,-0.28,0.556,0.756,"slow","Travelling","water","underwater","",2016-08-09 16:25:29
7,"7.slow",15,"15.Travelling","30658","2016-08-09 16:25:29",2.09,-0.22,0.524,0.792,"slow","Travelling","water","underwater","",2016-08-09 16:25:29
7,"7.slow",15,"15.Travelling","30659","2016-08-09 16:25:29",2.09,-0.204,0.484,0.832,"slow","Travelling","water","underwater","",2016-08-09 16:25:29
7,"7.slow",15,"15.Travelling","30660","2016-08-09 16:25:29",2.09,-0.156,0.504,0.856,"slow","Travelling","water","underwater","",2016-08-09 16:25:29
7,"7.slow",15,"15.Travelling","30661","2016-08-09 16:25:29",2.15,-0.208,0.5,0.904,"slow","Travelling","water","underwater","",2016-08-09 16:25:29
7,"7.slow",15,"15.Travelling","30662","2016-08-09 16:25:29",2.09,-0.192,0.504,0.892,"slow","Travelling","water","underwater","",2016-08-09 16:25:29
7,"7.slow",15,"15.Travelling","30663","2016-08-09 16:25:29",2.09,-0.156,0.496,0.92,"slow","Travelling","water","underwater","",2016-08-09 16:25:29
7,"7.slow",15,"15.Travelling","30664","2016-08-09 16:25:29",2.09,-0.164,0.396,0.94,"slow","Travelling","water","underwater","",2016-08-09 16:25:29
7,"7.slow",15,"15.Travelling","30665","2016-08-09 16:25:29",2.06,-0.18,0.332,0.892,"slow","Travelling","water","underwater","",2016-08-09 16:25:29
7,"7.slow",15,"15.Travelling","30666","2016-08-09 16:25:29",2.09,-0.144,0.384,0.864,"slow","Travelling","water","underwater","",2016-08-09 16:25:29
7,"7.slow",15,"15.Travelling","30667","2016-08-09 16:25:29",2.06,-0.148,0.38,0.904,"slow","Travelling","water","underwater","",2016-08-09 16:25:29
7,"7.slow",15,"15.Travelling","30668","2016-08-09 16:25:29",2.06,-0.132,0.344,0.892,"slow","Travelling","water","underwater","",2016-08-09 16:25:29
7,"7.slow",15,"15.Travelling","30669","2016-08-09 16:25:29",2.06,-0.16,0.308,0.84,"slow","Travelling","water","underwater","",2016-08-09 16:25:29
7,"7.slow",15,"15.Travelling","30670","2016-08-09 16:25:29",2.06,-0.168,0.312,0.884,"slow","Travelling","water","underwater","",2016-08-09 16:25:29
7,"7.slow",15,"15.Travelling","30671","2016-08-09 16:25:29",2.06,-0.156,0.32,0.884,"slow","Travelling","water","underwater","",2016-08-09 16:25:29
7,"7.slow",15,"15.Travelling","30672","2016-08-09 16:25:29",2.03,-0.132,0.272,0.92,"slow","Travelling","water","underwater","",2016-08-09 16:25:29
7,"7.slow",15,"15.Travelling","30673","2016-08-09 16:25:29",2.03,-0.124,0.236,0.96,"slow","Travelling","water","underwater","",2016-08-09 16:25:29
7,"7.slow",15,"15.Travelling","30674","2016-08-09 16:25:29",2.06,-0.096,0.252,0.94,"slow","Travelling","water","underwater","",2016-08-09 16:25:29
7,"7.slow",15,"15.Travelling","30675","2016-08-09 16:25:30",2,-0.072,0.244,0.924,"slow","Travelling","water","underwater","",2016-08-09 16:25:30
7,"7.slow",15,"15.Travelling","30676","2016-08-09 16:25:30",2,-0.088,0.26,0.948,"slow","Travelling","water","underwater","",2016-08-09 16:25:30
7,"7.slow",15,"15.Travelling","30677","2016-08-09 16:25:30",2,-0.08,0.224,0.948,"slow","Travelling","water","underwater","",2016-08-09 16:25:30
7,"7.slow",15,"15.Travelling","30678","2016-08-09 16:25:30",1.96,-0.076,0.196,0.948,"slow","Travelling","water","underwater","",2016-08-09 16:25:30
7,"7.slow",15,"15.Travelling","30679","2016-08-09 16:25:30",2.03,-0.02,0.196,0.964,"slow","Travelling","water","underwater","",2016-08-09 16:25:30
7,"7.slow",15,"15.Travelling","30680","2016-08-09 16:25:30",2,-0.072,0.156,0.932,"slow","Travelling","water","underwater","",2016-08-09 16:25:30
7,"7.slow",15,"15.Travelling","30681","2016-08-09 16:25:30",1.96,-0.052,0.232,0.956,"slow","Travelling","water","underwater","",2016-08-09 16:25:30
7,"7.slow",15,"15.Travelling","30682","2016-08-09 16:25:30",1.96,-0.068,0.216,0.956,"slow","Travelling","water","underwater","",2016-08-09 16:25:30
7,"7.slow",15,"15.Travelling","30683","2016-08-09 16:25:30",1.9,-0.06,0.244,0.964,"slow","Travelling","water","underwater","",2016-08-09 16:25:30
7,"7.slow",15,"15.Travelling","30684","2016-08-09 16:25:30",1.9,-0.052,0.32,0.968,"slow","Travelling","water","underwater","",2016-08-09 16:25:30
7,"7.slow",15,"15.Travelling","30685","2016-08-09 16:25:30",1.9,-0.032,0.256,0.916,"slow","Travelling","water","underwater","",2016-08-09 16:25:30
7,"7.slow",15,"15.Travelling","30686","2016-08-09 16:25:30",1.9,-0.04,0.204,0.836,"slow","Travelling","water","underwater","",2016-08-09 16:25:30
7,"7.slow",15,"15.Travelling","30687","2016-08-09 16:25:30",1.9,-0.052,0.188,0.872,"slow","Travelling","water","underwater","",2016-08-09 16:25:30
7,"7.slow",15,"15.Travelling","30688","2016-08-09 16:25:30",1.9,-0.056,0.144,0.888,"slow","Travelling","water","underwater","",2016-08-09 16:25:30
7,"7.slow",15,"15.Travelling","30689","2016-08-09 16:25:30",1.87,-0.02,0.1,0.932,"slow","Travelling","water","underwater","",2016-08-09 16:25:30
7,"7.slow",15,"15.Travelling","30690","2016-08-09 16:25:30",1.84,-0.02,0.044,0.924,"slow","Travelling","water","underwater","",2016-08-09 16:25:30
7,"7.slow",15,"15.Travelling","30691","2016-08-09 16:25:30",1.84,-0.056,0.064,0.9,"slow","Travelling","water","underwater","",2016-08-09 16:25:30
7,"7.slow",15,"15.Travelling","30692","2016-08-09 16:25:30",1.81,-0.028,0.1,0.924,"slow","Travelling","water","underwater","",2016-08-09 16:25:30
7,"7.slow",15,"15.Travelling","30693","2016-08-09 16:25:30",1.81,-0.016,0.06,0.952,"slow","Travelling","water","underwater","",2016-08-09 16:25:30
7,"7.slow",15,"15.Travelling","30694","2016-08-09 16:25:30",1.81,-0.02,0.024,0.928,"slow","Travelling","water","underwater","",2016-08-09 16:25:30
7,"7.slow",15,"15.Travelling","30695","2016-08-09 16:25:30",1.81,-0.036,0.028,0.912,"slow","Travelling","water","underwater","",2016-08-09 16:25:30
7,"7.slow",15,"15.Travelling","30696","2016-08-09 16:25:30",1.81,-0.024,0.012,0.928,"slow","Travelling","water","underwater","",2016-08-09 16:25:30
7,"7.slow",15,"15.Travelling","30697","2016-08-09 16:25:30",1.75,-0.044,-0.004,0.924,"slow","Travelling","water","underwater","",2016-08-09 16:25:30
7,"7.slow",15,"15.Travelling","30698","2016-08-09 16:25:30",1.81,-0.044,0,0.932,"slow","Travelling","water","underwater","",2016-08-09 16:25:30
7,"7.slow",15,"15.Travelling","30699","2016-08-09 16:25:31",1.75,-0.012,-0.008,0.948,"slow","Travelling","water","underwater","",2016-08-09 16:25:31
7,"7.slow",15,"15.Travelling","30700","2016-08-09 16:25:31",1.75,-0.02,-0.028,0.896,"slow","Travelling","water","underwater","",2016-08-09 16:25:31
7,"7.slow",15,"15.Travelling","30701","2016-08-09 16:25:31",1.68,-0.004,-0.084,0.892,"slow","Travelling","water","underwater","",2016-08-09 16:25:31
7,"7.slow",15,"15.Travelling","30702","2016-08-09 16:25:31",1.71,-0.028,-0.12,0.892,"slow","Travelling","water","underwater","",2016-08-09 16:25:31
7,"7.slow",15,"15.Travelling","30703","2016-08-09 16:25:31",1.68,-0.072,-0.072,0.888,"slow","Travelling","water","underwater","",2016-08-09 16:25:31
7,"7.slow",15,"15.Travelling","30704","2016-08-09 16:25:31",1.68,-0.052,-0.024,0.908,"slow","Travelling","water","underwater","",2016-08-09 16:25:31
7,"7.slow",15,"15.Travelling","30705","2016-08-09 16:25:31",1.68,-0.06,-0.016,0.908,"slow","Travelling","water","underwater","",2016-08-09 16:25:31
7,"7.slow",15,"15.Travelling","30706","2016-08-09 16:25:31",1.68,-0.08,-0.004,0.928,"slow","Travelling","water","underwater","",2016-08-09 16:25:31
7,"7.slow",15,"15.Travelling","30707","2016-08-09 16:25:31",1.68,-0.08,0.016,0.924,"slow","Travelling","water","underwater","",2016-08-09 16:25:31
7,"7.slow",15,"15.Travelling","30708","2016-08-09 16:25:31",1.62,-0.1,0.056,0.916,"slow","Travelling","water","underwater","",2016-08-09 16:25:31
7,"7.slow",15,"15.Travelling","30709","2016-08-09 16:25:31",1.62,-0.1,0.036,0.94,"slow","Travelling","water","underwater","",2016-08-09 16:25:31
7,"7.slow",15,"15.Travelling","30710","2016-08-09 16:25:31",1.62,-0.088,0.016,0.932,"slow","Travelling","water","underwater","",2016-08-09 16:25:31
7,"7.slow",15,"15.Travelling","30711","2016-08-09 16:25:31",1.62,-0.084,-0.004,0.932,"slow","Travelling","water","underwater","",2016-08-09 16:25:31
7,"7.slow",15,"15.Travelling","30712","2016-08-09 16:25:31",1.59,-0.068,-0.044,0.916,"slow","Travelling","water","underwater","",2016-08-09 16:25:31
7,"7.slow",15,"15.Travelling","30713","2016-08-09 16:25:31",1.59,-0.076,-0.056,0.928,"slow","Travelling","water","underwater","",2016-08-09 16:25:31
7,"7.slow",15,"15.Travelling","30714","2016-08-09 16:25:31",1.59,0,-0.088,0.956,"slow","Travelling","water","underwater","",2016-08-09 16:25:31
7,"7.slow",15,"15.Travelling","30715","2016-08-09 16:25:31",1.56,0.008,-0.084,0.972,"slow","Travelling","water","underwater","",2016-08-09 16:25:31
7,"7.slow",15,"15.Travelling","30716","2016-08-09 16:25:31",1.56,0.004,-0.136,0.952,"slow","Travelling","water","underwater","",2016-08-09 16:25:31
7,"7.slow",15,"15.Travelling","30717","2016-08-09 16:25:31",1.56,0.024,-0.212,0.936,"slow","Travelling","water","underwater","",2016-08-09 16:25:31
7,"7.slow",15,"15.Travelling","30718","2016-08-09 16:25:31",1.56,0.032,-0.208,0.936,"slow","Travelling","water","underwater","",2016-08-09 16:25:31
7,"7.slow",15,"15.Travelling","30719","2016-08-09 16:25:31",1.53,0.02,-0.24,0.944,"slow","Travelling","water","underwater","",2016-08-09 16:25:31
7,"7.slow",15,"15.Travelling","30720","2016-08-09 16:25:31",1.5,0.008,-0.228,0.912,"slow","Travelling","water","underwater","",2016-08-09 16:25:31
7,"7.slow",15,"15.Travelling","30721","2016-08-09 16:25:31",1.5,0.048,-0.252,0.936,"slow","Travelling","water","underwater","",2016-08-09 16:25:31
7,"7.slow",15,"15.Travelling","30722","2016-08-09 16:25:31",1.5,0.036,-0.204,0.928,"slow","Travelling","water","underwater","",2016-08-09 16:25:31
7,"7.slow",15,"15.Travelling","30723","2016-08-09 16:25:32",1.46,0.036,-0.232,0.948,"slow","Travelling","water","underwater","",2016-08-09 16:25:32
7,"7.slow",15,"15.Travelling","30724","2016-08-09 16:25:32",1.43,0.068,-0.196,0.904,"slow","Travelling","water","underwater","",2016-08-09 16:25:32
7,"7.slow",15,"15.Travelling","30725","2016-08-09 16:25:32",1.37,0.076,-0.156,0.912,"slow","Travelling","water","underwater","",2016-08-09 16:25:32
7,"7.slow",15,"15.Travelling","30726","2016-08-09 16:25:32",1.37,0.116,-0.112,0.936,"slow","Travelling","water","underwater","",2016-08-09 16:25:32
7,"7.slow",15,"15.Travelling","30727","2016-08-09 16:25:32",1.37,0.14,-0.1,0.94,"slow","Travelling","water","underwater","",2016-08-09 16:25:32
7,"7.slow",15,"15.Travelling","30728","2016-08-09 16:25:32",1.34,0.164,-0.088,0.932,"slow","Travelling","water","underwater","",2016-08-09 16:25:32
7,"7.slow",15,"15.Travelling","30729","2016-08-09 16:25:32",1.31,0.172,-0.06,0.904,"slow","Travelling","water","underwater","",2016-08-09 16:25:32
7,"7.slow",15,"15.Travelling","30730","2016-08-09 16:25:32",1.28,0.176,-0.016,0.936,"slow","Travelling","water","underwater","",2016-08-09 16:25:32
7,"7.slow",15,"15.Travelling","30731","2016-08-09 16:25:32",1.25,0.192,0.004,0.96,"slow","Travelling","water","underwater","",2016-08-09 16:25:32
7,"7.slow",15,"15.Travelling","30732","2016-08-09 16:25:32",1.21,0.232,0.02,0.968,"slow","Travelling","water","underwater","",2016-08-09 16:25:32
7,"7.slow",15,"15.Travelling","30733","2016-08-09 16:25:32",1.18,0.248,0.036,0.972,"slow","Travelling","water","underwater","",2016-08-09 16:25:32
7,"7.slow",15,"15.Travelling","30734","2016-08-09 16:25:32",1.18,0.212,0.06,0.924,"slow","Travelling","water","underwater","",2016-08-09 16:25:32
7,"7.slow",15,"15.Travelling","30735","2016-08-09 16:25:32",1.15,0.18,0.1,0.916,"slow","Travelling","water","underwater","",2016-08-09 16:25:32
7,"7.slow",15,"15.Travelling","30736","2016-08-09 16:25:32",1.15,0.228,0.124,0.964,"slow","Travelling","water","underwater","",2016-08-09 16:25:32
7,"7.slow",15,"15.Travelling","30737","2016-08-09 16:25:32",1.15,0.296,0.204,1.024,"slow","Travelling","water","underwater","",2016-08-09 16:25:32
7,"7.slow",15,"15.Travelling","30738","2016-08-09 16:25:32",1.12,0.372,0.236,1.008,"slow","Travelling","water","underwater","",2016-08-09 16:25:32
7,"7.slow",15,"15.Travelling","30739","2016-08-09 16:25:32",1.12,0.444,0.212,1.016,"slow","Travelling","water","underwater","",2016-08-09 16:25:32
7,"7.slow",15,"15.Travelling","30740","2016-08-09 16:25:32",1.09,0.524,0.108,1.008,"slow","Travelling","water","underwater","",2016-08-09 16:25:32
7,"7.slow",15,"15.Travelling","30741","2016-08-09 16:25:32",1.06,0.64,0.02,1.04,"slow","Travelling","water","underwater","",2016-08-09 16:25:32
7,"7.slow",15,"15.Travelling","30742","2016-08-09 16:25:32",1,0.708,-0.008,1.036,"slow","Travelling","water","surface","",2016-08-09 16:25:32
NA,"NA.slow",NA,"NA.Travelling","30743","2016-08-09 16:25:32",0.93,0.8,-0.032,1.068,"slow","Travelling","","underwater","",2016-08-09 16:25:32
